
$orca_hessian_file

$act_atom
  0

$act_coord
  0

$act_energy
        0.000000

$multiplicity
  1

$hessian
39
                    0                  1                  2                  3                  4        
    0      6.7918887285E-01   4.7330276706E-02  -1.4093808450E-04  -3.4894877244E-01  -5.5553143262E-03
    1      4.7330276706E-02   7.2195826847E-01   1.0525671169E-05  -6.3218034662E-02  -1.3725590073E-01
    2     -1.4093808450E-04   1.0525671169E-05   1.2814398254E-01   6.9999178221E-05   8.3511504695E-08
    3     -3.4894877244E-01  -6.3218034662E-02   6.9999178221E-05   7.2102516844E-01  -4.4534090161E-02
    4     -5.5553143262E-03  -1.3725590073E-01   8.3511504695E-08  -4.4534090161E-02   6.8948666197E-01
    5      5.9443191757E-05   1.7735339728E-05  -6.2834532177E-02  -9.8889020994E-05   2.7196808302E-05
    6     -1.3487168175E-02  -3.9728358350E-02   7.9737082300E-07  -1.3749540556E-01  -6.9224987240E-02
    7     -7.4100735502E-02   1.4550849248E-02   2.2405197856E-05  -2.8047324917E-02  -2.9896187792E-01
    8      6.5584658812E-06   4.2437803413E-07   8.7846813946E-03  -7.1011034425E-06   9.6110004573E-06
    9     -5.9207740892E-02   3.0485646262E-02   1.4769816330E-05   6.0498857728E-02   4.2635888122E-02
   10      1.5058721373E-02  -6.8650020153E-03  -6.9014384018E-06   4.3866662509E-03  -5.2090771970E-02
   11      7.4339945302E-06  -8.7670662977E-06  -1.0995042747E-02  -1.4164215463E-05  -2.1498761873E-05
   12      6.7822820396E-02  -1.3063215658E-02  -1.2040526772E-05  -4.0617669141E-02  -4.0361945264E-02
   13      4.3685217491E-02  -7.1127411922E-02  -1.8265829786E-05  -3.8456266990E-02  -2.6650854866E-02
   14      7.6256798924E-07  -4.4941439021E-06   2.4416507515E-02  -1.5266737942E-06   1.0913487584E-05
   15     -2.0824663137E-01   1.1831990504E-01   4.6260729680E-05  -4.2850825596E-02   2.1947562331E-02
   16      5.1085977807E-02  -2.3538652063E-01  -2.0325413923E-05   6.4977860689E-02   5.3286127727E-02
   17      4.1238591944E-05  -4.3059750977E-05  -7.0609709571E-02   1.9102465905E-05  -1.1755065219E-06
   18      9.9782247347E-03  -1.9473066943E-03  -8.4193626103E-06  -2.1659584568E-02  -2.7372435947E-02
   19     -5.2352660822E-03  -7.2165202641E-03  -3.9138016548E-06  -3.3917672083E-02   2.4642397561E-03
   20      8.3245843580E-06   5.6425387002E-06   9.1871181590E-03  -5.7723340341E-06  -1.4665767346E-05
   21     -1.4698196263E-03   1.5085722684E-03   5.0928011311E-06   4.9754514258E-03   8.3478386944E-03
   22      3.7190613243E-03   1.4901281771E-03  -3.5155082350E-07  -3.8030145638E-03  -8.8131698552E-03
   23     -5.2819175949E-06   2.5456513529E-07  -1.6305049188E-03   8.7533556458E-06   1.4862342328E-05
   24     -9.7544473008E-02  -9.6162296874E-02   1.5837487883E-05  -6.9042847577E-03  -3.0670883529E-02
   25     -9.6145737830E-02  -2.9658028974E-01   2.3323919602E-05  -8.7157100628E-05  -1.0271585325E-04
   26      1.6174567975E-05   2.6405817583E-05  -3.6523715038E-02   1.8543929245E-06   8.1503649256E-06
   27     -1.3494217050E-02   2.3965340908E-02   1.5683555511E-06  -1.7764412278E-01   1.3714752980E-01
   28     -5.2670480448E-03   9.0379784919E-03   1.8682039289E-06   1.3686273568E-01  -2.1612877770E-01
   29      3.8190844979E-06  -5.6002866453E-06   6.3522914092E-03   2.0642679500E-05  -2.4319386725E-05
   30     -8.4486179309E-04  -2.8142749869E-04  -3.4124504560E-07  -3.1511690994E-03   2.9936895027E-03
   31      6.2511839239E-04   4.3566946640E-04   3.5853930896E-07   4.3971918550E-03  -2.2118245786E-03
   32     -1.1248511734E-07  -2.5791043571E-07  -1.1523278472E-03   4.6406183600E-06  -8.5199408378E-07
   33     -1.4123519075E-02  -5.0448129463E-03   5.0969162871E-06  -1.0413181020E-03   3.9506262535E-03
   34      2.4387376109E-02   7.5288048001E-03  -8.5669256737E-06   3.2309617454E-03  -4.1999582491E-03
   35      6.5901835470E-06   2.6577487978E-06   8.1484613451E-03   2.6562901057E-08  -2.2960675717E-06
   36      3.7728544125E-04  -2.0648647707E-03   5.6256482280E-07  -6.1863255568E-03   6.6084571144E-04
   37      3.1292885564E-04  -5.7005334124E-04  -8.4761855430E-07  -1.7561796948E-03   1.1788222688E-03
   38     -2.2587470724E-06  -8.5936544186E-07  -1.2872100640E-03   1.6561140160E-06  -4.1219396242E-06
                    5                  6                  7                  8                  9        
    0      5.9443191757E-05  -1.3487168175E-02  -7.4100735502E-02   6.5584658812E-06  -5.9207740892E-02
    1      1.7735339728E-05  -3.9728358350E-02   1.4550849248E-02   4.2437803413E-07   3.0485646262E-02
    2     -6.2834532177E-02   7.9737082300E-07   2.2405197856E-05   8.7846813946E-03   1.4769816330E-05
    3     -9.8889020994E-05  -1.3749540556E-01  -2.8047324917E-02  -7.1011034425E-06   6.0498857728E-02
    4      2.7196808302E-05  -6.9224987240E-02  -2.9896187792E-01   9.6110004573E-06   4.2635888122E-02
    5      1.4494311891E-01   1.7864914914E-06  -1.8703341616E-06  -6.7108698153E-02  -7.6939538023E-06
    6      1.7864914914E-06   6.3437641341E-01  -8.0448466743E-03   3.7477819546E-05  -1.8936831061E-01
    7     -1.8703341616E-06  -8.0448466743E-03   6.9476770643E-01   1.5349014216E-05   5.7693088501E-02
    8     -6.7108698153E-02   3.7477819546E-05   1.5349014216E-05   1.3333381227E-01   6.1179005481E-05
    9     -7.6939538023E-06  -1.8936831061E-01   5.7693088501E-02   6.1179005481E-05   6.5811116708E-01
   10     -5.2807240713E-06   1.0621344982E-01  -2.4421762891E-01  -4.7262915269E-05   3.4689948824E-02
   11      8.7632867071E-03   7.3413813707E-05  -4.5194470441E-05  -7.0935407209E-02  -1.6274429545E-04
   12      9.6672826900E-06  -6.5802592281E-02   6.0304309277E-02   2.6635823566E-05  -3.2872280520E-01
   13      7.7433121826E-06   7.1254664668E-03   5.2492288103E-02  -1.0015718310E-05  -1.6861615140E-02
   14     -1.0502299161E-02   2.4040548820E-05  -6.6886151316E-06   2.6515209538E-02   9.8778795452E-05
   15      1.0612282528E-05  -4.5452660389E-04   4.4706176841E-03  -4.6580892196E-06  -3.4816323474E-02
   16     -1.4139230253E-05   1.9618695764E-02  -6.2115750937E-02   7.7872978937E-08  -1.0017828021E-01
   17      8.5783355553E-03  -1.7191090829E-06  -8.9370517671E-06  -1.2184667020E-02   2.8819957942E-06
   18     -1.1330453886E-05  -1.7214305307E-01  -3.4100937995E-02  -1.0733455313E-05  -3.5969661304E-02
   19      9.0941221226E-06  -5.9007626009E-02  -1.2989124136E-01   1.7519004410E-05   2.7872711771E-02
   20      2.2773956721E-03  -1.9997405353E-05  -2.4895401477E-05  -7.4842551701E-02  -1.3195816747E-07
   21      8.1985541765E-07  -6.8684150373E-02   3.7902809785E-02  -1.0830448678E-04   9.5553868311E-04
   22     -1.1341866995E-05   3.3999404673E-02   1.9130463878E-02   2.0902572082E-05  -6.1369371464E-03
   23     -4.6953106506E-04  -9.9151031955E-05   4.6893352860E-05   1.9061483872E-02  -2.7292633028E-06
   24      1.1297628925E-06  -6.0293671752E-03   2.4456677551E-04   1.2811612088E-06  -2.1162966299E-03
   25     -2.3979813559E-06  -6.3300676546E-04   2.3792328078E-03  -5.9044930733E-07   1.8797646427E-03
   26      2.6877894402E-03   4.1977045860E-06  -2.0829469314E-06   9.2741968792E-03  -2.4009638996E-07
   27      2.8541182286E-05   1.2385026544E-02  -6.0790414321E-03  -3.1932572769E-06  -6.2688147935E-06
   28     -2.1920394984E-05   2.0485329131E-02  -1.9456960917E-02  -5.0722133627E-06  -4.2465174861E-03
   29     -4.2482469522E-02   9.5443206397E-06   5.1132826318E-06   5.3064400757E-03   5.7337047782E-07
   30      2.6963901587E-06   1.0385607806E-02   1.7246110315E-02   1.5007453481E-06  -7.3054235306E-02
   31     -3.6859033044E-06  -7.7879824609E-03  -1.9041176348E-02  -3.1107511111E-06  -6.5213672361E-02
   32      6.4720706081E-03  -9.9926152298E-06  -1.3185283055E-05   7.0108816388E-03   4.7141083352E-06
   33      3.5742935146E-06   7.3888509128E-04   5.0040329461E-04  -1.1623532448E-06   2.4970926387E-03
   34     -1.8137177017E-06  -4.2372952293E-04  -1.1710621323E-03   3.9761753321E-07  -3.3437555460E-03
   35      6.9576164251E-03   2.6490160378E-06  -2.1422717979E-06  -1.1403376870E-03   1.1329031575E-06
   36      4.2067619993E-07  -4.4213590036E-03  -2.8148846518E-02  -2.1884217118E-06   1.1989860964E-03
   37     -1.2075208640E-06  -2.4319814273E-03  -8.4648419463E-03   6.0317026298E-06   8.7767545037E-04
   38      2.7179167613E-03  -2.0338778070E-05   1.0974412217E-05   1.6924956103E-02  -6.7795606961E-06
                   10                 11                 12                 13                 14        
    0      1.5058721373E-02   7.4339945302E-06   6.7822820396E-02   4.3685217491E-02   7.6256798924E-07
    1     -6.8650020153E-03  -8.7670662977E-06  -1.3063215658E-02  -7.1127411922E-02  -4.4941439021E-06
    2     -6.9014384018E-06  -1.0995042747E-02  -1.2040526772E-05  -1.8265829786E-05   2.4416507515E-02
    3      4.3866662509E-03  -1.4164215463E-05  -4.0617669141E-02  -3.8456266990E-02  -1.5266737942E-06
    4     -5.2090771970E-02  -2.1498761873E-05  -4.0361945264E-02  -2.6650854866E-02   1.0913487584E-05
    5     -5.2807240713E-06   8.7632867071E-03   9.6672826900E-06   7.7433121826E-06  -1.0502299161E-02
    6      1.0621344982E-01   7.3413813707E-05  -6.5802592281E-02   7.1254664668E-03   2.4040548820E-05
    7     -2.4421762891E-01  -4.5194470441E-05   6.0304309277E-02   5.2492288103E-02  -6.6886151316E-06
    8     -4.7262915269E-05  -7.0935407209E-02   2.6635823566E-05  -1.0015718310E-05   2.6515209538E-02
    9      3.4689948824E-02  -1.6274429545E-04  -3.2872280520E-01  -1.6861615140E-02   9.8778795452E-05
   10      7.3022459438E-01   6.3804452410E-05  -3.8032407602E-02  -1.2650428158E-01  -3.9119997412E-06
   11      6.3804452410E-05   1.6171284925E-01   9.3495865255E-05  -7.8561477313E-06  -6.8683919400E-02
   12     -3.8032407602E-02   9.3495865255E-05   5.4126789141E-01   1.1332145200E-01  -1.2811669423E-04
   13     -1.2650428158E-01  -7.8561477313E-06   1.1332145200E-01   4.9672561580E-01   3.7566438928E-05
   14     -3.9119997412E-06  -6.8683919400E-02  -1.2811669423E-04   3.7566438928E-05   9.2371981829E-02
   15     -5.3563088528E-02   6.2379859221E-06  -1.4435866630E-01  -7.0917078678E-02   7.0667261394E-06
   16     -8.7285757135E-03   3.4531899186E-05  -4.7335881643E-02  -3.0799455514E-01  -4.4477972847E-05
   17      1.4865035217E-05   3.1930412271E-03   1.1342153922E-05  -1.5539070230E-05  -6.7887144357E-02
   18      1.3386885833E-02  -1.3000984940E-05   7.6060982565E-03   3.9227200203E-03  -8.5838304443E-06
   19      1.3847504443E-02   9.7871522386E-06   8.5895880993E-03  -4.0634083592E-03  -1.1329012648E-05
   20      2.2459998214E-05  -3.4289255709E-03   1.1660013962E-05  -9.4866557352E-06   1.0593503728E-02
   21     -1.2970887342E-02  -5.0346278726E-06  -7.4386431856E-03   3.6591709174E-04   1.1592467519E-05
   22      2.9102834552E-03  -4.2964375804E-06   1.0537672306E-03   1.7155800439E-03   1.0217924284E-06
   23     -2.5998625212E-05   4.2693807311E-03  -9.6023274627E-06   7.0220744982E-06  -3.0713759172E-03
   24      6.2997221155E-04   5.5824450891E-07  -1.3698577044E-03   4.8139247141E-03   3.8810003180E-06
   25      1.0580151325E-03  -1.3412698788E-06   4.0975970735E-03  -3.9264673030E-03   5.3017578310E-07
   26     -9.0350014496E-08  -3.9251645465E-04   2.6070466954E-06  -1.5832691525E-06   7.8080921700E-03
   27     -2.6623245538E-03   3.2265614512E-06  -2.4630486562E-04  -6.7968404358E-04  -3.8387408599E-06
   28     -4.6610535472E-03  -1.6030029510E-06  -4.2031912802E-04   3.8565689643E-04   3.6223182871E-06
   29      1.2638526197E-07   7.9170006957E-03  -9.1976967981E-07  -6.0287042919E-07  -4.5114812762E-03
   30     -6.3388408719E-02   1.8136252629E-06  -1.9452757338E-02  -3.5677088129E-02  -1.5079966312E-06
   31     -2.9997957866E-01  -1.3385730109E-05  -9.9872642420E-03  -2.0210603614E-04   5.3775385822E-06
   32     -1.3304775973E-05  -4.1674464847E-02   4.1180109559E-07   1.2200546373E-05  -3.3964753622E-03
   33     -1.0598309076E-03   5.5800839599E-06  -8.6082470143E-03  -1.1487440541E-02  -1.6836083388E-06
   34     -4.3669165369E-03  -1.8227773568E-06  -3.7312896354E-02  -1.1336408429E-02   1.1055271004E-05
   35      6.1155432634E-07   1.1134410891E-02  -5.4253151448E-06  -3.1925416920E-06  -3.0090792578E-03
   36     -2.8426423421E-03  -5.2691808791E-07  -7.9267039071E-05   8.4966141197E-04   9.7612227012E-07
   37     -6.2658847646E-04  -1.5684518696E-06  -8.5796945714E-04   4.8635278230E-04  -3.2184373465E-07
   38      9.4015507067E-08  -8.7969327652E-04  -1.5560381025E-06   3.1462964911E-06  -6.4352004748E-04
                   15                 16                 17                 18                 19        
    0     -2.0824663137E-01   5.1085977807E-02   4.1238591944E-05   9.9782247347E-03  -5.2352660822E-03
    1      1.1831990504E-01  -2.3538652063E-01  -4.3059750977E-05  -1.9473066943E-03  -7.2165202641E-03
    2      4.6260729680E-05  -2.0325413923E-05  -7.0609709571E-02  -8.4193626103E-06  -3.9138016548E-06
    3     -4.2850825596E-02   6.4977860689E-02   1.9102465905E-05  -2.1659584568E-02  -3.3917672083E-02
    4      2.1947562331E-02   5.3286127727E-02  -1.1755065219E-06  -2.7372435947E-02   2.4642397561E-03
    5      1.0612282528E-05  -1.4139230253E-05   8.5783355553E-03  -1.1330453886E-05   9.0941221226E-06
    6     -4.5452660389E-04   1.9618695764E-02  -1.7191090829E-06  -1.7214305307E-01  -5.9007626009E-02
    7      4.4706176841E-03  -6.2115750937E-02  -8.9370517671E-06  -3.4100937995E-02  -1.2989124136E-01
    8     -4.6580892196E-06   7.7872978937E-08  -1.2184667020E-02  -1.0733455313E-05   1.7519004410E-05
    9     -3.4816323474E-02  -1.0017828021E-01   2.8819957942E-06  -3.5969661304E-02   2.7872711771E-02
   10     -5.3563088528E-02  -8.7285757135E-03   1.4865035217E-05   1.3386885833E-02   1.3847504443E-02
   11      6.2379859221E-06   3.4531899186E-05   3.1930412271E-03  -1.3000984940E-05   9.7871522386E-06
   12     -1.4435866630E-01  -4.7335881643E-02   1.1342153922E-05   7.6060982565E-03   8.5895880993E-03
   13     -7.0917078678E-02  -3.0799455514E-01  -1.5539070230E-05   3.9227200203E-03  -4.0634083592E-03
   14      7.0667261394E-06  -4.4477972847E-05  -6.7887144357E-02  -8.5838304443E-06  -1.1329012648E-05
   15      7.5035186841E-01   1.7198079647E-02  -1.7080644730E-04  -1.1737458147E-03   1.3953942355E-03
   16      1.7198079647E-02   6.3537271826E-01   4.3824567576E-05   1.5050027082E-03  -5.9079482247E-03
   17     -1.7080644730E-04   4.3824567576E-05   1.6118177617E-01   3.6152183860E-06  -2.3855796395E-06
   18     -1.1737458147E-03   1.5050027082E-03   3.6152183860E-06   6.9598476042E-01  -1.8243059325E-01
   19      1.3953942355E-03  -5.9079482247E-03  -2.3855796395E-06  -1.8243059325E-01   7.7291157378E-01
   20     -6.3870340848E-06  -1.9367011996E-06  -3.8750566606E-04   7.1020542226E-04  -7.6398917495E-04
   21      6.5264631962E-04   1.9732444016E-03  -5.2255386397E-07  -4.0321696277E-01   3.0121899249E-01
   22     -1.2484769535E-03   1.1721462307E-03   2.0709117317E-06   2.9493668690E-01  -4.0822722786E-01
   23      3.7094123404E-06   1.1055610336E-06  -2.2843260164E-04  -7.2697155795E-04   7.1351023964E-04
   24      1.2653651188E-02   1.8094591521E-02  -2.3156697888E-06   7.8441711618E-04  -2.0577812081E-03
   25     -1.4398616984E-02  -1.7013220187E-02   4.3878994134E-06   5.3559335623E-04  -2.0892204735E-04
   26     -2.3276771192E-06  -7.7323148890E-06   6.5343683623E-04  -8.5315353219E-07   1.9264349288E-06
   27     -5.3611424805E-03  -2.9499351053E-03   1.5813732106E-06   1.0513638549E-04  -2.2188527906E-04
   28     -2.0783706846E-03   1.0993605631E-03   1.6208122350E-06   3.8085053474E-03  -7.6134579839E-04
   29      4.1522810284E-06   1.8838243298E-07   9.6334209319E-03  -6.2735154297E-06   8.3086119526E-06
   30     -4.9161535063E-03  -1.5809277999E-03   4.9784814922E-06   1.0391395673E-03   2.9891630480E-03
   31      4.2144523382E-04   3.1548439426E-03  -3.8377993878E-07  -3.5327367243E-03  -5.6805180565E-04
   32      5.6995966611E-06  -1.8921641601E-07   1.0795291369E-02   4.5195067944E-06   8.6360712914E-07
   33     -3.2164921193E-01  -2.2434864513E-02   9.1372624346E-05  -4.8051255580E-05   1.4896788119E-04
   34     -2.1781908694E-02  -5.7406104703E-02   6.2833835371E-06   1.6229418393E-04   1.8737125096E-05
   35      9.7829995647E-05   8.6587707924E-06  -4.3075559629E-02  -5.5278120229E-07   2.0630421311E-06
   36      1.6906115507E-04   2.0005278198E-04  -2.9267010349E-07  -8.1286717701E-02  -5.9366127082E-02
   37      6.0920307813E-05   4.6747880529E-04   6.7167887429E-07  -6.8851544265E-02  -2.3239738939E-01
   38      2.1537829113E-06  -1.8297539831E-06   3.3771675377E-04   6.4312034819E-05   2.1528421055E-05
                   20                 21                 22                 23                 24        
    0      8.3245843580E-06  -1.4698196263E-03   3.7190613243E-03  -5.2819175949E-06  -9.7544473008E-02
    1      5.6425387002E-06   1.5085722684E-03   1.4901281771E-03   2.5456513529E-07  -9.6162296874E-02
    2      9.1871181590E-03   5.0928011311E-06  -3.5155082350E-07  -1.6305049188E-03   1.5837487883E-05
    3     -5.7723340341E-06   4.9754514258E-03  -3.8030145638E-03   8.7533556458E-06  -6.9042847577E-03
    4     -1.4665767346E-05   8.3478386944E-03  -8.8131698552E-03   1.4862342328E-05  -3.0670883529E-02
    5      2.2773956721E-03   8.1985541765E-07  -1.1341866995E-05  -4.6953106506E-04   1.1297628925E-06
    6     -1.9997405353E-05  -6.8684150373E-02   3.3999404673E-02  -9.9151031955E-05  -6.0293671752E-03
    7     -2.4895401477E-05   3.7902809785E-02   1.9130463878E-02   4.6893352860E-05   2.4456677551E-04
    8     -7.4842551701E-02  -1.0830448678E-04   2.0902572082E-05   1.9061483872E-02   1.2811612088E-06
    9     -1.3195816747E-07   9.5553868311E-04  -6.1369371464E-03  -2.7292633028E-06  -2.1162966299E-03
   10      2.2459998214E-05  -1.2970887342E-02   2.9102834552E-03  -2.5998625212E-05   6.2997221155E-04
   11     -3.4289255709E-03  -5.0346278726E-06  -4.2964375804E-06   4.2693807311E-03   5.5824450891E-07
   12      1.1660013962E-05  -7.4386431856E-03   1.0537672306E-03  -9.6023274627E-06  -1.3698577044E-03
   13     -9.4866557352E-06   3.6591709174E-04   1.7155800439E-03   7.0220744982E-06   4.8139247141E-03
   14      1.0593503728E-02   1.1592467519E-05   1.0217924284E-06  -3.0713759172E-03   3.8810003180E-06
   15     -6.3870340848E-06   6.5264631962E-04  -1.2484769535E-03   3.7094123404E-06   1.2653651188E-02
   16     -1.9367011996E-06   1.9732444016E-03   1.1721462307E-03   1.1055610336E-06   1.8094591521E-02
   17     -3.8750566606E-04  -5.2255386397E-07   2.0709117317E-06  -2.2843260164E-04  -2.3156697888E-06
   18      7.1020542226E-04  -4.0321696277E-01   2.9493668690E-01  -7.2697155795E-04   7.8441711618E-04
   19     -7.6398917495E-04   3.0121899249E-01  -4.0822722786E-01   7.1351023964E-04  -2.0577812081E-03
   20      1.8538914927E-01  -7.2924692607E-04   7.0628579982E-04  -6.1772396341E-02   2.2168997263E-06
   21     -7.2924692607E-04   4.6466076140E-01  -3.5867234197E-01   8.7759591485E-04  -1.6292562721E-04
   22      7.0628579982E-04  -3.5867234197E-01   4.2771069637E-01  -8.3073865238E-04   5.1608695039E-04
   23     -6.1772396341E-02   8.7759591485E-04  -8.3073865238E-04   2.3684139838E-02  -9.5976009304E-07
   24      2.2168997263E-06  -1.6292562721E-04   5.1608695039E-04  -9.5976009304E-07   9.9422404222E-02
   25      1.7441958972E-06  -2.0087515225E-04   1.4127187664E-04  -1.1337741380E-06   1.0509756712E-01
   26      4.1325273390E-04  -4.4453118233E-07  -3.3886691037E-07   1.3887285799E-04  -1.9169181047E-05
   27     -1.3764616964E-06  -8.1312304893E-04  -1.2123146667E-04   1.1799007653E-06   1.2753980415E-03
   28      5.1992645678E-06  -9.4198914208E-04   2.5213084686E-03  -3.0822617255E-06   3.4799552383E-04
   29     -4.1044612035E-03   8.9164347034E-07  -2.7436566642E-06   9.8462876208E-05  -1.0569778430E-06
   30     -3.1714087506E-06   2.3485875013E-04  -1.1817581944E-03   1.9621107141E-06   2.0732186502E-04
   31      7.5175548919E-07   7.0548245585E-04   6.3457837163E-04  -8.5569084203E-07  -2.8177612267E-05
   32     -2.9970841851E-03  -1.5157789151E-06   2.0759285245E-06   2.3792872363E-04  -6.1674995132E-07
   33     -5.9607401640E-07  -1.8862321471E-04  -6.1299419637E-05   5.6465290765E-08   3.8504742752E-04
   34      1.2209012555E-06  -1.9982586387E-04   3.0175753381E-04  -7.9617696904E-07  -5.4581159546E-04
   35     -2.7585122433E-03  -8.6673190184E-07  -6.7017008076E-07   8.4407983509E-04  -8.7183842237E-07
   36      3.8339594923E-05   1.0494991272E-02   3.7039139387E-02  -4.8043530695E-05  -6.0103495729E-04
   37      6.8686180049E-05   2.0923975530E-02  -4.0687816689E-02   7.7702739725E-05  -2.6990454277E-04
   38     -5.7568982650E-02  -5.0574816353E-05   1.1937850289E-04   1.8837892111E-02   2.2874493185E-08
                   25                 26                 27                 28                 29        
    0     -9.6145737830E-02   1.6174567975E-05  -1.3494217050E-02  -5.2670480448E-03   3.8190844979E-06
    1     -2.9658028974E-01   2.6405817583E-05   2.3965340908E-02   9.0379784919E-03  -5.6002866453E-06
    2      2.3323919602E-05  -3.6523715038E-02   1.5683555511E-06   1.8682039289E-06   6.3522914092E-03
    3     -8.7157100628E-05   1.8543929245E-06  -1.7764412278E-01   1.3686273568E-01   2.0642679500E-05
    4     -1.0271585325E-04   8.1503649256E-06   1.3714752980E-01  -2.1612877770E-01  -2.4319386725E-05
    5     -2.3979813559E-06   2.6877894402E-03   2.8541182286E-05  -2.1920394984E-05  -4.2482469522E-02
    6     -6.3300676546E-04   4.1977045860E-06   1.2385026544E-02   2.0485329131E-02   9.5443206397E-06
    7      2.3792328078E-03  -2.0829469314E-06  -6.0790414321E-03  -1.9456960917E-02   5.1132826318E-06
    8     -5.9044930733E-07   9.2741968792E-03  -3.1932572769E-06  -5.0722133627E-06   5.3064400757E-03
    9      1.8797646427E-03  -2.4009638996E-07  -6.2688147935E-06  -4.2465174861E-03   5.7337047782E-07
   10      1.0580151325E-03  -9.0350014496E-08  -2.6623245538E-03  -4.6610535472E-03   1.2638526197E-07
   11     -1.3412698788E-06  -3.9251645465E-04   3.2265614512E-06  -1.6030029510E-06   7.9170006957E-03
   12      4.0975970735E-03   2.6070466954E-06  -2.4630486562E-04  -4.2031912802E-04  -9.1976967981E-07
   13     -3.9264673030E-03  -1.5832691525E-06  -6.7968404358E-04   3.8565689643E-04  -6.0287042919E-07
   14      5.3017578310E-07   7.8080921700E-03  -3.8387408599E-06   3.6223182871E-06  -4.5114812762E-03
   15     -1.4398616984E-02  -2.3276771192E-06  -5.3611424805E-03  -2.0783706846E-03   4.1522810284E-06
   16     -1.7013220187E-02  -7.7323148890E-06  -2.9499351053E-03   1.0993605631E-03   1.8838243298E-07
   17      4.3878994134E-06   6.5343683623E-04   1.5813732106E-06   1.6208122350E-06   9.6334209319E-03
   18      5.3559335623E-04  -8.5315353219E-07   1.0513638549E-04   3.8085053474E-03  -6.2735154297E-06
   19     -2.0892204735E-04   1.9264349288E-06  -2.2188527906E-04  -7.6134579839E-04   8.3086119526E-06
   20      1.7441958972E-06   4.1325273390E-04  -1.3764616964E-06   5.1992645678E-06  -4.1044612035E-03
   21     -2.0087515225E-04  -4.4453118233E-07  -8.1312304893E-04  -9.4198914208E-04   8.9164347034E-07
   22      1.4127187664E-04  -3.3886691037E-07  -1.2123146667E-04   2.5213084686E-03  -2.7436566642E-06
   23     -1.1337741380E-06   1.3887285799E-04   1.1799007653E-06  -3.0822617255E-06   9.8462876208E-05
   24      1.0509756712E-01  -1.9169181047E-05   1.2753980415E-03   3.4799552383E-04  -1.0569778430E-06
   25      3.1327523617E-01  -2.4830936559E-05  -1.3948401187E-04   6.0389597807E-04   5.2977074131E-08
   26     -2.4830936559E-05   2.5567769236E-02  -6.1562644807E-07  -3.3396412973E-07  -4.4432860114E-03
   27     -1.3948401187E-04  -6.1562644807E-07   1.8420308578E-01  -1.4929293634E-01  -3.0270894617E-05
   28      6.0389597807E-04  -3.3396412973E-07  -1.4929293634E-01   2.2789646362E-01   2.0567379285E-05
   29      5.2977074131E-08  -4.4432860114E-03  -3.0270894617E-05   2.0567379285E-05   2.6870682482E-02
   30     -2.1369097428E-04  -6.6002532829E-07   3.2499552631E-04   1.2154054354E-03  -2.4142488134E-07
   31     -1.0580432324E-04   4.6586812825E-07  -7.7990386629E-04  -1.0468358792E-03  -8.6409726246E-07
   32     -9.2145672360E-08  -1.8924700620E-03  -2.2046758253E-07  -8.6241460759E-07   2.6646294974E-05
   33      2.7646082925E-04  -1.0495635749E-06  -7.4756670094E-04  -4.0952750859E-04   3.2477471316E-07
   34      5.3775116943E-04   4.7280117166E-07   1.2864814623E-03   3.2517046426E-04  -1.9733848275E-07
   35     -3.2520837255E-08  -2.8388642505E-03   8.3384211858E-07   9.4155969839E-08  -9.1381846001E-04
   36     -7.8263651405E-05   5.8888855546E-07   1.9103459939E-05  -5.9295677186E-05   1.3690765447E-07
   37     -5.7983680034E-05  -6.4128166621E-07   5.2310682174E-04   1.8513935317E-04  -8.6212580233E-07
   38      5.9255349355E-07  -4.5255833729E-04   1.2617535660E-06   7.3486086054E-07   2.5057170761E-04
                   30                 31                 32                 33                 34        
    0     -8.4486179309E-04   6.2511839239E-04  -1.1248511734E-07  -1.4123519075E-02   2.4387376109E-02
    1     -2.8142749869E-04   4.3566946640E-04  -2.5791043571E-07  -5.0448129463E-03   7.5288048001E-03
    2     -3.4124504560E-07   3.5853930896E-07  -1.1523278472E-03   5.0969162871E-06  -8.5669256737E-06
    3     -3.1511690994E-03   4.3971918550E-03   4.6406183600E-06  -1.0413181020E-03   3.2309617454E-03
    4      2.9936895027E-03  -2.2118245786E-03  -8.5199408378E-07   3.9506262535E-03  -4.1999582491E-03
    5      2.6963901587E-06  -3.6859033044E-06   6.4720706081E-03   3.5742935146E-06  -1.8137177017E-06
    6      1.0385607806E-02  -7.7879824609E-03  -9.9926152298E-06   7.3888509128E-04  -4.2372952293E-04
    7      1.7246110315E-02  -1.9041176348E-02  -1.3185283055E-05   5.0040329461E-04  -1.1710621323E-03
    8      1.5007453481E-06  -3.1107511111E-06   7.0108816388E-03  -1.1623532448E-06   3.9761753321E-07
    9     -7.3054235306E-02  -6.5213672361E-02   4.7141083352E-06   2.4970926387E-03  -3.3437555460E-03
   10     -6.3388408719E-02  -2.9997957866E-01  -1.3304775973E-05  -1.0598309076E-03  -4.3669165369E-03
   11      1.8136252629E-06  -1.3385730109E-05  -4.1674464847E-02   5.5800839599E-06  -1.8227773568E-06
   12     -1.9452757338E-02  -9.9872642420E-03   4.1180109559E-07  -8.6082470143E-03  -3.7312896354E-02
   13     -3.5677088129E-02  -2.0210603614E-04   1.2200546373E-05  -1.1487440541E-02  -1.1336408429E-02
   14     -1.5079966312E-06   5.3775385822E-06  -3.3964753622E-03  -1.6836083388E-06   1.1055271004E-05
   15     -4.9161535063E-03   4.2144523382E-04   5.6995966611E-06  -3.2164921193E-01  -2.1781908694E-02
   16     -1.5809277999E-03   3.1548439426E-03  -1.8921641601E-07  -2.2434864513E-02  -5.7406104703E-02
   17      4.9784814922E-06  -3.8377993878E-07   1.0795291369E-02   9.1372624346E-05   6.2833835371E-06
   18      1.0391395673E-03  -3.5327367243E-03   4.5195067944E-06  -4.8051255580E-05   1.6229418393E-04
   19      2.9891630480E-03  -5.6805180565E-04   8.6360712914E-07   1.4896788119E-04   1.8737125096E-05
   20     -3.1714087506E-06   7.5175548919E-07  -2.9970841851E-03  -5.9607401640E-07   1.2209012555E-06
   21      2.3485875013E-04   7.0548245585E-04  -1.5157789151E-06  -1.8862321471E-04  -1.9982586387E-04
   22     -1.1817581944E-03   6.3457837163E-04   2.0759285245E-06  -6.1299419637E-05   3.0175753381E-04
   23      1.9621107141E-06  -8.5569084203E-07   2.3792872363E-04   5.6465290765E-08  -7.9617696904E-07
   24      2.0732186502E-04  -2.8177612267E-05  -6.1674995132E-07   3.8504742752E-04  -5.4581159546E-04
   25     -2.1369097428E-04  -1.0580432324E-04  -9.2145672360E-08   2.7646082925E-04   5.3775116943E-04
   26     -6.6002532829E-07   4.6586812825E-07  -1.8924700620E-03  -1.0495635749E-06   4.7280117166E-07
   27      3.2499552631E-04  -7.7990386629E-04  -2.2046758253E-07  -7.4756670094E-04   1.2864814623E-03
   28      1.2154054354E-03  -1.0468358792E-03  -8.6241460759E-07  -4.0952750859E-04   3.2517046426E-04
   29     -2.4142488134E-07  -8.6409726246E-07   2.6646294974E-05   3.2477471316E-07  -1.9733848275E-07
   30      8.9954955720E-02   7.9927511096E-02  -7.8820563288E-06  -3.3440875269E-04  -1.2142598480E-03
   31      7.9927511096E-02   3.1829800160E-01   1.2703774113E-05   4.1153724919E-05  -1.2706048078E-04
   32     -7.8820563288E-06   1.2703774113E-05   2.5980472716E-02   2.6328369998E-07   2.6075717715E-07
   33     -3.3440875269E-04   4.1153724919E-05   2.6328369998E-07   3.4312366538E-01   3.5627462520E-02
   34     -1.2142598480E-03  -1.2706048078E-04   2.6075717715E-07   3.5627462520E-02   6.9828890786E-02
   35      1.8145374369E-07   2.8551253369E-08   5.4507915650E-04  -1.0137549071E-04  -6.2524902378E-06
   36     -3.9329343930E-04   1.2654399939E-03   2.5260023102E-07  -3.7444855419E-06   8.6068524697E-05
   37     -8.8792371979E-04   7.5934473219E-04   5.8705688954E-07  -5.7557881416E-06   6.6398652722E-05
   38      5.0998819362E-07   2.6519957302E-06   4.4451796969E-05  -3.5593562609E-07  -2.8635012880E-08
                   35                 36                 37                 38        
     0      6.5901835470E-06   3.7728544125E-04   3.1292885564E-04  -2.2587470724E-06
     1      2.6577487978E-06  -2.0648647707E-03  -5.7005334124E-04  -8.5936544186E-07
     2      8.1484613451E-03   5.6256482280E-07  -8.4761855430E-07  -1.2872100640E-03
     3      2.6562901057E-08  -6.1863255568E-03  -1.7561796948E-03   1.6561140160E-06
     4     -2.2960675717E-06   6.6084571144E-04   1.1788222688E-03  -4.1219396242E-06
     5      6.9576164251E-03   4.2067619993E-07  -1.2075208640E-06   2.7179167613E-03
     6      2.6490160378E-06  -4.4213590036E-03  -2.4319814273E-03  -2.0338778070E-05
     7     -2.1422717979E-06  -2.8148846518E-02  -8.4648419463E-03   1.0974412217E-05
     8     -1.1403376870E-03  -2.1884217118E-06   6.0317026298E-06   1.6924956103E-02
     9      1.1329031575E-06   1.1989860964E-03   8.7767545037E-04  -6.7795606961E-06
    10      6.1155432634E-07  -2.8426423421E-03  -6.2658847646E-04   9.4015507067E-08
    11      1.1134410891E-02  -5.2691808791E-07  -1.5684518696E-06  -8.7969327652E-04
    12     -5.4253151448E-06  -7.9267039071E-05  -8.5796945714E-04  -1.5560381025E-06
    13     -3.1925416920E-06   8.4966141197E-04   4.8635278230E-04   3.1462964911E-06
    14     -3.0090792578E-03   9.7612227012E-07  -3.2184373465E-07  -6.4352004748E-04
    15      9.7829995647E-05   1.6906115507E-04   6.0920307813E-05   2.1537829113E-06
    16      8.6587707924E-06   2.0005278198E-04   4.6747880529E-04  -1.8297539831E-06
    17     -4.3075559629E-02  -2.9267010349E-07   6.7167887429E-07   3.3771675377E-04
    18     -5.5278120229E-07  -8.1286717701E-02  -6.8851544265E-02   6.4312034819E-05
    19      2.0630421311E-06  -5.9366127082E-02  -2.3239738939E-01   2.1528421055E-05
    20     -2.7585122433E-03   3.8339594923E-05   6.8686180049E-05  -5.7568982650E-02
    21     -8.6673190184E-07   1.0494991272E-02   2.0923975530E-02  -5.0574816353E-05
    22     -6.7017008076E-07   3.7039139387E-02  -4.0687816689E-02   1.1937850289E-04
    23      8.4407983509E-04  -4.8043530695E-05   7.7702739725E-05   1.8837892111E-02
    24     -8.7183842237E-07  -6.0103495729E-04  -2.6990454277E-04   2.2874493185E-08
    25     -3.2520837255E-08  -7.8263651405E-05  -5.7983680034E-05   5.9255349355E-07
    26     -2.8388642505E-03   5.8888855546E-07  -6.4128166621E-07  -4.5255833729E-04
    27      8.3384211858E-07   1.9103459939E-05   5.2310682174E-04   1.2617535660E-06
    28      9.4155969839E-08  -5.9295677186E-05   1.8513935317E-04   7.3486086054E-07
    29     -9.1381846001E-04   1.3690765447E-07  -8.6212580233E-07   2.5057170761E-04
    30      1.8145374369E-07  -3.9329343930E-04  -8.8792371979E-04   5.0998819362E-07
    31      2.8551253369E-08   1.2654399939E-03   7.5934473219E-04   2.6519957302E-06
    32      5.4507915650E-04   2.5260023102E-07   5.8705688954E-07   4.4451796969E-05
    33     -1.0137549071E-04  -3.7444855419E-06  -5.7557881416E-06  -3.5593562609E-07
    34     -6.2524902378E-06   8.6068524697E-05   6.6398652722E-05  -2.8635012880E-08
    35      2.5948603998E-02  -1.9721607257E-07   2.5956870273E-07   1.5791987667E-04
    36     -1.9721607257E-07   8.0712314758E-02   5.2410742080E-02   1.0959364968E-05
    37      2.5956870273E-07   5.2410742080E-02   2.7966113692E-01  -1.5037572428E-04
    38      1.5791987667E-04   1.0959364968E-05  -1.5037572428E-04   2.1560539266E-02

$vibrational_frequencies
39
    0        0.0000000000000000
    1        0.0000000000000000
    2        0.0000000000000000
    3        0.0000000000000000
    4        0.0000000000000000
    5        0.0000000000000000
    6      120.0280883887760837
    7      222.4975144979185870
    8      233.4839666017948332
    9      385.4901287768822158
   10      444.0068889815482862
   11      448.7128469715335655
   12      632.0267146082734371
   13      686.4564676723418870
   14      720.9403160722296207
   15      815.4527473601054908
   16      849.4884369958659818
   17      944.1881242661783062
   18      980.0870200640681560
   19     1008.4832078211163662
   20     1026.3696515493284096
   21     1044.6997167019530934
   22     1056.9145324329074356
   23     1125.4711925557846826
   24     1213.7102834328113659
   25     1235.9396358791645980
   26     1306.0312199204486205
   27     1349.6134986310967179
   28     1408.6902835177877478
   29     1453.3681643862901183
   30     1504.5476192272569733
   31     1600.5577670965990364
   32     1617.9916571558624128
   33     1749.0501907125183152
   34     2867.8978712876992176
   35     3117.7099290456731069
   36     3137.2897720492182998
   37     3175.0378713132154189
   38     3187.6102917455941679

$normal_modes
39 39
                    0                  1                  2                  3                  4        
    0      0.0000000000E+00   0.0000000000E+00   0.0000000000E+00   0.0000000000E+00   0.0000000000E+00
    1      0.0000000000E+00   0.0000000000E+00   0.0000000000E+00   0.0000000000E+00   0.0000000000E+00
    2      0.0000000000E+00   0.0000000000E+00   0.0000000000E+00   0.0000000000E+00   0.0000000000E+00
    3      0.0000000000E+00   0.0000000000E+00   0.0000000000E+00   0.0000000000E+00   0.0000000000E+00
    4      0.0000000000E+00   0.0000000000E+00   0.0000000000E+00   0.0000000000E+00   0.0000000000E+00
    5      0.0000000000E+00   0.0000000000E+00   0.0000000000E+00   0.0000000000E+00   0.0000000000E+00
    6      0.0000000000E+00   0.0000000000E+00   0.0000000000E+00   0.0000000000E+00   0.0000000000E+00
    7      0.0000000000E+00   0.0000000000E+00   0.0000000000E+00   0.0000000000E+00   0.0000000000E+00
    8      0.0000000000E+00   0.0000000000E+00   0.0000000000E+00   0.0000000000E+00   0.0000000000E+00
    9      0.0000000000E+00   0.0000000000E+00   0.0000000000E+00   0.0000000000E+00   0.0000000000E+00
   10      0.0000000000E+00   0.0000000000E+00   0.0000000000E+00   0.0000000000E+00   0.0000000000E+00
   11      0.0000000000E+00   0.0000000000E+00   0.0000000000E+00   0.0000000000E+00   0.0000000000E+00
   12      0.0000000000E+00   0.0000000000E+00   0.0000000000E+00   0.0000000000E+00   0.0000000000E+00
   13      0.0000000000E+00   0.0000000000E+00   0.0000000000E+00   0.0000000000E+00   0.0000000000E+00
   14      0.0000000000E+00   0.0000000000E+00   0.0000000000E+00   0.0000000000E+00   0.0000000000E+00
   15      0.0000000000E+00   0.0000000000E+00   0.0000000000E+00   0.0000000000E+00   0.0000000000E+00
   16      0.0000000000E+00   0.0000000000E+00   0.0000000000E+00   0.0000000000E+00   0.0000000000E+00
   17      0.0000000000E+00   0.0000000000E+00   0.0000000000E+00   0.0000000000E+00   0.0000000000E+00
   18      0.0000000000E+00   0.0000000000E+00   0.0000000000E+00   0.0000000000E+00   0.0000000000E+00
   19      0.0000000000E+00   0.0000000000E+00   0.0000000000E+00   0.0000000000E+00   0.0000000000E+00
   20      0.0000000000E+00   0.0000000000E+00   0.0000000000E+00   0.0000000000E+00   0.0000000000E+00
   21      0.0000000000E+00   0.0000000000E+00   0.0000000000E+00   0.0000000000E+00   0.0000000000E+00
   22      0.0000000000E+00   0.0000000000E+00   0.0000000000E+00   0.0000000000E+00   0.0000000000E+00
   23      0.0000000000E+00   0.0000000000E+00   0.0000000000E+00   0.0000000000E+00   0.0000000000E+00
   24      0.0000000000E+00   0.0000000000E+00   0.0000000000E+00   0.0000000000E+00   0.0000000000E+00
   25      0.0000000000E+00   0.0000000000E+00   0.0000000000E+00   0.0000000000E+00   0.0000000000E+00
   26      0.0000000000E+00   0.0000000000E+00   0.0000000000E+00   0.0000000000E+00   0.0000000000E+00
   27      0.0000000000E+00   0.0000000000E+00   0.0000000000E+00   0.0000000000E+00   0.0000000000E+00
   28      0.0000000000E+00   0.0000000000E+00   0.0000000000E+00   0.0000000000E+00   0.0000000000E+00
   29      0.0000000000E+00   0.0000000000E+00   0.0000000000E+00   0.0000000000E+00   0.0000000000E+00
   30      0.0000000000E+00   0.0000000000E+00   0.0000000000E+00   0.0000000000E+00   0.0000000000E+00
   31      0.0000000000E+00   0.0000000000E+00   0.0000000000E+00   0.0000000000E+00   0.0000000000E+00
   32      0.0000000000E+00   0.0000000000E+00   0.0000000000E+00   0.0000000000E+00   0.0000000000E+00
   33      0.0000000000E+00   0.0000000000E+00   0.0000000000E+00   0.0000000000E+00   0.0000000000E+00
   34      0.0000000000E+00   0.0000000000E+00   0.0000000000E+00   0.0000000000E+00   0.0000000000E+00
   35      0.0000000000E+00   0.0000000000E+00   0.0000000000E+00   0.0000000000E+00   0.0000000000E+00
   36      0.0000000000E+00   0.0000000000E+00   0.0000000000E+00   0.0000000000E+00   0.0000000000E+00
   37      0.0000000000E+00   0.0000000000E+00   0.0000000000E+00   0.0000000000E+00   0.0000000000E+00
   38      0.0000000000E+00   0.0000000000E+00   0.0000000000E+00   0.0000000000E+00   0.0000000000E+00
                    5                  6                  7                  8                  9        
    0      0.0000000000E+00  -6.9051827566E-05  -2.0372239007E-01   5.6215097739E-04  -1.1836478539E-04
    1      0.0000000000E+00   2.0908616291E-05   3.2044396610E-03  -1.6537986800E-05   3.8952687585E-05
    2      0.0000000000E+00   4.2877566871E-02  -5.6610204565E-04  -3.8671561964E-02  -2.4825427405E-01
    3      0.0000000000E+00  -3.2595590618E-05  -1.5553509243E-01   4.4882206246E-04  -2.1084888340E-05
    4      0.0000000000E+00   4.8452205904E-05  -1.9476803507E-01   6.0758747050E-04   1.2622765626E-04
    5      0.0000000000E+00   2.4181953620E-01   7.0896630464E-04   1.2342349647E-01   1.5209606641E-01
    6      0.0000000000E+00  -4.8366774066E-05   4.5559367868E-03  -4.7900584890E-05   1.1073485161E-07
    7      0.0000000000E+00   5.3151439823E-05  -2.4086442881E-01   7.3868515915E-04   1.0441863521E-04
    8      0.0000000000E+00   2.4704270389E-01   6.8373575253E-04   8.7342074141E-02   1.3732003673E-01
    9      0.0000000000E+00  -1.4643260617E-04   1.0859073211E-01  -3.3186217252E-04  -2.3065389721E-04
   10      0.0000000000E+00   2.1629968937E-05  -1.4753892770E-01   4.7273512671E-04   9.3555674091E-05
   11      0.0000000000E+00   1.0453522166E-01   1.1122260616E-03   1.3789220622E-01  -1.8855557653E-01
   12      0.0000000000E+00  -2.2568830445E-04   8.8197365703E-02  -3.0275436050E-04  -1.4287394448E-04
   13      0.0000000000E+00   2.4888246647E-05   5.1866961448E-02  -1.8370874987E-04  -4.9296237439E-05
   14      0.0000000000E+00  -1.5704973086E-01   5.0187162224E-04   5.0152710755E-02   1.0662918676E-01
   15      0.0000000000E+00  -1.7773975561E-04  -7.2739807693E-02   1.4415704428E-04  -1.1014639113E-04
