*************************************************
******************* ORCA 6.0.0 ******************
*************************************************
$Calculation_Status
   &GeometryIndex 1
   &ListStatus       OUT
   &VERSION [&Type "String"] "6.0.0"
   &PROGNAME [&Type "String"] "LeanSCF"
   &STATUS [&Type "String"] "NORMAL TERMINATION"
$End
$Geometry
   &GeometryIndex 1
   &ListStatus       OUT
   &NATOMS [&Type "Integer"] 13
   &NCORELESSECP [&Type "Integer"] 0
   &NGHOSTATOMS [&Type "Integer"] 0
   &CartesianCoordinates [&Type "Coordinates", &Dim(13,4), &Units "Bohr"] 
              C      2.525648867217    2.511998915581    0.000308514043
              C     -0.056253167055    2.101718989132    0.000893294142
              C     -0.928899814070   -0.390662448718    0.001027950168
              C      0.845349435848   -2.344867489260    0.000252452861
              N      3.339486404143   -1.975207487030   -0.000440127799
              C      4.137415291436    0.421811913663   -0.000257972184
              C     -3.654518375258   -0.973576553410   -0.000033406012
              O     -5.310139546310    0.610824388372   -0.003752570158
              H      3.302708033694    4.408845526426    0.000102220011
              H     -1.414396786673    3.638938146611    0.001115887817
              H      0.209022307773   -4.305588995640    0.000219231853
              H      6.177067045274    0.692858298221   -0.000938494501
              H     -4.117217106533   -3.026689624153    0.001057115823
$End
$SCF_Energy
   &GeometryIndex 1
   &ListStatus       OUT
   &SCF_ENERGY [&Type "Double"]      -3.6155165403409552e+02
$End
$DFT_Energy
   &GeometryIndex 1
   &ListStatus       OUT
   &NALPHAEL [&Type "Integer"] 28
   &NBETAEL [&Type "Integer"] 28
   &NTOTALEL [&Type "Integer"] 55
   &EEXCHANGE [&Type "Double"]      -4.7914018310067178e+01
   &ECORR [&Type "Double"]      -1.8226325794960030e+00
   &ECNL [&Type "Double"]       0.0000000000000000e+00
   &EXC [&Type "Double"]      -4.9736650889563180e+01
   &EEMBED [&Type "Double"]       0.0000000000000000e+00
   &FINALEN [&Type "Double"]      -3.6155165403409552e+02  "No Van der Waals correction"
$End
$Mulliken_Population_Analysis
   &GeometryIndex 1
   &ListStatus       OUT
   &NATOMS [&Type "Integer"] 13
   &ATNO [&Type "ArrayOfIntegers", &Dim (13,1)] 
                                                         0

0                                                        6
1                                                        6
2                                                        6
3                                                        6
4                                                        7
5                                                        6
6                                                        6
7                                                        8
8                                                        1
9                                                        1
10                                                       1
11                                                       1
12                                                       1
   &ATOMICCHARGES [&Type "ArrayOfDoubles", &Dim (13,1)] 
                                                         0

0                                     -5.7390822601981029e-02
1                                     -1.7933683540396483e-01
2                                      1.1789223061996790e-01
3                                     -4.0841459248414758e-02
4                                     -2.5020995760014486e-01
5                                      1.4702519428286820e-03
6                                      1.3100288658250214e-01
7                                     -3.0485947699794913e-01
8                                      1.2554719529962699e-01
9                                      1.4666351444234338e-01
10                                     1.2130073931936303e-01
11                                     1.2497308109510930e-01
12                                     6.3788652550527902e-02
$End
$Loewdin_Population_Analysis
   &GeometryIndex 1
   &ListStatus       OUT
   &NATOMS [&Type "Integer"] 13
   &ATNO [&Type "ArrayOfIntegers", &Dim (13,1)] 
                                                         0

0                                                        6
1                                                        6
2                                                        6
3                                                        6
4                                                        7
5                                                        6
6                                                        6
7                                                        8
8                                                        1
9                                                        1
10                                                       1
11                                                       1
12                                                       1
   &ATOMICCHARGES [&Type "ArrayOfDoubles", &Dim (13,1)] 
                                                         0

0                                     -1.3587003147798438e-01
1                                     -5.5787592747503112e-02
2                                     -1.7080669002142468e-01
3                                     -1.5429816748551417e-01
4                                      1.2967857311495212e-01
5                                     -1.7859221888756860e-01
6                                     -2.5644987448388967e-01
7                                      1.1472506471549782e-01
8                                      1.4889807885748418e-01
9                                      1.5878593634114102e-01
10                                     1.4333296070275914e-01
11                                     1.4010656459359605e-01
12                                     1.1627739677830573e-01
$End
$Mayer_Population_Analysis
   &GeometryIndex 1
   &ListStatus       OUT
   &NATOMS [&Type "Integer"] 13 "Total number of atoms"
   &BONDTHRESH [&Type "Double"]       1.0000000000000001e-01  "The threshold for printing"
   &NBONDORDERSPRINT [&Type "Integer"] 13 "The number of bond orders larger than threshold"
   &BONDORDERS [&Type "ArrayOfDoubles", &Dim (13,1)] "The bond orders"
                                                         0

0                                      1.4391685620054926e+00
1                                      1.3490509773725587e+00
2                                      9.6361889717845184e-01
3                                      1.3214692801877004e+00
4                                      9.5536350893951849e-01
5                                      1.3027973282288536e+00
6                                      9.1645115661007781e-01
7                                      1.4687052370254330e+00
8                                      9.8204148203993002e-01
9                                      1.4400640151060495e+00
10                                     9.7547783220660700e-01
11                                     2.0392456580484772e+00
12                                     9.9238375357950803e-01
   &COMPONENTS [&Type "ArrayOfIntegers", &Dim (13,4)] "The indices and atomic numbers of the bonding atoms"
                                                         0                           1                           2                           3

0                                                        0                           6                           1                           6
1                                                        0                           6                           5                           6
2                                                        0                           6                           8                           1
3                                                        1                           6                           2                           6
4                                                        1                           6                           9                           1
5                                                        2                           6                           3                           6
6                                                        2                           6                           6                           6
7                                                        3                           6                           4                           7
8                                                        3                           6                          10                           1
9                                                        4                           7                           5                           6
10                                                       5                           6                          11                           1
11                                                       6                           6                           7                           8
12                                                       6                           6                          12                           1
   &ATNO [&Type "ArrayOfIntegers", &Dim (13,1)] "Atomic number of the elements"
                                                         0

0                                                        6
1                                                        6
2                                                        6
3                                                        6
4                                                        7
5                                                        6
6                                                        6
7                                                        8
8                                                        1
9                                                        1
10                                                       1
11                                                       1
12                                                       1
   &NA [&Type "ArrayOfDoubles", &Dim (13,1)] "Mulliken gross atomic population"
                                                         0

0                                      6.0573908226019411e+00
1                                      6.1793368354038982e+00
2                                      5.8821077693800090e+00
3                                      6.0408414592483863e+00
4                                      7.2502099576001013e+00
5                                      5.9985297480571527e+00
6                                      5.8689971134174757e+00
7                                      8.3048594769979616e+00
8                                      8.7445280470037345e-01
9                                      8.5333648555765396e-01
10                                     8.7869926068063808e-01
11                                     8.7502691890489015e-01
12                                     9.3621134744947254e-01
   &ZA [&Type "ArrayOfDoubles", &Dim (13,1)] "Total nuclear charge"
                                                         0

0                                      6.0000000000000000e+00
1                                      6.0000000000000000e+00
2                                      6.0000000000000000e+00
3                                      6.0000000000000000e+00
4                                      7.0000000000000000e+00
5                                      6.0000000000000000e+00
6                                      6.0000000000000000e+00
7                                      8.0000000000000000e+00
8                                      1.0000000000000000e+00
9                                      1.0000000000000000e+00
10                                     1.0000000000000000e+00
11                                     1.0000000000000000e+00
12                                     1.0000000000000000e+00
   &QA [&Type "ArrayOfDoubles", &Dim (13,1)] "Mulliken gross atomic charge"
                                                         0

0                                     -5.7390822601941061e-02
1                                     -1.7933683540389822e-01
2                                      1.1789223061999099e-01
3                                     -4.0841459248386336e-02
4                                     -2.5020995760010134e-01
5                                      1.4702519428473337e-03
6                                      1.3100288658252435e-01
7                                     -3.0485947699796156e-01
8                                      1.2554719529962655e-01
9                                      1.4666351444234604e-01
10                                     1.2130073931936192e-01
11                                     1.2497308109510985e-01
12                                     6.3788652550527458e-02
   &VA [&Type "ArrayOfDoubles", &Dim (13,1)] "Mayer's total valence"
                                                         0

0                                      3.8095355548941234e+00
1                                      3.9683494653901796e+00
2                                      3.3909181458599851e+00
3                                      3.9935691984984647e+00
4                                      3.0207649798061231e+00
5                                      3.9795390825528281e+00
6                                      4.0113500303521921e+00
7                                      2.1451017700441297e+00
8                                      9.7610151523575317e-01
9                                      9.9347548181467193e-01
10                                     9.8486216621765044e-01
11                                     9.7911522181692678e-01
12                                     9.7090519834192046e-01
   &BVA [&Type "ArrayOfDoubles", &Dim (13,1)] "Mayer's bonded valence"
                                                         0

0                                      3.8095355548942416e+00
1                                      3.9683494653903297e+00
2                                      3.3909181458600406e+00
3                                      3.9935691984984785e+00
4                                      3.0207649798064211e+00
5                                      3.9795390825529720e+00
6                                      4.0113500303521761e+00
7                                      2.1451017700441577e+00
8                                      9.7610151523576694e-01
9                                      9.9347548181468248e-01
10                                     9.8486216621762990e-01
11                                     9.7911522181694266e-01
12                                     9.7090519834191369e-01
   &FA [&Type "ArrayOfDoubles", &Dim (13,1)] "Mayer's free valence"
                                                         0

0                                      0.0000000000000000e+00
1                                      0.0000000000000000e+00
2                                      0.0000000000000000e+00
3                                      0.0000000000000000e+00
4                                      0.0000000000000000e+00
5                                      0.0000000000000000e+00
6                                      0.0000000000000000e+00
7                                      0.0000000000000000e+00
8                                      0.0000000000000000e+00
9                                      0.0000000000000000e+00
10                                     0.0000000000000000e+00
11                                     0.0000000000000000e+00
12                                     0.0000000000000000e+00
$End
$VdW_Correction
   &GeometryIndex 1
   &ListStatus       OUT
   &VDW [&Type "Double"]      -4.1008889181630582e-03
$End
$Calculation_Info
   &GeometryIndex 1
   &ListStatus       OUT
   &MULT [&Type "Integer"] 1
   &CHARGE [&Type "Integer"] 0
   &NUMOFATOMS [&Type "Integer"] 13
   &NUMOFELECTRONS [&Type "Integer"] 56
   &NUMOFFCELECTRONS [&Type "Integer"] 1
   &NUMOFCORRELECTRONS [&Type "Integer"] 0
   &NUMOFBASISFUNCTS [&Type "Integer"] 278
   &NUMOFAUXCBASISFUNCTS [&Type "Integer"] 0
   &NUMOFAUXJBASISFUNCTS [&Type "Integer"] 295
   &NUMOFAUXJKBASISFUNCTS [&Type "Integer"] 0
   &NUMOFCABSBASISFUNCTS [&Type "Integer"] 0
   &TOTALENERGY [&Type "Double"]      -3.6154995716191371e+02  "Hartrees"
$End
$SCF_Dipole_Moment
   &GeometryIndex 1
   &ListStatus       OUT
   &METHOD [&Type "String"] "SCF"
   &LEVEL [&Type "String"] "Relaxed density"
   &MULT [&Type "Integer"] 1
   &STATE [&Type "Integer"] -1
   &IRREP [&Type "Integer"] 0
   &NATOMS [&Type "Integer"] 13
   &DODIPOLEATOM [&Type "Boolean"] false
   &DIPOLEELECCONTRIB [&Type "ArrayOfDoubles", &Dim (3,1)] "Electronic contribution"
                                                         0

0                                     -1.3451500810983672e+00
1                                     -4.8083223572114026e-01
2                                     -2.3549982855784740e-04
   &DIPOLENUCCONTRIB [&Type "ArrayOfDoubles", &Dim (3,1)] "Nuclear contribution"
                                                         0

0                                      2.0212050047427841e+00
1                                      7.1085789388002274e-01
2                                      1.6337217754712359e-03
   &DIPOLETOTAL [&Type "ArrayOfDoubles", &Dim (3,1)] "Total"
                                                         0

0                                      6.7605492364441688e-01
1                                      2.3002565815888248e-01
2                                      1.3982219469133885e-03
   &DIPOLEMAGNITUDE [&Type "Double", &Units "a.u."]       7.1411765012489237e-01
$End
$THERMOCHEMISTRY_Energies
   &GeometryIndex 1
   &ListStatus       OUT
   &TEMPERATURE [&Type "Double"]       2.9814999999999998e+02
   &PRESSURE [&Type "Double"]       1.0000000000000000e+00
   &TOTALMASS [&Type "Double"]       1.0711199999999998e+02
   &SPINDEGENERACY [&Type "Integer"] 1
   &ELENERGY [&Type "Double"]      -3.6154995716191371e+02
   &TRANSENERGY [&Type "Double"]       1.4162714244859817e-03
   &ROTENERGY [&Type "Double"]       1.4162714244859817e-03
   &VIBENERGY [&Type "Double"]       3.4102153129015864e-03
   &NUMOFFREQS [&Type "Integer"] 39
   &FREQSCALINGFACTOR [&Type "Double"]       1.0000000000000000e+00
   &FREQ [&Type "ArrayOfDoubles", &Dim (39,1)] "In cm^-1"
                                                         0

0                                      0.0000000000000000e+00
1                                      0.0000000000000000e+00
2                                      0.0000000000000000e+00
3                                      0.0000000000000000e+00
4                                      0.0000000000000000e+00
5                                      0.0000000000000000e+00
6                                      1.2002808838877608e+02
7                                      2.2249751449791859e+02
8                                      2.3348396660179483e+02
9                                      3.8549012877688222e+02
10                                     4.4400688898154829e+02
11                                     4.4871284697153357e+02
12                                     6.3202671460827344e+02
13                                     6.8645646767234189e+02
14                                     7.2094031607222962e+02
15                                     8.1545274736010549e+02
16                                     8.4948843699586598e+02
17                                     9.4418812426617831e+02
18                                     9.8008702006406816e+02
19                                     1.0084832078211164e+03
20                                     1.0263696515493284e+03
21                                     1.0446997167019531e+03
22                                     1.0569145324329074e+03
23                                     1.1254711925557847e+03
24                                     1.2137102834328114e+03
25                                     1.2359396358791646e+03
26                                     1.3060312199204486e+03
27                                     1.3496134986310967e+03
28                                     1.4086902835177877e+03
29                                     1.4533681643862901e+03
30                                     1.5045476192272570e+03
31                                     1.6005577670965990e+03
32                                     1.6179916571558624e+03
33                                     1.7490501907125183e+03
34                                     2.8678978712876992e+03
35                                     3.1177099290456731e+03
36                                     3.1372897720492183e+03
37                                     3.1750378713132154e+03
38                                     3.1876102917455942e+03
   &ZPE [&Type "Double"]       9.7209056487314802e-02
   &INNERENERGYU [&Type "Double"]      -3.6144650534726452e+02
   &ENTHALPYH [&Type "Double"]      -3.6144556113822227e+02
   &QEL [&Type "Double"]       0.0000000000000000e+00
   &QROT [&Type "Double"]       1.3213059676553797e-02
   &QVIB [&Type "Double"]       5.4903463189538999e-03
   &QTRANS [&Type "Double"]       1.8968546807022198e-02
   &ENTROPYS [&Type "Double"]       3.7671952802529891e-02
   &FREEENERGYG [&Type "Double"]      -3.6148323309102483e+02
   &ISLINEAR [&Type "Boolean"] false
$End
$Hessian
   &GeometryIndex 1
   &ListStatus       OUT
   &HESSIAN [&Type "ArrayOfDoubles", &Dim (39,39)] "The Hessian"
                                                         0                           1                           2                           3                           4                           5                           6                           7

0                                      6.7918887285075324e-01         4.7330276706450486e-02        -1.4093808449726651e-04        -3.4894877243597094e-01        -5.5553143261562543e-03         5.9443191756683686e-05        -1.3487168174910448e-02        -7.4100735502211468e-02
1                                      4.7330276706450486e-02         7.2195826846783662e-01         1.0525671168846976e-05        -6.3218034661927075e-02        -1.3725590073285165e-01         1.7735339727711632e-05        -3.9728358349530410e-02         1.4550849247839099e-02
2                                     -1.4093808449726651e-04         1.0525671168846976e-05         1.2814398254005671e-01         6.9999178220612928e-05         8.3511504695126417e-08        -6.2834532176644364e-02         7.9737082300016085e-07         2.2405197856327567e-05
3                                     -3.4894877243597094e-01        -6.3218034661927075e-02         6.9999178220612928e-05         7.2102516843842923e-01        -4.4534090160835177e-02        -9.8889020993873559e-05        -1.3749540555730105e-01        -2.8047324917247547e-02
4                                     -5.5553143261562543e-03        -1.3725590073285165e-01         8.3511504695126417e-08        -4.4534090160835177e-02         6.8948666196886199e-01         2.7196808301963111e-05        -6.9224987239786734e-02        -2.9896187791864698e-01
5                                      5.9443191756683686e-05         1.7735339727711632e-05        -6.2834532176644364e-02        -9.8889020993873559e-05         2.7196808301963111e-05         1.4494311890882761e-01         1.7864914913920012e-06        -1.8703341615994506e-06
6                                     -1.3487168174910448e-02        -3.9728358349530410e-02         7.9737082300016085e-07        -1.3749540555730105e-01        -6.9224987239786734e-02         1.7864914913920012e-06         6.3437641340636342e-01        -8.0448466742500911e-03
7                                     -7.4100735502211468e-02         1.4550849247839099e-02         2.2405197856327567e-05        -2.8047324917247547e-02        -2.9896187791864698e-01        -1.8703341615994506e-06        -8.0448466742500911e-03         6.9476770643257224e-01
8                                      6.5584658812295537e-06         4.2437803413460143e-07         8.7846813946248423e-03        -7.1011034425153366e-06         9.6110004573372422e-06        -6.7108698152831964e-02         3.7477819546266768e-05         1.5349014216144773e-05
9                                     -5.9207740891549246e-02         3.0485646261921646e-02         1.4769816329713984e-05         6.0498857728345998e-02         4.2635888121644747e-02        -7.6939538022588476e-06        -1.8936831060800940e-01         5.7693088500630887e-02
10                                     1.5058721372505791e-02        -6.8650020153088473e-03        -6.9014384018057896e-06         4.3866662509214989e-03        -5.2090771969538652e-02        -5.2807240712657251e-06         1.0621344981998557e-01        -2.4421762891438908e-01
11                                     7.4339945301815697e-06        -8.7670662976748891e-06        -1.0995042747126588e-02        -1.4164215462683216e-05        -2.1498761872700991e-05         8.7632867070898297e-03         7.3413813707238752e-05        -4.5194470441346606e-05
12                                     6.7822820396126304e-02        -1.3063215657757622e-02        -1.2040526771837359e-05        -4.0617669140502181e-02        -4.0361945264306261e-02         9.6672826899531136e-06        -6.5802592281148611e-02         6.0304309277366325e-02
13                                     4.3685217490557850e-02        -7.1127411921921652e-02        -1.8265829786096492e-05        -3.8456266990047984e-02        -2.6650854865946323e-02         7.7433121825899529e-06         7.1254664668036378e-03         5.2492288103392994e-02
14                                     7.6256798924129675e-07        -4.4941439020951761e-06         2.4416507515088944e-02        -1.5266737942462655e-06         1.0913487583861265e-05        -1.0502299161273902e-02         2.4040548820431904e-05        -6.6886151316007172e-06
15                                    -2.0824663136793042e-01         1.1831990503630188e-01         4.6260729679623819e-05        -4.2850825596137274e-02         2.1947562331422754e-02         1.0612282528225095e-05        -4.5452660388959482e-04         4.4706176841308141e-03
16                                     5.1085977806604704e-02        -2.3538652063211382e-01        -2.0325413923223638e-05         6.4977860689398301e-02         5.3286127727494588e-02        -1.4139230253417234e-05         1.9618695764072071e-02        -6.2115750937426932e-02
17                                     4.1238591943757846e-05        -4.3059750976658493e-05        -7.0609709571151952e-02         1.9102465904752408e-05        -1.1755065218628126e-06         8.5783355553183203e-03        -1.7191090829376641e-06        -8.9370517671092567e-06
18                                     9.9782247346757308e-03        -1.9473066943270414e-03        -8.4193626102916825e-06        -2.1659584567516474e-02        -2.7372435946906776e-02        -1.1330453885521221e-05        -1.7214305306962374e-01        -3.4100937994952153e-02
19                                    -5.2352660822277009e-03        -7.2165202641006152e-03        -3.9138016548291571e-06        -3.3917672082728001e-02         2.4642397561466869e-03         9.0941221226350802e-06        -5.9007626008546636e-02        -1.2989124135634403e-01
20                                     8.3245843579957624e-06         5.6425387001651451e-06         9.1871181590303681e-03        -5.7723340341051432e-06        -1.4665767345718248e-05         2.2773956721287162e-03        -1.9997405352744892e-05        -2.4895401477103754e-05
21                                    -1.4698196263015202e-03         1.5085722683979800e-03         5.0928011311294696e-06         4.9754514257730545e-03         8.3478386944303151e-03         8.1985541765362900e-07        -6.8684150373447397e-02         3.7902809785112845e-02
22                                     3.7190613242735074e-03         1.4901281771431127e-03        -3.5155082350175708e-07        -3.8030145638057733e-03        -8.8131698551896318e-03        -1.1341866994523282e-05         3.3999404672846775e-02         1.9130463877944620e-02
23                                    -5.2819175949397893e-06         2.5456513529388604e-07        -1.6305049188430666e-03         8.7533556457989459e-06         1.4862342327688221e-05        -4.6953106505562389e-04        -9.9151031954781608e-05         4.6893352860011284e-05
24                                    -9.7544473008335922e-02        -9.6162296874044928e-02         1.5837487882940832e-05        -6.9042847576579330e-03        -3.0670883528547528e-02         1.1297628924884858e-06        -6.0293671751955238e-03         2.4456677550871182e-04
25                                    -9.6145737829991043e-02        -2.9658028974367667e-01         2.3323919602204475e-05        -8.7157100628454387e-05        -1.0271585324553648e-04        -2.3979813558969401e-06        -6.3300676546133709e-04         2.3792328078023083e-03
26                                     1.6174567974938052e-05         2.6405817582784838e-05        -3.6523715038131746e-02         1.8543929245381460e-06         8.1503649255920384e-06         2.6877894402494891e-03         4.1977045860233993e-06        -2.0829469313871390e-06
27                                    -1.3494217049805315e-02         2.3965340908434798e-02         1.5683555511094615e-06        -1.7764412277925368e-01         1.3714752979848627e-01         2.8541182286251262e-05         1.2385026543872697e-02        -6.0790414320844935e-03
28                                    -5.2670480447927631e-03         9.0379784918724251e-03         1.8682039288909127e-06         1.3686273568438936e-01        -2.1612877769826860e-01        -2.1920394983795983e-05         2.0485329130932411e-02        -1.9456960916543819e-02
29                                     3.8190844978542958e-06        -5.6002866452789747e-06         6.3522914091839345e-03         2.0642679500471166e-05        -2.4319386725320565e-05        -4.2482469522321459e-02         9.5443206396593299e-06         5.1132826318365204e-06
30                                    -8.4486179309242000e-04        -2.8142749869035713e-04        -3.4124504560141667e-07        -3.1511690994099435e-03         2.9936895026521394e-03         2.6963901586518272e-06         1.0385607805572742e-02         1.7246110315238723e-02
31                                     6.2511839238949278e-04         4.3566946639810576e-04         3.5853930895980280e-07         4.3971918549648870e-03        -2.2118245785990916e-03        -3.6859033044456891e-06        -7.7879824608790352e-03        -1.9041176347563749e-02
32                                    -1.1248511734318757e-07        -2.5791043570782525e-07        -1.1523278471768992e-03         4.6406183600137090e-06        -8.5199408377508076e-07         6.4720706081088739e-03        -9.9926152298198939e-06        -1.3185283054973139e-05
33                                    -1.4123519074904636e-02        -5.0448129462749361e-03         5.0969162871196144e-06        -1.0413181019871744e-03         3.9506262535001016e-03         3.5742935146306751e-06         7.3888509127619482e-04         5.0040329461190558e-04
34                                     2.4387376108665461e-02         7.5288048001281877e-03        -8.5669256736540860e-06         3.2309617453524842e-03        -4.1999582490529234e-03        -1.8137177017366745e-06        -4.2372952292778318e-04        -1.1710621323433256e-03
35                                     6.5901835469950327e-06         2.6577487978257486e-06         8.1484613450846788e-03         2.6562901056757990e-08        -2.2960675717276446e-06         6.9576164251146872e-03         2.6490160378099558e-06        -2.1422717979277559e-06
36                                     3.7728544124570771e-04        -2.0648647706672787e-03         5.6256482279667557e-07        -6.1863255568116787e-03         6.6084571143863041e-04         4.2067619993174917e-07        -4.4213590035593695e-03        -2.8148846517834163e-02
37                                     3.1292885564478557e-04        -5.7005334124414226e-04        -8.4761855430114765e-07        -1.7561796948427494e-03         1.1788222688362757e-03        -1.2075208640187471e-06        -2.4319814272787399e-03        -8.4648419462933430e-03
38                                    -2.2587470723775918e-06        -8.5936544186024971e-07        -1.2872100639948634e-03         1.6561140159715458e-06        -4.1219396242317135e-06         2.7179167612897842e-03        -2.0338778070313109e-05         1.0974412217319276e-05
                                                         8                           9                          10                          11                          12                          13                          14                          15

0                                      6.5584658812295537e-06        -5.9207740891549246e-02         1.5058721372505791e-02         7.4339945301815697e-06         6.7822820396126304e-02         4.3685217490557850e-02         7.6256798924129675e-07        -2.0824663136793042e-01
1                                      4.2437803413460143e-07         3.0485646261921646e-02        -6.8650020153088473e-03        -8.7670662976748891e-06        -1.3063215657757622e-02        -7.1127411921921652e-02        -4.4941439020951761e-06         1.1831990503630188e-01
2                                      8.7846813946248423e-03         1.4769816329713984e-05        -6.9014384018057896e-06        -1.0995042747126588e-02        -1.2040526771837359e-05        -1.8265829786096492e-05         2.4416507515088944e-02         4.6260729679623819e-05
3                                     -7.1011034425153366e-06         6.0498857728345998e-02         4.3866662509214989e-03        -1.4164215462683216e-05        -4.0617669140502181e-02        -3.8456266990047984e-02        -1.5266737942462655e-06        -4.2850825596137274e-02
4                                      9.6110004573372422e-06         4.2635888121644747e-02        -5.2090771969538652e-02        -2.1498761872700991e-05        -4.0361945264306261e-02        -2.6650854865946323e-02         1.0913487583861265e-05         2.1947562331422754e-02
5                                     -6.7108698152831964e-02        -7.6939538022588476e-06        -5.2807240712657251e-06         8.7632867070898297e-03         9.6672826899531136e-06         7.7433121825899529e-06        -1.0502299161273902e-02         1.0612282528225095e-05
6                                      3.7477819546266768e-05        -1.8936831060800940e-01         1.0621344981998557e-01         7.3413813707238752e-05        -6.5802592281148611e-02         7.1254664668036378e-03         2.4040548820431904e-05        -4.5452660388959482e-04
7                                      1.5349014216144773e-05         5.7693088500630887e-02        -2.4421762891438908e-01        -4.5194470441346606e-05         6.0304309277366325e-02         5.2492288103392994e-02        -6.6886151316007172e-06         4.4706176841308141e-03
8                                      1.3333381227000868e-01         6.1179005481316374e-05        -4.7262915268757109e-05        -7.0935407209216678e-02         2.6635823565645783e-05        -1.0015718309879854e-05         2.6515209537580783e-02        -4.6580892196407104e-06
9                                      6.1179005481316374e-05         6.5811116707706119e-01         3.4689948824097393e-02        -1.6274429545201269e-04        -3.2872280519625813e-01        -1.6861615139782488e-02         9.8778795452194397e-05        -3.4816323473619348e-02
10                                    -4.7262915268757109e-05         3.4689948824097393e-02         7.3022459437904907e-01         6.3804452410401948e-05        -3.8032407602032650e-02        -1.2650428157805060e-01        -3.9119997411810319e-06        -5.3563088528366415e-02
11                                    -7.0935407209216678e-02        -1.6274429545201269e-04         6.3804452410401948e-05         1.6171284925343354e-01         9.3495865255244459e-05        -7.8561477312570106e-06        -6.8683919400278792e-02         6.2379859221466322e-06
12                                     2.6635823565645783e-05        -3.2872280519625813e-01        -3.8032407602032650e-02         9.3495865255244459e-05         5.4126789141084675e-01         1.1332145199635951e-01        -1.2811669423168508e-04        -1.4435866629876845e-01
13                                    -1.0015718309879854e-05        -1.6861615139782488e-02        -1.2650428157805060e-01        -7.8561477312570106e-06         1.1332145199635951e-01         4.9672561580250219e-01         3.7566438928163637e-05        -7.0917078678304879e-02
14                                     2.6515209537580783e-02         9.8778795452194397e-05        -3.9119997411810319e-06        -6.8683919400278792e-02        -1.2811669423168508e-04         3.7566438928163637e-05         9.2371981828682823e-02         7.0667261393825943e-06
15                                    -4.6580892196407104e-06        -3.4816323473619348e-02        -5.3563088528366415e-02         6.2379859221466322e-06        -1.4435866629876845e-01        -7.0917078678304879e-02         7.0667261393825943e-06         7.5035186841310852e-01
16                                     7.7872978937251007e-08        -1.0017828021080376e-01        -8.7285757134671141e-03         3.4531899186163704e-05        -4.7335881642684596e-02        -3.0799455513506341e-01        -4.4477972846644037e-05         1.7198079646901947e-02
17                                    -1.2184667020485927e-02         2.8819957941767295e-06         1.4865035216604592e-05         3.1930412270737910e-03         1.1342153921520268e-05        -1.5539070229762047e-05        -6.7887144357327484e-02        -1.7080644729675922e-04
18                                    -1.0733455313135800e-05        -3.5969661303597161e-02         1.3386885832872068e-02        -1.3000984939816429e-05         7.6060982565456913e-03         3.9227200202828303e-03        -8.5838304442828783e-06        -1.1737458147108803e-03
19                                     1.7519004409505340e-05         2.7872711771467974e-02         1.3847504443496505e-02         9.7871522386111316e-06         8.5895880992715445e-03        -4.0634083592121298e-03        -1.1329012647798652e-05         1.3953942355188847e-03
20                                    -7.4842551701441981e-02        -1.3195816747003144e-07         2.2459998213825356e-05        -3.4289255708628728e-03         1.1660013961806324e-05        -9.4866557351809798e-06         1.0593503728441043e-02        -6.3870340847851593e-06
21                                    -1.0830448678390646e-04         9.5553868311430094e-04        -1.2970887342480513e-02        -5.0346278726324917e-06        -7.4386431855637831e-03         3.6591709173836116e-04         1.1592467518906831e-05         6.5264631961986703e-04
22                                     2.0902572082201622e-05        -6.1369371464236287e-03         2.9102834551847654e-03        -4.2964375803624746e-06         1.0537672305661995e-03         1.7155800439313598e-03         1.0217924284108965e-06        -1.2484769535267919e-03
23                                     1.9061483872103296e-02        -2.7292633028044860e-06        -2.5998625212376327e-05         4.2693807311090419e-03        -9.6023274627136162e-06         7.0220744982089525e-06        -3.0713759171730713e-03         3.7094123404262167e-06
