*************************************************
******************* ORCA 6.0.0 ******************
*************************************************
$Calculation_Status
   &GeometryIndex 1
   &ListStatus       OUT
   &VERSION [&Type "String"] "6.0.0"
   &PROGNAME [&Type "String"] "LeanSCF"
   &STATUS [&Type "String"] "NORMAL TERMINATION"
$End
$Geometry
   &GeometryIndex 1
   &ListStatus       OUT
   &NATOMS [&Type "Integer"] 12
   &NCORELESSECP [&Type "Integer"] 0
   &NGHOSTATOMS [&Type "Integer"] 0
   &CartesianCoordinates [&Type "Coordinates", &Dim(12,4), &Units "Bohr"] 
              C     -0.000002945705   -4.011340927587   -0.000006637096
              C      2.291019364373   -2.720218286280   -0.000070313875
              C      2.242985970074   -0.095539868322   -0.000097483979
              C      0.000003892458    1.270894435837   -0.000057633812
              C     -2.242981831574   -0.095534020942    0.000004744724
              C     -2.291021978998   -2.720212399027    0.000028902416
              Cl    -5.112198841085    1.579650488322    0.000056818207
              Cl     5.112207105425    1.579637349434   -0.000201982811
              H     -0.000005593400   -6.061245657960    0.000012308542
              H      4.068594073461   -3.736199188267   -0.000104878100
              H      0.000006510107    3.317284743686   -0.000080738927
              H     -4.068599331624   -3.736188745641    0.000074953908
$End
$SCF_Energy
   &GeometryIndex 1
   &ListStatus       OUT
   &SCF_ENERGY [&Type "Double"]      -1.1513712336520639e+03
$End
$DFT_Energy
   &GeometryIndex 1
   &ListStatus       OUT
   &NALPHAEL [&Type "Integer"] 37
   &NBETAEL [&Type "Integer"] 37
   &NTOTALEL [&Type "Integer"] 74
   &EEXCHANGE [&Type "Double"]      -8.7782643010264280e+01
   &ECORR [&Type "Double"]      -2.6223025220521432e+00
   &ECNL [&Type "Double"]       0.0000000000000000e+00
   &EXC [&Type "Double"]      -9.0404945532316418e+01
   &EEMBED [&Type "Double"]       0.0000000000000000e+00
   &FINALEN [&Type "Double"]      -1.1513712336520639e+03  "No Van der Waals correction"
$End
$Mulliken_Population_Analysis
   &GeometryIndex 1
   &ListStatus       OUT
   &NATOMS [&Type "Integer"] 12
   &ATNO [&Type "ArrayOfIntegers", &Dim (12,1)] 
                                                         0

0                                                        6
1                                                        6
2                                                        6
3                                                        6
4                                                        6
5                                                        6
6                                                       17
7                                                       17
8                                                        1
9                                                        1
10                                                       1
11                                                       1
   &ATOMICCHARGES [&Type "ArrayOfDoubles", &Dim (12,1)] 
                                                         0

0                                     -6.6211631085681510e-02
1                                     -1.9386787428856245e-01
2                                      2.0143683467118745e-01
3                                     -2.5462358198571877e-01
4                                      2.0143682680762431e-01
5                                     -1.9386087475685088e-01
6                                     -1.0932753330806477e-01
7                                     -1.0932766950454464e-01
8                                      1.2288677430939865e-01
9                                      1.3051609720906732e-01
10                                     1.4042641905150677e-01
11                                     1.3051621288145931e-01
$End
$Loewdin_Population_Analysis
   &GeometryIndex 1
   &ListStatus       OUT
   &NATOMS [&Type "Integer"] 12
   &ATNO [&Type "ArrayOfIntegers", &Dim (12,1)] 
                                                         0

0                                                        6
1                                                        6
2                                                        6
3                                                        6
4                                                        6
5                                                        6
6                                                       17
7                                                       17
8                                                        1
9                                                        1
10                                                       1
11                                                       1
   &ATOMICCHARGES [&Type "ArrayOfDoubles", &Dim (12,1)] 
                                                         0

0                                     -1.2342626557154279e-01
1                                     -1.4340530121812911e-01
2                                     -4.0643035902106117e-01
3                                     -1.4502575422495489e-01
4                                     -4.0643029359611837e-01
5                                     -1.4340525141902738e-01
6                                      3.8106376196537184e-01
7                                      3.8106383685697764e-01
8                                      1.5014182655155428e-01
9                                      1.5073375971207104e-01
10                                     1.5438628524860643e-01
11                                     1.5073375471706496e-01
$End
$Mayer_Population_Analysis
   &GeometryIndex 1
   &ListStatus       OUT
   &NATOMS [&Type "Integer"] 12 "Total number of atoms"
   &BONDTHRESH [&Type "Double"]       1.0000000000000001e-01  "The threshold for printing"
   &NBONDORDERSPRINT [&Type "Integer"] 12 "The number of bond orders larger than threshold"
   &BONDORDERS [&Type "ArrayOfDoubles", &Dim (12,1)] "The bond orders"
                                                         0

0                                      1.3754262496823886e+00
1                                      1.3754334738234151e+00
2                                      9.6295793600753699e-01
3                                      1.3575176040540069e+00
4                                      9.6780216386136575e-01
5                                      1.3314380032917237e+00
6                                      9.7202717029244134e-01
7                                      1.3314405285965962e+00
8                                      9.7242544977949641e-01
9                                      1.3575279454585727e+00
10                                     9.7202574374213768e-01
11                                     9.6780176693916342e-01
   &COMPONENTS [&Type "ArrayOfIntegers", &Dim (12,4)] "The indices and atomic numbers of the bonding atoms"
                                                         0                           1                           2                           3

0                                                        0                           6                           1                           6
1                                                        0                           6                           5                           6
2                                                        0                           6                           8                           1
3                                                        1                           6                           2                           6
4                                                        1                           6                           9                           1
5                                                        2                           6                           3                           6
6                                                        2                           6                           7                          17
7                                                        3                           6                           4                           6
8                                                        3                           6                          10                           1
9                                                        4                           6                           5                           6
10                                                       4                           6                           6                          17
11                                                       5                           6                          11                           1
   &ATNO [&Type "ArrayOfIntegers", &Dim (12,1)] "Atomic number of the elements"
                                                         0

0                                                        6
1                                                        6
2                                                        6
3                                                        6
4                                                        6
5                                                        6
6                                                       17
7                                                       17
8                                                        1
9                                                        1
10                                                       1
11                                                       1
   &NA [&Type "ArrayOfDoubles", &Dim (12,1)] "Mulliken gross atomic population"
                                                         0

0                                      6.0662116310856806e+00
1                                      6.1938678742885589e+00
2                                      5.7985631653288046e+00
3                                      6.2546235819857188e+00
4                                      5.7985631731923677e+00
5                                      6.1938608747568509e+00
6                                      1.7109327533308033e+01
7                                      1.7109327669504445e+01
8                                      8.7711322569060202e-01
9                                      8.6948390279093191e-01
10                                     8.5957358094849423e-01
11                                     8.6948378711854024e-01
   &ZA [&Type "ArrayOfDoubles", &Dim (12,1)] "Total nuclear charge"
                                                         0

0                                      6.0000000000000000e+00
1                                      6.0000000000000000e+00
2                                      6.0000000000000000e+00
3                                      6.0000000000000000e+00
4                                      6.0000000000000000e+00
5                                      6.0000000000000000e+00
6                                      1.7000000000000000e+01
7                                      1.7000000000000000e+01
8                                      1.0000000000000000e+00
9                                      1.0000000000000000e+00
10                                     1.0000000000000000e+00
11                                     1.0000000000000000e+00
   &QA [&Type "ArrayOfDoubles", &Dim (12,1)] "Mulliken gross atomic charge"
                                                         0

0                                     -6.6211631085680622e-02
1                                     -1.9386787428855889e-01
2                                      2.0143683467119544e-01
3                                     -2.5462358198571877e-01
4                                      2.0143682680763231e-01
5                                     -1.9386087475685088e-01
6                                     -1.0932753330803280e-01
7                                     -1.0932766950444517e-01
8                                      1.2288677430939798e-01
9                                      1.3051609720906809e-01
10                                     1.4042641905150577e-01
11                                     1.3051621288145976e-01
   &VA [&Type "ArrayOfDoubles", &Dim (12,1)] "Mayer's total valence"
                                                         0

0                                      3.8430900695298820e+00
1                                      3.9270783982715152e+00
2                                      3.7778433980121315e+00
3                                      3.9060100662440216e+00
4                                      3.7778549416994256e+00
5                                      3.9270966580067088e+00
6                                      1.2140161585856208e+00
7                                      1.2140156586947959e+00
8                                      9.7229248576078720e-01
9                                      9.8126445446170063e-01
10                                     9.8379712803433839e-01
11                                     9.8126342002446321e-01
   &BVA [&Type "ArrayOfDoubles", &Dim (12,1)] "Mayer's bonded valence"
                                                         0

0                                      3.8430900695297012e+00
1                                      3.9270783982713615e+00
2                                      3.7778433980119956e+00
3                                      3.9060100662437711e+00
4                                      3.7778549416993088e+00
5                                      3.9270966580065085e+00
6                                      1.2140161585854594e+00
7                                      1.2140156586949358e+00
8                                      9.7229248576073690e-01
9                                      9.8126445446166410e-01
10                                     9.8379712803428532e-01
11                                     9.8126342002440403e-01
   &FA [&Type "ArrayOfDoubles", &Dim (12,1)] "Mayer's free valence"
                                                         0

0                                      0.0000000000000000e+00
1                                      0.0000000000000000e+00
2                                      0.0000000000000000e+00
3                                      0.0000000000000000e+00
4                                      0.0000000000000000e+00
5                                      0.0000000000000000e+00
6                                      0.0000000000000000e+00
7                                      0.0000000000000000e+00
8                                      0.0000000000000000e+00
9                                      0.0000000000000000e+00
10                                     0.0000000000000000e+00
11                                     0.0000000000000000e+00
$End
$VdW_Correction
   &GeometryIndex 1
   &ListStatus       OUT
   &VDW [&Type "Double"]      -4.6854360672371025e-03
$End
$Calculation_Info
   &GeometryIndex 1
   &ListStatus       OUT
   &MULT [&Type "Integer"] 1
   &CHARGE [&Type "Integer"] 0
   &NUMOFATOMS [&Type "Integer"] 12
   &NUMOFELECTRONS [&Type "Integer"] 74
   &NUMOFFCELECTRONS [&Type "Integer"] 1
   &NUMOFCORRELECTRONS [&Type "Integer"] 0
   &NUMOFBASISFUNCTS [&Type "Integer"] 284
   &NUMOFAUXCBASISFUNCTS [&Type "Integer"] 0
   &NUMOFAUXJBASISFUNCTS [&Type "Integer"] 308
   &NUMOFAUXJKBASISFUNCTS [&Type "Integer"] 0
   &NUMOFCABSBASISFUNCTS [&Type "Integer"] 0
   &TOTALENERGY [&Type "Double"]      -1.1513710106544313e+03  "Hartrees"
$End
$SCF_Dipole_Moment
   &GeometryIndex 1
   &ListStatus       OUT
   &METHOD [&Type "String"] "SCF"
   &LEVEL [&Type "String"] "Relaxed density"
   &MULT [&Type "Integer"] 1
   &STATE [&Type "Integer"] -1
   &IRREP [&Type "Integer"] 0
   &NATOMS [&Type "Integer"] 12
   &DODIPOLEATOM [&Type "Boolean"] false
   &DIPOLEELECCONTRIB [&Type "ArrayOfDoubles", &Dim (3,1)] "Electronic contribution"
                                                         0

0                                      8.4648559262067748e-06
1                                      6.6559040594754508e+00
2                                     -7.7478227252222797e-05
   &DIPOLENUCCONTRIB [&Type "ArrayOfDoubles", &Dim (3,1)] "Nuclear contribution"
                                                         0

0                                     -9.2492671219801537e-06
1                                     -7.3203906942284540e+00
2                                      8.3613690250341084e-05
   &DIPOLETOTAL [&Type "ArrayOfDoubles", &Dim (3,1)] "Total"
                                                         0

0                                     -7.8441119577337889e-07
1                                     -6.6448663475300318e-01
2                                      6.1354629981182871e-06
   &DIPOLEMAGNITUDE [&Type "Double", &Units "a.u."]       6.6448663478179171e-01
$End
$THERMOCHEMISTRY_Energies
   &GeometryIndex 1
   &ListStatus       OUT
   &TEMPERATURE [&Type "Double"]       2.9814999999999998e+02
   &PRESSURE [&Type "Double"]       1.0000000000000000e+00
   &TOTALMASS [&Type "Double"]       1.4700399999999999e+02
   &SPINDEGENERACY [&Type "Integer"] 1
   &ELENERGY [&Type "Double"]      -1.1513710106544313e+03
   &TRANSENERGY [&Type "Double"]       1.4162714244859817e-03
   &ROTENERGY [&Type "Double"]       1.4162714244859817e-03
   &VIBENERGY [&Type "Double"]       3.8404736720500043e-03
   &NUMOFFREQS [&Type "Integer"] 36
   &FREQSCALINGFACTOR [&Type "Double"]       1.0000000000000000e+00
   &FREQ [&Type "ArrayOfDoubles", &Dim (36,1)] "In cm^-1"
                                                         0

0                                      0.0000000000000000e+00
1                                      0.0000000000000000e+00
2                                      0.0000000000000000e+00
3                                      0.0000000000000000e+00
4                                      0.0000000000000000e+00
5                                      0.0000000000000000e+00
6                                      1.7512767730132816e+02
7                                      2.0304942964466952e+02
8                                      2.0607019183822700e+02
9                                      3.7212835853238244e+02
10                                     3.9150361888374334e+02
11                                     4.2725644461891352e+02
12                                     4.4374889801425758e+02
13                                     5.5103364979468211e+02
14                                     6.7134277335581260e+02
15                                     6.9358602739173693e+02
16                                     7.6799649473755017e+02
17                                     7.8029418450268531e+02
18                                     8.7930119540193743e+02
19                                     8.9303053928195652e+02
20                                     9.6342872545026114e+02
21                                     1.0177000816878167e+03
22                                     1.0866935617525696e+03
23                                     1.0893487736530712e+03
24                                     1.1172590046714397e+03
25                                     1.1887759670655651e+03
26                                     1.2921623617129192e+03
27                                     1.3430286579085864e+03
28                                     1.4375629016701596e+03
29                                     1.4830577533096609e+03
30                                     1.6003203066734611e+03
31                                     1.6076603659096913e+03
32                                     3.1755172050067754e+03
33                                     3.1976495822028032e+03
34                                     3.2022062309563062e+03
35                                     3.2067197480097843e+03
   &ZPE [&Type "Double"]       8.0794214207431117e-02
   &INNERENERGYU [&Type "Double"]      -1.1512835434237031e+03
   &ENTHALPYH [&Type "Double"]      -1.1512825992146609e+03
   &QEL [&Type "Double"]       0.0000000000000000e+00
   &QROT [&Type "Double"]       1.3468260596958310e-02
   &QVIB [&Type "Double"]       6.0782980039781071e-03
   &QTRANS [&Type "Double"]       1.9416916786201419e-02
   &ENTROPYS [&Type "Double"]       3.8963475387137833e-02
   &FREEENERGYG [&Type "Double"]      -1.1513215626900480e+03
   &ISLINEAR [&Type "Boolean"] false
$End
$Hessian
   &GeometryIndex 1
   &ListStatus       OUT
   &HESSIAN [&Type "ArrayOfDoubles", &Dim (36,36)] "The Hessian"
                                                         0                           1                           2                           3                           4                           5                           6                           7

0                                      6.5610924442208329e-01         1.2940199257092944e-07        -1.1276435133396507e-05        -2.8249557450671725e-01        -5.6390677153055305e-02         5.9233954789090483e-06         2.7809185568685980e-02        -8.1173723043147489e-02
1                                      1.2940199257092944e-07         7.3029453003873313e-01        -5.7982664570668578e-06        -1.1840258418977340e-01        -1.7518016979382919e-01         3.8052756034454872e-06        -2.7800021235104007e-02        -3.0313116636064740e-02
2                                     -1.1276435133396507e-05        -5.7982664570668578e-06         1.2890094118561149e-01         6.1941259532029314e-06         2.2988981801982789e-06        -5.7385258152372665e-02        -2.1877965245701029e-07         2.0962630427839160e-06
3                                     -2.8249557450671725e-01        -1.1840258418977340e-01         6.1941259532029314e-06         7.2760808973765612e-01        -4.3481059092764410e-02        -1.3969237036207063e-05        -1.1058704894788118e-01         4.9138120284947205e-02
4                                     -5.6390677153055305e-02        -1.7518016979382919e-01         2.2988981801982789e-06        -4.3481059092764410e-02         6.7112716353457202e-01        -4.2942413882686739e-06        -7.0139179904222275e-03        -3.2170649543642355e-01
5                                      5.9233954789090483e-06         3.8052756034454872e-06        -5.7385258152372665e-02        -1.3969237036207063e-05        -4.2942413882686739e-06         1.2207176483106497e-01         1.1294123357246946e-06         1.6589452323819116e-06
6                                      2.7809185568685980e-02        -2.7800021235104007e-02        -2.1877965245701029e-07        -1.1058704894788118e-01        -7.0139179904222275e-03         1.1294123357246946e-06         5.1955826863759014e-01        -7.7490814806083649e-02
7                                     -8.1173723043147489e-02        -3.0313116636064740e-02         2.0962630427839160e-06         4.9138120284947205e-02        -3.2170649543642355e-01         1.6589452323819116e-06        -7.7490814806083649e-02         6.1194086172931383e-01
8                                      9.4627277378997974e-08         1.0474735065626155e-06         6.3231522586039979e-03         6.5649183497819325e-07         3.0137738100160317e-06        -6.2557170580015461e-02        -8.9683192424708049e-06        -3.6216844614692756e-06
9                                     -5.8941846581234247e-02         7.5154744942807689e-08         1.2484345607657828e-06         2.7201926458743485e-02         6.5987777554852037e-02        -8.4933664069933125e-07        -2.4999774682220335e-01         7.4606425585663022e-02
10                                     7.6949842100059387e-08         1.3828980108251260e-04        -3.2142690527590339e-08         2.7401971984982464e-02        -2.4187339206757627e-02        -4.3339467648062504e-07         1.3085912641835573e-01        -1.8313114903943645e-01
11                                     1.3658801570822624e-06        -3.7041085860564561e-08        -4.0413042779623536e-03        -7.0711175262356071e-07        -9.1641043544018468e-07         9.5074849200030079e-03         3.2156125457503664e-06        -7.7365060604964531e-07
12                                     2.7809463001810711e-02         2.7799867848722827e-02        -7.7196468362768136e-07        -1.3675309852294633e-02        -2.8189937671697668e-02         5.4364400618552535e-07        -6.6119892869565128e-02         2.9173810459239724e-02
13                                     8.1173568068805407e-02        -3.0313387205060514e-02        -1.4227609838912345e-06        -2.9348864588205889e-02        -5.0554698361240512e-02         1.2381155525298176e-06        -2.9173475721512687e-02         6.3280697205907635e-02
14                                    -1.2898646849907701e-06        -3.3388200628969918e-07         6.3231922488811293e-03         5.6896751125055432e-07         1.1654823024146305e-06        -4.4699799015257644e-03         1.7232952222439450e-06        -1.0690444317538847e-06
15                                    -2.8249506564688648e-01         1.1840283467039803e-01         3.5714113523476900e-06        -5.7036665935022005e-02        -2.0947809127983271e-02         1.4317743978226257e-06        -1.3675164518368971e-02         2.9348782786813764e-02
16                                     5.6390934603617271e-02        -1.7518061909222615e-01        -1.6598953935527975e-08         2.0948103192398829e-02         5.8626557539483620e-02        -8.6025413232149633e-07         2.8189844340686922e-02        -5.0554850082443335e-02
17                                     4.1943342000913790e-06        -1.4154257904474778e-06        -5.7385371864040496e-02         1.1127871334294677e-06        -4.2863127165611368e-08         6.6043850773035567e-03        -3.1410547319053343e-08        -2.4533852703092528e-07
18                                     3.7303795836569451e-03         1.7192729051420195e-03         1.9106818620730217e-08        -1.6264238049821203e-03         1.6774618058043092e-03        -6.1778585732345788e-08         1.7792979304659534e-03        -6.2438817681382264e-03
19                                    -6.0166868239082179e-03        -4.4309526614245663e-03         2.0136216038921270e-07         2.0589126203266412e-03         1.2325352929707092e-03        -7.0430361867013106e-08        -1.2946197483104638e-03        -9.0376841549600349e-04
20                                     5.6565347130997926e-08         4.2784388179171926e-08         4.7555978282151747e-03        -1.1784426295549295e-08        -1.1270332972766953e-07        -1.0518068565072360e-03         1.1175429353909532e-07         2.3380627824255707e-07
21                                     3.7303919187974682e-03        -1.7192945483974712e-03         7.7968730358123467e-08        -1.6721303841230051e-02        -1.3435451883733691e-02         6.7266978232750836e-07        -1.1037826109443220e-01        -4.0315256138522639e-02
22                                     6.0166584606057942e-03        -4.4309654035731118e-03        -1.2116407378352222e-09        -3.9105634531976415e-02        -2.0165365892934890e-02         1.3050847883485950e-06        -4.0059295068865922e-02        -6.5517242315391300e-02
23                                    -1.0613809152787589e-07         1.6015252606596239e-07         4.7555850285039255e-03         1.0330065117559567e-06         4.1794617137335363e-07         4.7380303416748610e-03         2.9552795126381831e-06         1.7972063103023680e-06
24                                    -5.7445591965592249e-02        -3.6110261749750701e-07         4.4661989454442868e-07         3.7027535892598090e-03        -2.8460083123574488e-02         2.1879961347166667e-07        -3.4909555579795202e-03        -2.0570497648110418e-03
25                                    -3.5686338128245856e-07        -3.3531971387655868e-01         2.7793083320221122e-06         2.2332291180159752e-03        -1.1925481385293566e-02        -4.2905984913412532e-08        -2.7323579847085958e-03         8.7092192632273399e-04
26                                     4.2644631193912387e-07         2.7597128063352117e-06        -3.4862076966302946e-02        -9.0288386075188062e-08         6.8631774963264574e-07         2.5482206831736725e-03         3.0816479585926866e-07         1.3776869337850212e-07
27                                    -1.8305098109268329e-02         1.4886449512845915e-02         2.3947282912928349e-07        -2.6881003553370658e-01         1.2451940495661069e-01         4.6317321154720978e-06         1.6935182810246393e-03        -2.8606309049090950e-03
28                                    -1.4929037765281067e-02         1.1904467376756021e-02         3.3261051963409812e-07         1.2211245657114275e-01        -1.2713844726913026e-01        -2.0976440574047438e-06         2.8120810321179260e-02        -1.1390452430969082e-02
29                                     4.1028217869219602e-07        -5.0032888166404275e-07         1.7211330552105424e-03         4.8345966346965937e-06        -2.1482603428847663e-06        -3.2468061294175003e-02        -2.6699066018275614e-07         2.5167635216631877e-07
30                                    -1.2003928403091181e-03         7.7265787446988253e-09        -2.0863372251631061e-08        -4.8602877349318658e-03         2.1382746324246603e-03         2.3633347396842452e-07         3.1959710560427951e-03         2.6772321063370227e-02
31                                     5.2104228115918187e-09         9.2716724431554046e-04        -1.5585949776911197e-08         2.7957636202244965e-03         7.4756355395810131e-04        -8.7129510948696577e-08        -2.7283025313036002e-03        -1.1534990007880861e-02
32                                     6.6911926924293529e-08        -1.7831621215439494e-10        -8.2674958546596065e-04         1.7334539252039408e-07        -8.7133287738297924e-08         5.2270612925568267e-03         1.8924340817157811e-08        -4.2945641413797478e-07
33                                    -1.8305094845026681e-02        -1.4886376899889069e-02         5.0083512287378264e-07        -2.7001196288937053e-03         3.9305242115064620e-03         9.9975019751561703e-08         2.1282833662099668e-04         1.0816104799957265e-03
34                                     1.4929109708843792e-02         1.1904470207849831e-02        -4.2486931471868895e-07         3.3150778927146249e-03        -8.7582257537490165e-04        -5.0628039996429618e-08         1.1433097716716917e-03        -1.0404164974388767e-03
35                                     1.2406261165693356e-07         2.7271746257937644e-07         1.7211592411181722e-03         1.9771666837285669e-07        -5.1599326914456461e-08         7.2353296388192670e-03         1.1018425024747238e-08         4.2020309117038762e-09
                                                         8                           9                          10                          11                          12                          13                          14                          15

0                                      9.4627277378997974e-08        -5.8941846581234247e-02         7.6949842100059387e-08         1.3658801570822624e-06         2.7809463001810711e-02         8.1173568068805407e-02        -1.2898646849907701e-06        -2.8249506564688648e-01
1                                      1.0474735065626155e-06         7.5154744942807689e-08         1.3828980108251260e-04        -3.7041085860564561e-08         2.7799867848722827e-02        -3.0313387205060514e-02        -3.3388200628969918e-07         1.1840283467039803e-01
2                                      6.3231522586039979e-03         1.2484345607657828e-06        -3.2142690527590339e-08        -4.0413042779623536e-03        -7.7196468362768136e-07        -1.4227609838912345e-06         6.3231922488811293e-03         3.5714113523476900e-06
3                                      6.5649183497819325e-07         2.7201926458743485e-02         2.7401971984982464e-02        -7.0711175262356071e-07        -1.3675309852294633e-02        -2.9348864588205889e-02         5.6896751125055432e-07        -5.7036665935022005e-02
4                                      3.0137738100160317e-06         6.5987777554852037e-02        -2.4187339206757627e-02        -9.1641043544018468e-07        -2.8189937671697668e-02        -5.0554698361240512e-02         1.1654823024146305e-06        -2.0947809127983271e-02
5                                     -6.2557170580015461e-02        -8.4933664069933125e-07        -4.3339467648062504e-07         9.5074849200030079e-03         5.4364400618552535e-07         1.2381155525298176e-06        -4.4699799015257644e-03         1.4317743978226257e-06
6                                     -8.9683192424708049e-06        -2.4999774682220335e-01         1.3085912641835573e-01         3.2156125457503664e-06        -6.6119892869565128e-02        -2.9173475721512687e-02         1.7232952222439450e-06        -1.3675164518368971e-02
7                                     -3.6216844614692756e-06         7.4606425585663022e-02        -1.8313114903943645e-01        -7.7365060604964531e-07         2.9173810459239724e-02         6.3280697205907635e-02        -1.0690444317538847e-06         2.9348782786813764e-02
8                                      1.2629401606861770e-01         3.7102159054458015e-06        -1.9201104037106265e-06        -6.1207220728486098e-02         1.2727973514371816e-06        -1.3851985244439207e-07         4.9335862180826494e-03        -8.1196293342061536e-08
9                                      3.7102159054458015e-06         6.4307173992925326e-01         1.0985505260899340e-07        -1.1701470308664101e-05        -2.4999823880273109e-01        -7.4606222486315307e-02         4.6751453386821583e-06         2.7201684771472234e-02
10                                    -1.9201104037106265e-06         1.0985505260899340e-07         7.5760935750787506e-01        -6.6017373397352177e-06        -1.3085890969117103e-01        -1.8313057038636291e-01         4.1052654360412927e-06        -2.7402109306507379e-02
11                                    -6.1207220728486098e-02        -1.1701470308664101e-05        -6.6017373397352177e-06         1.2183759764304161e-01         5.4700635537355454e-06         3.1235837098607482e-06        -6.1207220232550721e-02        -8.9650416678896999e-08
12                                     1.2727973514371816e-06        -2.4999823880273109e-01        -1.3085890969117103e-01         5.4700635537355454e-06         5.1955860354955097e-01         7.7491042148070857e-02        -9.3141864823572789e-06        -1.1058715739766077e-01
13                                    -1.3851985244439207e-07        -7.4606222486315307e-02        -1.8313057038636291e-01         3.1235837098607482e-06         7.7491042148070857e-02         6.1194030745034167e-01        -5.8207917041962573e-06        -4.9138664141577887e-02
14                                     4.9335862180826494e-03         4.6751453386821583e-06         4.1052654360412927e-06        -6.1207220232550721e-02        -9.3141864823572789e-06        -5.8207917041962573e-06         1.2629406894139372e-01         1.4346452950450322e-06
15                                    -8.1196293342061536e-08         2.7201684771472234e-02        -2.7402109306507379e-02        -8.9650416678896999e-08        -1.1058715739766077e-01        -4.9138664141577887e-02         1.4346452950450322e-06         7.2760823132594188e-01
16                                    -1.5266722374143929e-07        -6.5987904833220756e-02        -2.4187100832878283e-02         1.4760297017041753e-06         7.0133658559689109e-03        -3.2170629184135735e-01         2.1776145324466446e-06         4.3480914623816654e-02
17                                    -4.4699500302383243e-03         2.5871575779667540e-07         8.9132385270010911e-07         9.5074482099896558e-03         9.0973327868144368e-07         3.3601748555793413e-06        -6.2557220188648677e-02        -1.3119071115750249e-05
18                                     2.3047429177443500e-07        -4.3267578255516255e-02         2.3377605749809540e-02         6.9466991996946260e-07        -1.1037803192763523e-01         4.0315347090388212e-02         1.6066498764947791e-06        -1.6721160529956518e-02
19                                     6.1338540217793442e-08        -9.2546733388809699e-04         5.0509418189520951e-03         1.0478188332555083e-07         4.0059392880355565e-02        -6.5517451036899071e-02        -7.0756788553785267e-07         3.9105608777380299e-02
20                                     5.2153762985768654e-03         9.7061707891803398e-07        -5.6230868605810451e-07         4.6702233828418878e-03         1.5757839980738342e-06        -7.0946293373845841e-07        -2.6019957285811936e-02         1.3301171776018039e-07
21                                     2.9248069007260889e-06        -4.3267663679982166e-02        -2.3377494979021703e-02         1.4455773289409032e-06         1.7793079106871602e-03         6.2438756271540660e-03         9.1413241638186810e-08        -1.6264255872346825e-03
22                                     1.7742439089343649e-06         9.2559318523296324e-04         5.0509875119537778e-03        -6.1433956307398942e-08         1.2946044674304741e-03        -9.0378957471385984e-04         1.8568617204734202e-08        -2.0588864719175712e-03
23                                    -2.6019938962002626e-02         1.0366099131901416e-06         7.4709779920978557e-07         4.6702179851198129e-03         5.7618329144557802e-08        -1.7341245905809666e-07         5.2153739998711665e-03         6.8321230414063818e-08
24                                     2.7668239526584475e-07        -1.1811110569163300e-03        -4.9632548839928968e-09        -2.5360305180681324e-08        -3.4909418456027948e-03         2.0570602439787637e-03         2.0746880163360966e-07         3.7028240563574035e-03
25                                     1.7171034657136613e-07        -2.2692488365999349e-10         7.6087445009385794e-04        -3.0327180324904973e-09         2.7323714209302424e-03         8.7091063884594307e-04        -9.0895641107795957e-08        -2.2332766009510868e-03
26                                     7.2340331339527499e-03        -5.4079007602776435e-08        -1.1460767737587867e-08        -1.0560503164539123e-03         1.6698939052450797e-07        -2.2602709032601528e-08         7.2340219675344937e-03         6.8415840487305913e-08
27                                     1.3684618037179063e-07         1.4608384493804537e-03        -6.2925511836175660e-04        -3.2084640745782735e-09         2.1282051753272399e-04        -1.0816089174818092e-03         4.6282787446395376e-08        -2.7001359723815965e-03
28                                    -6.1099814030366405e-07        -1.3979486463257659e-03        -5.6892237463147949e-03         1.9815912606597908e-07        -1.1433239313192170e-03        -1.0404115331137016e-03        -1.0006339139875013e-08        -3.3150576834106364e-03
29                                     2.1138506352134231e-03         4.3983157038056996e-09         1.3757354918010026e-07         5.2099133256481665e-03         3.7841269445890397e-08         4.0638610600560626e-08        -7.4142582269826225e-04         2.7502501949737990e-07
30                                    -2.9734023087246556e-07        -5.3742849902748323e-02        -3.5669891241064325e-07         4.5753885080703485e-07         3.1959270161889541e-03        -2.6772368115851278e-02         2.9509569294950305e-07        -4.8603222971224111e-03
