*************************************************
******************* ORCA 6.0.0 ******************
*************************************************
$Calculation_Status
   &GeometryIndex 1
   &ListStatus       OUT
   &VERSION [&Type "String"] "6.0.0"
   &PROGNAME [&Type "String"] "LeanSCF"
   &STATUS [&Type "String"] "NORMAL TERMINATION"
$End
$Geometry
   &GeometryIndex 1
   &ListStatus       OUT
   &NATOMS [&Type "Integer"] 12
   &NCORELESSECP [&Type "Integer"] 0
   &NGHOSTATOMS [&Type "Integer"] 0
   &CartesianCoordinates [&Type "Coordinates", &Dim(12,4), &Units "Bohr"] 
              C      0.000002861801   -4.006787418550   -0.000271551189
              C      2.289125158076   -2.715596496902   -0.000187376740
              C      2.248978750093   -0.089647584695    0.000027937333
              C     -0.000050795650    1.266514780848    0.000171897237
              C     -2.249052249290   -0.089693106875    0.000103951378
              C     -2.289145711682   -2.715647412738   -0.000124131952
              Cl    -5.109144787784    1.577190860659    0.000254018499
              Cl     5.109033361783    1.577299894645    0.000108485587
              H      0.000036662388   -6.056873270670   -0.000461730581
              H      4.072013151176   -3.720225619551   -0.000300840999
              H     -0.000066309356    3.311543551223    0.000315942934
              H     -4.072020738048   -3.720305863370   -0.000192142062
$End
$SCF_Energy
   &GeometryIndex 1
   &ListStatus       OUT
   &SCF_ENERGY [&Type "Double"]      -1.1513714839160082e+03
$End
$DFT_Energy
   &GeometryIndex 1
   &ListStatus       OUT
   &NALPHAEL [&Type "Integer"] 37
   &NBETAEL [&Type "Integer"] 37
   &NTOTALEL [&Type "Integer"] 74
   &EEXCHANGE [&Type "Double"]      -8.7787978499290261e+01
   &ECORR [&Type "Double"]      -2.6227679286123058e+00
   &ECNL [&Type "Double"]       0.0000000000000000e+00
   &EXC [&Type "Double"]      -9.0410746427902566e+01
   &EEMBED [&Type "Double"]       0.0000000000000000e+00
   &FINALEN [&Type "Double"]      -1.1513714839160082e+03  "No Van der Waals correction"
$End
$Mulliken_Population_Analysis
   &GeometryIndex 1
   &ListStatus       OUT
   &NATOMS [&Type "Integer"] 12
   &ATNO [&Type "ArrayOfIntegers", &Dim (12,1)] 
                                                         0

0                                                        6
1                                                        6
2                                                        6
3                                                        6
4                                                        6
5                                                        6
6                                                       17
7                                                       17
8                                                        1
9                                                        1
10                                                       1
11                                                       1
   &ATOMICCHARGES [&Type "ArrayOfDoubles", &Dim (12,1)] 
                                                         0

0                                     -7.6246560671504149e-02
1                                     -1.8489322595550739e-01
2                                      1.9206323436725636e-01
3                                     -2.4754426523518447e-01
4                                      1.9207533232316631e-01
5                                     -1.8490880592271619e-01
6                                     -1.0566050409849481e-01
7                                     -1.0566005264008282e-01
8                                      1.2229776744257925e-01
9                                      1.2971202734321818e-01
10                                     1.3905446792809462e-01
11                                     1.2971058511960276e-01
$End
$Loewdin_Population_Analysis
   &GeometryIndex 1
   &ListStatus       OUT
   &NATOMS [&Type "Integer"] 12
   &ATNO [&Type "ArrayOfIntegers", &Dim (12,1)] 
                                                         0

0                                                        6
1                                                        6
2                                                        6
3                                                        6
4                                                        6
5                                                        6
6                                                       17
7                                                       17
8                                                        1
9                                                        1
10                                                       1
11                                                       1
   &ATOMICCHARGES [&Type "ArrayOfDoubles", &Dim (12,1)] 
                                                         0

0                                     -1.2406950288047547e-01
1                                     -1.4342323466752926e-01
2                                     -4.1258616774027690e-01
3                                     -1.4518674676922672e-01
4                                     -4.1258517109133308e-01
5                                     -1.4342315657040494e-01
6                                      3.8827379897145420e-01
7                                      3.8827431311234761e-01
8                                      1.5028694982906710e-01
9                                      1.5030555658153211e-01
10                                     1.5382751496756053e-01
11                                     1.5030584625770405e-01
$End
$Mayer_Population_Analysis
   &GeometryIndex 1
   &ListStatus       OUT
   &NATOMS [&Type "Integer"] 12 "Total number of atoms"
   &BONDTHRESH [&Type "Double"]       1.0000000000000001e-01  "The threshold for printing"
   &NBONDORDERSPRINT [&Type "Integer"] 12 "The number of bond orders larger than threshold"
   &BONDORDERS [&Type "ArrayOfDoubles", &Dim (12,1)] "The bond orders"
                                                         0

0                                      1.3756790448974656e+00
1                                      1.3756738451276440e+00
2                                      9.6403258695055494e-01
3                                      1.3560501114587422e+00
4                                      9.6780671437678778e-01
5                                      1.3307112147664439e+00
6                                      9.7703422968005094e-01
7                                      1.3307177218278454e+00
8                                      9.7263979435244718e-01
9                                      1.3560404997812383e+00
10                                     9.7703205324012821e-01
11                                     9.6781212514537485e-01
   &COMPONENTS [&Type "ArrayOfIntegers", &Dim (12,4)] "The indices and atomic numbers of the bonding atoms"
                                                         0                           1                           2                           3

0                                                        0                           6                           1                           6
1                                                        0                           6                           5                           6
2                                                        0                           6                           8                           1
3                                                        1                           6                           2                           6
4                                                        1                           6                           9                           1
5                                                        2                           6                           3                           6
6                                                        2                           6                           7                          17
7                                                        3                           6                           4                           6
8                                                        3                           6                          10                           1
9                                                        4                           6                           5                           6
10                                                       4                           6                           6                          17
11                                                       5                           6                          11                           1
   &ATNO [&Type "ArrayOfIntegers", &Dim (12,1)] "Atomic number of the elements"
                                                         0

0                                                        6
1                                                        6
2                                                        6
3                                                        6
4                                                        6
5                                                        6
6                                                       17
7                                                       17
8                                                        1
9                                                        1
10                                                       1
11                                                       1
   &NA [&Type "ArrayOfDoubles", &Dim (12,1)] "Mulliken gross atomic population"
                                                         0

0                                      6.0762465606714988e+00
1                                      6.1848932259555109e+00
2                                      5.8079367656327694e+00
3                                      6.2475442652352031e+00
4                                      5.8079246676768399e+00
5                                      6.1849088059226851e+00
6                                      1.7105660504098491e+01
7                                      1.7105660052640101e+01
8                                      8.7770223255742164e-01
9                                      8.7028797265678137e-01
10                                     8.6094553207190605e-01
11                                     8.7028941488039768e-01
   &ZA [&Type "ArrayOfDoubles", &Dim (12,1)] "Total nuclear charge"
                                                         0

0                                      6.0000000000000000e+00
1                                      6.0000000000000000e+00
2                                      6.0000000000000000e+00
3                                      6.0000000000000000e+00
4                                      6.0000000000000000e+00
5                                      6.0000000000000000e+00
6                                      1.7000000000000000e+01
7                                      1.7000000000000000e+01
8                                      1.0000000000000000e+00
9                                      1.0000000000000000e+00
10                                     1.0000000000000000e+00
11                                     1.0000000000000000e+00
   &QA [&Type "ArrayOfDoubles", &Dim (12,1)] "Mulliken gross atomic charge"
                                                         0

0                                     -7.6246560671498820e-02
1                                     -1.8489322595551094e-01
2                                      1.9206323436723061e-01
3                                     -2.4754426523520312e-01
4                                      1.9207533232316010e-01
5                                     -1.8490880592268510e-01
6                                     -1.0566050409849126e-01
7                                     -1.0566005264010059e-01
8                                      1.2229776744257836e-01
9                                      1.2971202734321863e-01
10                                     1.3905446792809395e-01
11                                     1.2971058511960232e-01
   &VA [&Type "ArrayOfDoubles", &Dim (12,1)] "Mayer's total valence"
                                                         0

0                                      3.8498078241027009e+00
1                                      3.9195403768550068e+00
2                                      3.7870160972083520e+00
3                                      3.8980146139315290e+00
4                                      3.7870067401488781e+00
5                                      3.9195319662334702e+00
6                                      1.2193896900123826e+00
7                                      1.2193910006931432e+00
8                                      9.7279786105763666e-01
9                                      9.8135451571879162e-01
10                                     9.8369795294406481e-01
11                                     9.8135568358069736e-01
   &BVA [&Type "ArrayOfDoubles", &Dim (12,1)] "Mayer's bonded valence"
                                                         0

0                                      3.8498078241023146e+00
1                                      3.9195403768546124e+00
2                                      3.7870160972080988e+00
3                                      3.8980146139315344e+00
4                                      3.7870067401489691e+00
5                                      3.9195319662336816e+00
6                                      1.2193896900124890e+00
7                                      1.2193910006929367e+00
8                                      9.7279786105758426e-01
9                                      9.8135451571875532e-01
10                                     9.8369795294404305e-01
11                                     9.8135568358074821e-01
   &FA [&Type "ArrayOfDoubles", &Dim (12,1)] "Mayer's free valence"
                                                         0

0                                      0.0000000000000000e+00
1                                      0.0000000000000000e+00
2                                      0.0000000000000000e+00
3                                      0.0000000000000000e+00
4                                      0.0000000000000000e+00
5                                      0.0000000000000000e+00
6                                      0.0000000000000000e+00
7                                      0.0000000000000000e+00
8                                      0.0000000000000000e+00
9                                      0.0000000000000000e+00
10                                     0.0000000000000000e+00
11                                     0.0000000000000000e+00
$End
$VdW_Correction
   &GeometryIndex 1
   &ListStatus       OUT
   &VDW [&Type "Double"]      -4.6880480659109037e-03
$End
$Calculation_Info
   &GeometryIndex 1
   &ListStatus       OUT
   &MULT [&Type "Integer"] 1
   &CHARGE [&Type "Integer"] 0
   &NUMOFATOMS [&Type "Integer"] 12
   &NUMOFELECTRONS [&Type "Integer"] 74
   &NUMOFFCELECTRONS [&Type "Integer"] 1
   &NUMOFCORRELECTRONS [&Type "Integer"] 0
   &NUMOFBASISFUNCTS [&Type "Integer"] 284
   &NUMOFAUXCBASISFUNCTS [&Type "Integer"] 0
   &NUMOFAUXJBASISFUNCTS [&Type "Integer"] 308
   &NUMOFAUXJKBASISFUNCTS [&Type "Integer"] 0
   &NUMOFCABSBASISFUNCTS [&Type "Integer"] 0
   &TOTALENERGY [&Type "Double"]      -1.1513712379665740e+03  "Hartrees"
$End
$SCF_Dipole_Moment
   &GeometryIndex 1
   &ListStatus       OUT
   &METHOD [&Type "String"] "SCF"
   &LEVEL [&Type "String"] "Relaxed density"
   &MULT [&Type "Integer"] 1
   &STATE [&Type "Integer"] -1
   &IRREP [&Type "Integer"] 0
   &NATOMS [&Type "Integer"] 12
   &DODIPOLEATOM [&Type "Boolean"] false
   &DIPOLEELECCONTRIB [&Type "ArrayOfDoubles", &Dim (3,1)] "Electronic contribution"
                                                         0

0                                     -7.4542611672283494e-05
1                                      6.6529119208773277e+00
2                                      5.4855043825543831e-04
   &DIPOLENUCCONTRIB [&Type "ArrayOfDoubles", &Dim (3,1)] "Nuclear contribution"
                                                         0

0                                      8.2550978188322688e-05
1                                     -7.3022860139465822e+00
2                                     -6.0864655327265578e-04
   &DIPOLETOTAL [&Type "ArrayOfDoubles", &Dim (3,1)] "Total"
                                                         0

0                                      8.0083665160391934e-06
1                                     -6.4937409306925442e-01
2                                     -6.0096115017217473e-05
   &DIPOLEMAGNITUDE [&Type "Double", &Units "a.u."]       6.4937409589942352e-01
$End
$THERMOCHEMISTRY_Energies
   &GeometryIndex 1
   &ListStatus       OUT
   &TEMPERATURE [&Type "Double"]       2.9814999999999998e+02
   &PRESSURE [&Type "Double"]       1.0000000000000000e+00
   &TOTALMASS [&Type "Double"]       1.4700399999999999e+02
   &SPINDEGENERACY [&Type "Integer"] 1
   &ELENERGY [&Type "Double"]      -1.1513712379665740e+03
   &TRANSENERGY [&Type "Double"]       1.4162714244859817e-03
   &ROTENERGY [&Type "Double"]       1.4162714244859817e-03
   &VIBENERGY [&Type "Double"]       3.8438687410086094e-03
   &NUMOFFREQS [&Type "Integer"] 36
   &FREQSCALINGFACTOR [&Type "Double"]       1.0000000000000000e+00
   &FREQ [&Type "ArrayOfDoubles", &Dim (36,1)] "In cm^-1"
                                                         0

0                                      0.0000000000000000e+00
1                                      0.0000000000000000e+00
2                                      0.0000000000000000e+00
3                                      0.0000000000000000e+00
4                                      0.0000000000000000e+00
5                                      0.0000000000000000e+00
6                                      1.7190254285270839e+02
7                                      2.0238612423279167e+02
8                                      2.0371040953948096e+02
9                                      3.7275782465691049e+02
10                                     3.9445175943930042e+02
11                                     4.2925252678084456e+02
12                                     4.4157009163633955e+02
13                                     5.5009721744970125e+02
14                                     6.7333864021700094e+02
15                                     6.9217418662142404e+02
16                                     7.7498357805680621e+02
17                                     7.8054213403134838e+02
18                                     8.7909613863852201e+02
19                                     8.9232005498385149e+02
20                                     9.6333504220675445e+02
21                                     1.0187099334222863e+03
22                                     1.0912801609965129e+03
23                                     1.0923029427526421e+03
24                                     1.1202661147456911e+03
25                                     1.1889876143296260e+03
26                                     1.2932132024282027e+03
27                                     1.3441696043494694e+03
28                                     1.4382606418447299e+03
29                                     1.4844575502644152e+03
30                                     1.6033281293359792e+03
31                                     1.6069151259378862e+03
32                                     3.1752946921487373e+03
33                                     3.2018840119287756e+03
34                                     3.2057934540069728e+03
35                                     3.2122320179595331e+03
   &ZPE [&Type "Double"]       8.0872703362845355e-02
   &INNERENERGYU [&Type "Double"]      -1.1512836888516210e+03
   &ENTHALPYH [&Type "Double"]      -1.1512827446425788e+03
   &QEL [&Type "Double"]       0.0000000000000000e+00
   &QROT [&Type "Double"]       1.3465702189767113e-02
   &QVIB [&Type "Double"]       6.0959604623437771e-03
   &QTRANS [&Type "Double"]       1.9416916786201419e-02
   &ENTROPYS [&Type "Double"]       3.8978579438312309e-02
   &FREEENERGYG [&Type "Double"]      -1.1513217232220170e+03
   &ISLINEAR [&Type "Boolean"] false
$End
$Hessian
   &GeometryIndex 1
   &ListStatus       OUT
   &HESSIAN [&Type "ArrayOfDoubles", &Dim (36,36)] "The Hessian"
                                                         0                           1                           2                           3                           4                           5                           6                           7

0                                      6.5847363719531204e-01        -3.4583744906975869e-06        -7.2975748784871549e-06        -2.8382732063862343e-01        -5.7474754996909884e-02        -2.4654115554608433e-06         2.7833741556205067e-02        -8.0832635460264271e-02
1                                     -3.4583744906975869e-06         7.3082534632485108e-01         5.4470043395623058e-05        -1.1926148992624039e-01        -1.7570788991186062e-01        -8.9124937407740962e-06        -2.7756147260581156e-02        -3.0147473096558190e-02
2                                     -7.2975748784871549e-06         5.4470043395623058e-05         1.2855831441155702e-01        -7.6714846065742854e-06        -9.9498605747852603e-06        -5.7140403906875414e-02        -2.8441147016938507e-06        -1.4928961298288467e-06
3                                     -2.8382732063862343e-01        -1.1926148992624039e-01        -7.6714846065742854e-06         7.3155394539696894e-01        -4.1230559166841152e-02        -1.2480230339454828e-05        -1.1089246620556231e-01         4.8279871407017727e-02
4                                     -5.7474754996909884e-02        -1.7570788991186062e-01        -9.9498605747852603e-06        -4.1230559166841152e-02         6.6961235612388081e-01         4.6488087607871688e-05        -8.0424476741753313e-03        -3.2056140719055748e-01
5                                     -2.4654115554608433e-06        -8.9124937407740962e-06        -5.7140403906875414e-02        -1.2480230339454828e-05         4.6488087607871688e-05         1.2211407780063037e-01         3.8338822976016546e-07        -2.2329517507633557e-05
6                                      2.7833741556205067e-02        -2.7756147260581156e-02        -2.8441147016938507e-06        -1.1089246620556231e-01        -8.0424476741753313e-03         3.8338822976016546e-07         5.2574440203682715e-01        -7.3573173424235166e-02
7                                     -8.0832635460264271e-02        -3.0147473096558190e-02        -1.4928961298288467e-06         4.8279871407017727e-02        -3.2056140719055748e-01        -2.2329517507633557e-05        -7.3573173424235166e-02         6.1180261545770331e-01
8                                     -6.4994342138475559e-06        -2.3649116130760683e-06         6.3489657622801191e-03         4.8789694560482957e-06        -2.1013615679680734e-05        -6.3045404847445502e-02        -1.2063381693553913e-05         3.9775900298512666e-05
9                                     -5.9032846389175213e-02        -6.2874336587211241e-07         6.8790821007074222e-07         2.7274538230423254e-02         6.6306099622445991e-02         4.5069463635298036e-06        -2.5136372333212098e-01         7.3967831407858786e-02
10                                    -6.1224965735967123e-07        -3.0745113606711269e-05         2.0657125882980323e-07         2.7704768186161612e-02        -2.4492560171634398e-02        -2.9078044297358055e-06         1.3021341803305730e-01        -1.8223043131405819e-01
11                                     1.0313227936811176e-06         1.8333004466094377e-07        -4.0729578530586379e-03         1.8506690029199179e-06        -3.3479823902697697e-06         9.7001089991440789e-03         1.3381048243871168e-05        -1.0495244698653027e-05
12                                     2.7831446263672857e-02         2.7757378820976324e-02         2.3447861057766829e-06        -1.3647217573717878e-02        -2.8233026945310175e-02        -2.2747025071466763e-06        -6.5614041679845914e-02         2.8925106752360846e-02
13                                     8.0833783793103520e-02        -3.0145167338807080e-02        -3.8028656624776853e-06        -2.9480663287142932e-02        -5.0416862836564567e-02        -3.7690006288194146e-06        -2.8927688843872486e-02         6.3055666340872049e-02
14                                     5.7347785393147794e-06        -3.0111610555024108e-06         6.3488765209563612e-03        -2.3161125177510380e-06        -3.9447730778506036e-06        -4.5988598695082469e-03        -1.0174210142115971e-06         4.4680662657053832e-06
15                                    -2.8383340619571362e-01         1.1926000109046282e-01         1.3972543086340994e-05        -5.7450280332153686e-02        -2.1055141301526734e-02        -4.8925219104853480e-07        -1.3648388132893931e-02         2.9481522194042632e-02
16                                     5.7473826533871807e-02        -1.7570455504750071e-01        -1.1559670560758654e-05         2.1052622160817974e-02         5.8708599658310129e-02         3.9124666164380213e-06         2.8233733459033378e-02        -5.0415605260952304e-02
17                                     8.8199440255625552e-06        -1.2430204690282469e-05        -5.7139915188581317e-02         2.1300633720556029e-06         4.5525667112097299e-06         6.6465973803977764e-03         2.7131633619814182e-06        -4.7742051281579157e-06
18                                     3.6947926134030546e-03         1.6744225187577018e-03         2.2543143153485194e-07        -1.6527672611385295e-03         1.7031391913909829e-03         1.9486265431048687e-07         1.8847263252525347e-03        -6.1740301268768628e-03
19                                    -6.0111361621563060e-03        -4.4078720898747519e-03        -8.0290926641996118e-07         2.0878394070466483e-03         1.2323958051899844e-03         2.3955689242226912e-07        -1.3225372651001167e-03        -9.7470584430018562e-04
20                                    -5.5200051814716599e-07        -8.7216234613237228e-07         4.7491013127486719e-03         2.3280313389327756e-07         2.6038797713441098e-07        -1.0463417091521377e-03        -5.0671174094162787e-08        -2.5940607593575035e-07
21                                     3.6947209370976923e-03        -1.6741999319219939e-03        -1.2410902720473287e-07        -1.6724074694621321e-02        -1.3477880136987273e-02        -2.1404714502730771e-07        -1.1536842459150758e-01        -4.3287172587581586e-02
22                                     6.0113424453573294e-03        -4.4077213730454390e-03        -8.9652011136920474e-07        -3.9325192173686435e-02        -2.0278488816217910e-02        -1.0206389203014965e-06        -4.2949782719424540e-02        -6.7049553765591088e-02
23                                     5.3508840049057547e-07        -7.3769306389887399e-07         4.7491435694088265e-03        -2.6839628976641361e-06        -1.7039266876763359e-06         4.8044754795225283e-03        -1.9208330525887166e-06        -2.3827736139955269e-06
24                                    -5.7481962606225553e-02         4.6866550928365074e-06         2.7836027573518278e-07         3.7329580936959366e-03        -2.8493055853597120e-02        -2.5524864845826856e-06        -3.4998610839856227e-03        -2.0647372752808264e-03
25                                     4.4090466966559174e-06        -3.3507304104516855e-01        -2.7802329485392457e-05         2.1870158053101871e-03        -1.1980370201874750e-02        -1.0386835904279408e-06        -2.7106620442001956e-03         8.9786151443210565e-04
26                                     1.7605432888849295e-07        -2.7935153754619963e-05        -3.4862916705778769e-02         8.4018252780551547e-07        -3.9750445774742481e-07         2.5348673036803410e-03        -3.6506844222060913e-07        -3.9824398174746437e-07
27                                    -1.8070974314112184e-02         1.4790580751117024e-02         1.8090738974875033e-06        -2.7080080446220778e-01         1.2421871867531874e-01         1.4274287109533812e-05         1.5340146196681421e-03        -2.7492548660976585e-03
28                                    -1.4938090914874608e-02         1.1933989448744603e-02         1.0010458105685626e-06         1.2147445513828108e-01        -1.2595710362269713e-01        -9.8422034053527350e-06         2.8453802407358696e-02        -1.1612845729095496e-02
29                                    -1.2365416580000111e-06         5.7205942923247698e-07         1.6474321324289800e-03         1.4238760087297146e-05        -1.0038531941359909e-05        -3.2516367638952860e-02         2.3270608304944200e-06        -7.2425617134478765e-07
30                                    -1.2110683404664647e-03        -1.7639335533158616e-08         2.5211079138411697e-09        -4.8987570650028253e-03         2.1678937340372222e-03         3.7003804644580615e-07         3.1749046907603535e-03         2.6967019639815556e-02
31                                    -1.6282537516573448e-08         9.3106934126868830e-04         1.0121539751903112e-09         2.8496345049646259e-03         7.4231582940669991e-04        -1.5190382845189006e-07        -2.7393262376500735e-03        -1.1720913734799516e-02
32                                     8.7843155459012770e-09         5.6470609273656295e-08        -8.3299741262499421e-04         5.7408932945165658e-07        -2.7462776610125116e-07         5.2869476385103776e-03        -4.7990467623814826e-07        -1.3977113173211208e-06
33                                    -1.8070760081374253e-02        -1.4791129738926143e-02        -1.3384989436362086e-06        -2.6677534880602677e-03         3.9406172539320425e-03         6.5908978847510034e-07         2.1511579720298515e-04         1.0417982469228277e-03
34                                     1.4937344400316403e-02         1.1934059901557721e-02         5.7946429961516774e-07         3.3320955425337169e-03        -9.0098466538082516e-04        -6.6723447878196236e-07         1.1386656621077051e-03        -1.0432073770950930e-03
35                                     1.7001484631957423e-06         1.0307916579164092e-06         1.6473573575391479e-03         4.9377148263857553e-07        -6.3085030719761121e-07         7.2603033700486966e-03         3.6428233424508996e-08        -9.4641663419344350e-08
                                                         8                           9                          10                          11                          12                          13                          14                          15

0                                     -6.4994342138475559e-06        -5.9032846389175213e-02        -6.1224965735967123e-07         1.0313227936811176e-06         2.7831446263672857e-02         8.0833783793103520e-02         5.7347785393147794e-06        -2.8383340619571362e-01
1                                     -2.3649116130760683e-06        -6.2874336587211241e-07        -3.0745113606711269e-05         1.8333004466094377e-07         2.7757378820976324e-02        -3.0145167338807080e-02        -3.0111610555024108e-06         1.1926000109046282e-01
2                                      6.3489657622801191e-03         6.8790821007074222e-07         2.0657125882980323e-07        -4.0729578530586379e-03         2.3447861057766829e-06        -3.8028656624776853e-06         6.3488765209563612e-03         1.3972543086340994e-05
3                                      4.8789694560482957e-06         2.7274538230423254e-02         2.7704768186161612e-02         1.8506690029199179e-06        -1.3647217573717878e-02        -2.9480663287142932e-02        -2.3161125177510380e-06        -5.7450280332153686e-02
4                                     -2.1013615679680734e-05         6.6306099622445991e-02        -2.4492560171634398e-02        -3.3479823902697697e-06        -2.8233026945310175e-02        -5.0416862836564567e-02        -3.9447730778506036e-06        -2.1055141301526734e-02
5                                     -6.3045404847445502e-02         4.5069463635298036e-06        -2.9078044297358055e-06         9.7001089991440789e-03        -2.2747025071466763e-06        -3.7690006288194146e-06        -4.5988598695082469e-03        -4.8925219104853480e-07
6                                     -1.2063381693553913e-05        -2.5136372333212098e-01         1.3021341803305730e-01         1.3381048243871168e-05        -6.5614041679845914e-02        -2.8927688843872486e-02        -1.0174210142115971e-06        -1.3648388132893931e-02
7                                      3.9775900298512666e-05         7.3967831407858786e-02        -1.8223043131405819e-01        -1.0495244698653027e-05         2.8925106752360846e-02         6.3055666340872049e-02         4.4680662657053832e-06         2.9481522194042632e-02
8                                      1.2632853893456136e-01         9.3394188849140767e-06        -1.1531850826441370e-05        -6.1385874025184112e-02         3.0503021252372491e-06         5.0693115783657922e-06         4.8298301892281507e-03         2.6804361420180234e-06
9                                      9.3394188849140767e-06         6.4590207863894145e-01        -3.0876950744655740e-07        -8.0903002478283889e-06        -2.5135984523475524e-01        -7.3969491847765440e-02        -3.4220887324511069e-06         2.7276508400982981e-02
10                                    -1.1531850826441370e-05        -3.0876950744655740e-07         7.5742291990850819e-01         4.7265014660475852e-05        -1.3021492268703772e-01        -1.8223499172149532e-01        -7.1861983248196985e-06        -2.7703612308566147e-02
11                                    -6.1385874025184112e-02        -8.0903002478283889e-06         4.7265014660475852e-05         1.2196010491095809e-01        -6.8428612566219316e-06        -7.5566542886418792e-06        -6.1385746550528350e-02        -2.4979010138040524e-06
12                                     3.0503021252372491e-06        -2.5135984523475524e-01        -1.3021492268703772e-01        -6.8428612566219316e-06         5.2574162612822228e-01         7.3571781028345939e-02        -2.2423895555824349e-08        -1.1089176062263763e-01
13                                     5.0693115783657922e-06        -7.3969491847765440e-02        -1.8223499172149532e-01        -7.5566542886418792e-06         7.3571781028345939e-02         6.1179987782051382e-01         3.8528413438662396e-05        -4.8275444020826286e-02
14                                     4.8298301892281507e-03        -3.4220887324511069e-06        -7.1861983248196985e-06        -6.1385746550528350e-02        -2.2423895555824349e-08         3.8528413438662396e-05         1.2632872727357880e-01        -3.7451604425783842e-06
15                                     2.6804361420180234e-06         2.7276508400982981e-02        -2.7703612308566147e-02        -2.4979010138040524e-06        -1.1089176062263763e-01        -4.8275444020826286e-02        -3.7451604425783842e-06         7.3155346096353169e-01
16                                    -4.5690043679587821e-06        -6.6304902424091122e-02        -2.4494241615439491e-02        -1.8269146244666084e-06         8.0468775278054669e-03        -3.2055679506880463e-01        -2.2321123810437860e-05         4.1228585325971609e-02
17                                    -4.5988537776937236e-03        -4.7514351259553636e-06        -1.9794049123496998e-06         9.7000093321594413e-03         7.4848271171307699e-07        -2.2488875301614327e-05        -6.3045677747921636e-02        -3.8003328160984289e-06
18                                    -6.1398879898199652e-07        -4.3315828598018864e-02         2.3341770804510411e-02         2.2828881732208892e-06        -1.1536975830696325e-01         4.3285848306271496e-02         4.5396415030830507e-06        -1.6725164593755368e-02
19                                    -3.4321468646304826e-07        -1.0370445587124869e-03         5.1951895843812953e-03         1.0724072188986531e-08         4.2948387985746135e-02        -6.7047395485234640e-02        -3.9209710866772128e-06         3.9325163112411597e-02
20                                     5.2340324676235297e-03         1.5671302079034434e-07        -4.0460015124343010e-07         4.6739148243020376e-03         4.0707334734226106e-06        -3.5991310193298316e-06        -2.5592875558323718e-02         3.3302402446217406e-06
21                                    -1.9060079668664439e-06        -4.3315532459870798e-02        -2.3342788956507682e-02        -1.3042236903760440e-06         1.8845522652602177e-03         6.1741034148936266e-03         7.9969441795338420e-07        -1.6526747968570871e-03
22                                    -2.5184970728373057e-06         1.0360134664423384e-03         5.1946691941677824e-03        -1.7029326928194225e-07         1.3226048260205651e-03        -9.7451408067309397e-04        -3.7223185254613263e-07        -2.0879042902803039e-03
23                                    -2.5592999570787405e-02         1.1696757111979280e-06         3.3236905672326827e-07         4.6739622055315330e-03         1.3693318021271908e-07        -6.1399123194879636e-07         5.2339971931040499e-03        -2.6806143011378414e-07
24                                    -9.2174676095055658e-08        -1.1860510764602357e-03        -2.5638293534638658e-08        -1.5339217424946565e-08        -3.4999751674177635e-03         2.0646066883519163e-03         4.0175665104831650e-07         3.7325352428743039e-03
25                                    -4.9119177174560992e-07        -3.5807242151534382e-08         7.6617638347178506e-04         5.6447175794887325e-08         2.7105348098207241e-03         8.9802018856084903e-04        -6.4634122121080076e-07        -2.1866787513226960e-03
26                                     7.2513483388543338e-03        -8.9704865874267129e-08         6.0228527486141439e-08        -1.0512333645379848e-03         7.1790265541582196e-07        -3.6793921020245701e-07         7.2513972866927873e-03        -7.4928389291375392e-07
27                                    -8.0576073224763712e-07         1.4579630243669044e-03        -5.8550629131116395e-04         2.1844983866725576e-08         2.1514629608670663e-04        -1.0417816002064274e-03         1.1873008533408837e-07        -2.6676482967297136e-03
28                                    -1.3201809160928792e-06        -1.3708690237277752e-03        -5.7803625466132241e-03        -8.8622298597911803e-07        -1.1386409988521605e-03        -1.0432545986239221e-03        -8.3374960870242951e-08        -3.3321462327545112e-03
29                                     2.3470103962203092e-03        -2.4763086740746173e-07        -9.9286161429593271e-07         5.2291697785746220e-03        -7.5676616525373410e-09        -1.0259754166954752e-07        -7.4394600969130971e-04        -2.3966171618729809e-07
30                                     1.9510914977340576e-06        -5.3795169599639536e-02         2.1862984870739848e-06         3.8653436025724634e-07         3.1754006715815457e-03        -2.6966623387193092e-02        -1.9526777337426679e-06        -4.8986481807139232e-03
