*************************************************
******************* ORCA 6.0.0 ******************
*************************************************
$Calculation_Status
   &GeometryIndex 1
   &ListStatus       OUT
   &VERSION [&Type "String"] "6.0.0"
   &PROGNAME [&Type "String"] "LeanSCF"
   &STATUS [&Type "String"] "NORMAL TERMINATION"
$End
$Geometry
   &GeometryIndex 1
   &ListStatus       OUT
   &NATOMS [&Type "Integer"] 10
   &NCORELESSECP [&Type "Integer"] 0
   &NGHOSTATOMS [&Type "Integer"] 0
   &CartesianCoordinates [&Type "Coordinates", &Dim(10,4), &Units "Bohr"] 
              C     -2.411040596965    1.311365639366   -0.012332560053
              C     -0.000013142667   -0.175906645713    0.000122503953
              O      0.000259599049   -2.497472717213    0.000220987220
              C      2.410749919858    1.311845010540    0.012330945282
              H     -2.657845730201    2.159103195072    1.864401631298
              H     -2.291299702977    2.879077390907   -1.356755916995
              H     -4.029736496873    0.106381340158   -0.434805719882
              H      2.658879315343    2.156329688434   -1.865716102875
              H      4.029304026622    0.107713967847    0.437806862930
              H      2.289918792597    2.881772108816    1.354019699567
$End
$SCF_Energy
   &GeometryIndex 1
   &ListStatus       OUT
   &SCF_ENERGY [&Type "Double"]      -1.9312143837374276e+02
$End
$DFT_Energy
   &GeometryIndex 1
   &ListStatus       OUT
   &NALPHAEL [&Type "Integer"] 16
   &NBETAEL [&Type "Integer"] 16
   &NTOTALEL [&Type "Integer"] 32
   &EEXCHANGE [&Type "Double"]      -2.5986707538682293e+01
   &ECORR [&Type "Double"]      -1.0049699504420573e+00
   &ECNL [&Type "Double"]       0.0000000000000000e+00
   &EXC [&Type "Double"]      -2.6991677489124349e+01
   &EEMBED [&Type "Double"]       0.0000000000000000e+00
   &FINALEN [&Type "Double"]      -1.9312143837374276e+02  "No Van der Waals correction"
$End
$Mulliken_Population_Analysis
   &GeometryIndex 1
   &ListStatus       OUT
   &NATOMS [&Type "Integer"] 10
   &ATNO [&Type "ArrayOfIntegers", &Dim (10,1)] 
                                                         0

0                                                        6
1                                                        6
2                                                        8
3                                                        6
4                                                        1
5                                                        1
6                                                        1
7                                                        1
8                                                        1
9                                                        1
   &ATOMICCHARGES [&Type "ArrayOfDoubles", &Dim (10,1)] 
                                                         0

0                                     -3.0365186866497140e-01
1                                      2.1070717441335596e-01
2                                     -3.3792038129218938e-01
3                                     -3.0366646274179399e-01
4                                      1.2393680281729202e-01
5                                      1.1307444763050500e-01
6                                      1.3024912977125069e-01
7                                      1.2396311033556695e-01
8                                      1.3026164567223786e-01
9                                      1.1304640205877603e-01
$End
$Loewdin_Population_Analysis
   &GeometryIndex 1
   &ListStatus       OUT
   &NATOMS [&Type "Integer"] 10
   &ATNO [&Type "ArrayOfIntegers", &Dim (10,1)] 
                                                         0

0                                                        6
1                                                        6
2                                                        8
3                                                        6
4                                                        1
5                                                        1
6                                                        1
7                                                        1
8                                                        1
9                                                        1
   &ATOMICCHARGES [&Type "ArrayOfDoubles", &Dim (10,1)] 
                                                         0

0                                     -2.6618553561598457e-01
1                                     -3.8136636794243373e-01
2                                      1.0144628655627219e-01
3                                     -2.6618689259954920e-01
4                                      1.4110803995468468e-01
5                                      1.3268763343408541e-01
6                                      1.3235064941230190e-01
7                                      1.4113652129677001e-01
8                                      1.3236264297871370e-01
9                                      1.3264702252517524e-01
$End
$Mayer_Population_Analysis
   &GeometryIndex 1
   &ListStatus       OUT
   &NATOMS [&Type "Integer"] 10 "Total number of atoms"
   &BONDTHRESH [&Type "Double"]       1.0000000000000001e-01  "The threshold for printing"
   &NBONDORDERSPRINT [&Type "Integer"] 9 "The number of bond orders larger than threshold"
   &BONDORDERS [&Type "ArrayOfDoubles", &Dim (9,1)] "The bond orders"
                                                         0

0                                      9.6327468844931952e-01
1                                      9.3947971813680908e-01
2                                      9.4859480759172754e-01
3                                      9.6855482174717655e-01
4                                      2.0645099557561122e+00
5                                      9.6322510801133654e-01
6                                      9.3945593255742255e-01
7                                      9.6854304281282311e-01
8                                      9.4864497390688929e-01
   &COMPONENTS [&Type "ArrayOfIntegers", &Dim (9,4)] "The indices and atomic numbers of the bonding atoms"
                                                         0                           1                           2                           3

0                                                        0                           6                           1                           6
1                                                        0                           6                           4                           1
2                                                        0                           6                           5                           1
3                                                        0                           6                           6                           1
4                                                        1                           6                           2                           8
5                                                        1                           6                           3                           6
6                                                        3                           6                           7                           1
7                                                        3                           6                           8                           1
8                                                        3                           6                           9                           1
   &ATNO [&Type "ArrayOfIntegers", &Dim (10,1)] "Atomic number of the elements"
                                                         0

0                                                        6
1                                                        6
2                                                        8
3                                                        6
4                                                        1
5                                                        1
6                                                        1
7                                                        1
8                                                        1
9                                                        1
   &NA [&Type "ArrayOfDoubles", &Dim (10,1)] "Mulliken gross atomic population"
                                                         0

0                                      6.3036518686649607e+00
1                                      5.7892928255866645e+00
2                                      8.3379203812921823e+00
3                                      6.3036664627418091e+00
4                                      8.7606319718270809e-01
5                                      8.8692555236949555e-01
6                                      8.6975087022874797e-01
7                                      8.7603688966443316e-01
8                                      8.6973835432776214e-01
9                                      8.8695359794122397e-01
   &ZA [&Type "ArrayOfDoubles", &Dim (10,1)] "Total nuclear charge"
                                                         0

0                                      6.0000000000000000e+00
1                                      6.0000000000000000e+00
2                                      8.0000000000000000e+00
3                                      6.0000000000000000e+00
4                                      1.0000000000000000e+00
5                                      1.0000000000000000e+00
6                                      1.0000000000000000e+00
7                                      1.0000000000000000e+00
8                                      1.0000000000000000e+00
9                                      1.0000000000000000e+00
   &QA [&Type "ArrayOfDoubles", &Dim (10,1)] "Mulliken gross atomic charge"
                                                         0

0                                     -3.0365186866496074e-01
1                                      2.1070717441333553e-01
2                                     -3.3792038129218227e-01
3                                     -3.0366646274180908e-01
4                                      1.2393680281729191e-01
5                                      1.1307444763050445e-01
6                                      1.3024912977125203e-01
7                                      1.2396311033556684e-01
8                                      1.3026164567223786e-01
9                                      1.1304640205877603e-01
   &VA [&Type "ArrayOfDoubles", &Dim (10,1)] "Mayer's total valence"
                                                         0

0                                      3.7518956501418872e+00
1                                      4.0336695272630063e+00
2                                      2.1061901653218635e+00
3                                      3.7518825240164184e+00
4                                      9.8132298139654739e-01
5                                      9.7924649979769063e-01
6                                      1.0031627601956710e+00
7                                      9.8133644692868693e-01
8                                      1.0031478640117355e+00
9                                      9.7924349107491904e-01
   &BVA [&Type "ArrayOfDoubles", &Dim (10,1)] "Mayer's bonded valence"
                                                         0

0                                      3.7518956501419640e+00
1                                      4.0336695272629637e+00
2                                      2.1061901653217707e+00
3                                      3.7518825240163771e+00
4                                      9.8132298139654617e-01
5                                      9.7924649979768452e-01
6                                      1.0031627601956812e+00
7                                      9.8133644692868249e-01
8                                      1.0031478640117182e+00
9                                      9.7924349107492492e-01
   &FA [&Type "ArrayOfDoubles", &Dim (10,1)] "Mayer's free valence"
                                                         0

0                                      0.0000000000000000e+00
1                                      0.0000000000000000e+00
2                                      0.0000000000000000e+00
3                                      0.0000000000000000e+00
4                                      0.0000000000000000e+00
5                                      0.0000000000000000e+00
6                                      0.0000000000000000e+00
7                                      0.0000000000000000e+00
8                                      0.0000000000000000e+00
9                                      0.0000000000000000e+00
$End
$VdW_Correction
   &GeometryIndex 1
   &ListStatus       OUT
   &VDW [&Type "Double"]      -1.7188697581936208e-03
$End
$Calculation_Info
   &GeometryIndex 1
   &ListStatus       OUT
   &MULT [&Type "Integer"] 1
   &CHARGE [&Type "Integer"] 0
   &NUMOFATOMS [&Type "Integer"] 10
   &NUMOFELECTRONS [&Type "Integer"] 32
   &NUMOFFCELECTRONS [&Type "Integer"] 1
   &NUMOFCORRELECTRONS [&Type "Integer"] 0
   &NUMOFBASISFUNCTS [&Type "Integer"] 160
   &NUMOFAUXCBASISFUNCTS [&Type "Integer"] 0
   &NUMOFAUXJBASISFUNCTS [&Type "Integer"] 186
   &NUMOFAUXJKBASISFUNCTS [&Type "Integer"] 0
   &NUMOFCABSBASISFUNCTS [&Type "Integer"] 0
   &TOTALENERGY [&Type "Double"]      -1.9311846746930098e+02  "Hartrees"
$End
$SCF_Dipole_Moment
   &GeometryIndex 1
   &ListStatus       OUT
   &METHOD [&Type "String"] "SCF"
   &LEVEL [&Type "String"] "Relaxed density"
   &MULT [&Type "Integer"] 1
   &STATE [&Type "Integer"] -1
   &IRREP [&Type "Integer"] 0
   &NATOMS [&Type "Integer"] 10
   &DODIPOLEATOM [&Type "Boolean"] false
   &DIPOLEELECCONTRIB [&Type "ArrayOfDoubles", &Dim (3,1)] "Electronic contribution"
                                                         0

0                                      2.7357222484261255e-04
1                                     -3.8710326954745411e+00
2                                      5.4281366341130816e-04
   &DIPOLENUCCONTRIB [&Type "ArrayOfDoubles", &Dim (3,1)] "Nuclear contribution"
                                                         0

0                                     -3.7061156268647366e-04
1                                      5.0989912710104957e+00
2                                     -7.2139970226725580e-04
   &DIPOLETOTAL [&Type "ArrayOfDoubles", &Dim (3,1)] "Total"
                                                         0

0                                     -9.7039337843861113e-05
1                                      1.2279585755359546e+00
2                                     -1.7858603885594765e-04
   &DIPOLEMAGNITUDE [&Type "Double", &Units "a.u."]       1.2279585923563940e+00
$End
$THERMOCHEMISTRY_Energies
   &GeometryIndex 1
   &ListStatus       OUT
   &TEMPERATURE [&Type "Double"]       2.9814999999999998e+02
   &PRESSURE [&Type "Double"]       1.0000000000000000e+00
   &TOTALMASS [&Type "Double"]       5.8079999999999998e+01
   &SPINDEGENERACY [&Type "Integer"] 1
   &ELENERGY [&Type "Double"]      -1.9311846746930098e+02
   &TRANSENERGY [&Type "Double"]       1.4162714244859817e-03
   &ROTENERGY [&Type "Double"]       1.4162714244859817e-03
   &VIBENERGY [&Type "Double"]       2.3172346125608775e-03
   &NUMOFFREQS [&Type "Integer"] 30
   &FREQSCALINGFACTOR [&Type "Double"]       1.0000000000000000e+00
   &FREQ [&Type "ArrayOfDoubles", &Dim (30,1)] "In cm^-1"
                                                         0

0                                      0.0000000000000000e+00
1                                      0.0000000000000000e+00
2                                      0.0000000000000000e+00
3                                      0.0000000000000000e+00
4                                      0.0000000000000000e+00
5                                      0.0000000000000000e+00
6                                      1.4161208972850167e+02
7                                      1.6083547590448896e+02
8                                      3.8607170194369132e+02
9                                      5.0009923541793080e+02
10                                     5.4508635501440847e+02
11                                     8.0427126060022863e+02
12                                     8.7832497855977670e+02
13                                     9.0768035443445717e+02
14                                     1.0803650624330319e+03
15                                     1.1115404609978775e+03
16                                     1.2503260394760014e+03
17                                     1.3731733980531606e+03
18                                     1.3827727419402374e+03
19                                     1.4498424023495936e+03
20                                     1.4505053470788637e+03
21                                     1.4615785765233923e+03
22                                     1.4787903758230925e+03
23                                     1.6959547498270688e+03
24                                     3.0040676693623886e+03
25                                     3.0094165064923450e+03
26                                     3.0735040697325308e+03
27                                     3.0786770640224372e+03
28                                     3.1316059696154434e+03
29                                     3.1329233476354302e+03
   &ZPE [&Type "Double"]       8.3128116119119466e-02
   &INNERENERGYU [&Type "Double"]      -1.9303018957572033e+02
   &ENTHALPYH [&Type "Double"]      -1.9302924536667808e+02
   &QEL [&Type "Double"]       0.0000000000000000e+00
   &QROT [&Type "Double"]       1.1461083360321738e-02
   &QVIB [&Type "Double"]       3.9109482572103286e-03
   &QTRANS [&Type "Double"]       1.8101712718678470e-02
   &ENTROPYS [&Type "Double"]       3.3473744336210538e-02
   &FREEENERGYG [&Type "Double"]      -1.9306271911101430e+02
   &ISLINEAR [&Type "Boolean"] false
$End
$Hessian
   &GeometryIndex 1
   &ListStatus       OUT
   &HESSIAN [&Type "ArrayOfDoubles", &Dim (30,30)] "The Hessian"
                                                         0                           1                           2                           3                           4                           5                           6                           7

0                                      5.1542339338090071e-01         6.6333810811789934e-02         1.3929940348678376e-02        -1.8371382783420834e-01         3.2725975963488335e-02        -1.2529925273421869e-03         8.4401690856836936e-03         2.0949527091769438e-02
1                                      6.6333810811789934e-02         5.4524562273316013e-01        -3.9820604890060569e-03         3.4335256618710168e-02        -9.2592316136728497e-02         2.4901740386623124e-03         4.0358621401648552e-02        -5.0074640764906697e-02
2                                      1.3929940348678376e-02        -3.9820604890060569e-03         5.0442774133953705e-01        -4.6659976401607784e-03         3.7116358210182842e-03        -8.4228827300286829e-02        -9.9918897056365400e-04        -1.5029299899107238e-03
3                                     -1.8371382783420834e-01         3.4335256618710168e-02        -4.6659976401607784e-03         5.2077644837795989e-01        -5.3388944297873969e-05         2.3803320866490432e-03        -1.1779827992421596e-01         6.8143246085807427e-05
4                                      3.2725975963488335e-02        -9.2592316136728497e-02         3.7116358210182842e-03        -5.3388944297873969e-05         8.5287367870838227e-01        -2.8942872654746975e-05         6.3136858237008655e-05        -6.3413824106736516e-01
5                                     -1.2529925273421869e-03         2.4901740386623124e-03        -8.4228827300286829e-02         2.3803320866490432e-03        -2.8942872654746975e-05         2.5091437264346222e-01        -1.5246245260969046e-03         1.9580191689619289e-05
6                                      8.4401690856836936e-03         4.0358621401648552e-02        -9.9918897056365400e-04        -1.1779827992421596e-01         6.3136858237008655e-05        -1.5246245260969046e-03         1.0378050624809224e-01        -7.7566380898153996e-05
7                                      2.0949527091769438e-02        -5.0074640764906697e-02        -1.5029299899107238e-03         6.8143246085807427e-05        -6.3413824106736516e-01         1.9580191689619289e-05        -7.7566380898153996e-05         7.3642364624881773e-01
8                                     -9.8103845940663388e-04        -2.1666717486752123e-03         2.4539409856922743e-02        -2.0753313629300676e-03         1.4497829574603195e-05        -7.8044303309503710e-02         1.9614655953280585e-03        -2.6277725954848433e-05
9                                     -2.6678589192120225e-02        -1.2651723021772331e-02        -1.0292344655492289e-03        -1.8367578125147654e-01        -3.2731431669818407e-02        -1.2494171603131864e-03         8.4521035211778256e-03        -2.0943868659185363e-02
10                                     1.2641384661906563e-02         1.3372185289917654e-02         1.7976728934885546e-03        -3.4363347553828388e-02        -9.2621741670429095e-02        -2.4955038956723280e-03        -4.0348227918174336e-02        -5.0080929077559511e-02
11                                    -1.0380335270680366e-03        -1.8144236722613097e-03         1.6130516055985256e-02        -4.6904561060168767e-03        -3.7267102263947860e-03        -8.4214931520212852e-02        -1.0007795936837300e-03         1.5203227042466416e-03
12                                    -4.8711624749296703e-02         1.2418328152564093e-02         3.1436287717768678e-02        -8.9209650914904410e-04         1.0215985147353179e-02         2.9149175707554858e-02        -2.0391608762481972e-03         1.9452959556538764e-03
13                                     1.0748697014338240e-02        -8.0531275795394680e-02        -1.0045417791037303e-01         1.8741787158497994e-03        -1.1805753906043985e-02        -1.8359504557135333e-02         3.2207790266614144e-03        -9.6408942839929044e-04
14                                     2.6533884916361890e-02        -9.6265591614203214e-02        -2.5249389723787102e-01         2.1441707995654286e-04        -1.1179249090524567e-03        -1.6889977015139331e-05         4.4631447794644366e-04         1.7063630252417365e-03
15                                    -5.0441569698172567e-02        -1.4557767090262101e-02         6.7889867542555559e-03         7.7643608934449505e-03         1.9371019107838072e-02        -2.2371060057849515e-02        -4.7765834532795415e-03         4.6692752009882179e-03
16                                    -1.4903106432292396e-02        -1.9108344265135524e-01         1.3324260159306339e-01        -4.1112784931182263e-03        -1.6889016230630671e-02         1.1114182853202670e-02         5.7220880664477225e-03        -1.4062090969877558e-03
17                                     7.4684551761535038e-03         1.3113575681848197e-01        -1.5185263122962725e-01         1.8553379336299115e-03        -2.0714068954080138e-03        -4.5250184085687340e-04         3.0921624736851100e-04        -1.0052637025818540e-03
18                                    -2.1026131838415987e-01        -1.2329589173761191e-01        -4.4997159859988936e-02        -2.4662012780903551e-02        -2.1639969885442131e-02        -5.9830607636078585e-03         5.3773169896912231e-03        -2.9307704262598877e-04
19                                    -1.2718772235058473e-01        -1.4339934009835542e-01        -3.2218983578645707e-02         1.4720728810441060e-02         1.1923606293373409e-02         4.8102181072607799e-03        -1.1777759640353522e-03         1.3107913274358982e-03
20                                    -4.5380576828344829e-02        -3.1324692133997439e-02        -5.7883716265376417e-02         2.4627051362482765e-03        -7.2460236454123528e-04        -1.7385537335044597e-03         2.3886714581722876e-05         1.0337251498708962e-03
21                                    -3.4348740073351382e-04         8.8419793254955123e-04        -2.8246650034443347e-03        -9.2366378646933597e-04        -1.0178713188498011e-02         2.9161861795258304e-02        -2.0282220891690121e-03        -1.9345778222636472e-03
22                                     4.0345481115936421e-04        -2.0791338760666345e-04        -2.0059608695301625e-03        -1.8872837388726887e-03        -1.1774186286413888e-02         1.8381767755157086e-02        -3.2105161651453211e-03        -9.6600372362035374e-04
23                                     7.3525334672993811e-05         7.9570379212551539e-04        -3.0454963420633707e-04         2.2452327484961260e-04         1.1298001148645175e-03        -2.5487124473692348e-05         4.4781894517997747e-04        -1.7072773570962641e-03
24                                    -3.5328492430493179e-03        -5.0887777800163268e-03        -2.0936120957504013e-04        -2.4662006105748376e-02         2.1619525193327369e-02        -6.0272097213296457e-03         5.3751370411240004e-03         2.9712789799951275e-04
25                                    -2.5036050413794718e-03        -1.5695893252641784e-03         6.0475574937935068e-04        -1.4717781266825245e-02         1.1919012242868510e-02        -4.8461639069833709e-03         1.1765904646702371e-03         1.3075889132712973e-03
26                                     4.6901650570153365e-04         8.9316149096673510e-04         1.5197497237764699e-03         2.4821883593394555e-03         7.2675724910307516e-04        -1.7344898198397825e-03         2.3366303079261483e-05        -1.0407833964090401e-03
27                                    -1.8029596484393589e-04         1.2347928476374608e-03         2.5817487224219660e-03         7.7868589207663406e-03        -1.9395936352867481e-02        -2.2328598926774877e-02        -4.7829865428562577e-03        -4.6787715205891360e-03
28                                     8.2073533456765695e-04         8.4071013653352119e-04         7.4354377934469223e-04         4.1385703765355331e-03        -1.6895041947012853e-02        -1.1084740020894769e-02        -5.7286373563463344e-03        -1.4119133306862135e-03
29                                     1.6646266675078656e-04         3.0254651907811025e-04         1.4620469114633703e-04         1.8578753322868492e-03         2.0858285608588390e-03        -4.5838801776885204e-04         3.1330713669733555e-04         1.0031268353024765e-03
                                                         8                           9                          10                          11                          12                          13                          14                          15

0                                     -9.8103845940663388e-04        -2.6678589192120225e-02         1.2641384661906563e-02        -1.0380335270680366e-03        -4.8711624749296703e-02         1.0748697014338240e-02         2.6533884916361890e-02        -5.0441569698172567e-02
1                                     -2.1666717486752123e-03        -1.2651723021772331e-02         1.3372185289917654e-02        -1.8144236722613097e-03         1.2418328152564093e-02        -8.0531275795394680e-02        -9.6265591614203214e-02        -1.4557767090262101e-02
2                                      2.4539409856922743e-02        -1.0292344655492289e-03         1.7976728934885546e-03         1.6130516055985256e-02         3.1436287717768678e-02        -1.0045417791037303e-01        -2.5249389723787102e-01         6.7889867542555559e-03
3                                     -2.0753313629300676e-03        -1.8367578125147654e-01        -3.4363347553828388e-02        -4.6904561060168767e-03        -8.9209650914904410e-04         1.8741787158497994e-03         2.1441707995654286e-04         7.7643608934449505e-03
4                                      1.4497829574603195e-05        -3.2731431669818407e-02        -9.2621741670429095e-02        -3.7267102263947860e-03         1.0215985147353179e-02        -1.1805753906043985e-02        -1.1179249090524567e-03         1.9371019107838072e-02
5                                     -7.8044303309503710e-02        -1.2494171603131864e-03        -2.4955038956723280e-03        -8.4214931520212852e-02         2.9149175707554858e-02        -1.8359504557135333e-02        -1.6889977015139331e-05        -2.2371060057849515e-02
6                                      1.9614655953280585e-03         8.4521035211778256e-03        -4.0348227918174336e-02        -1.0007795936837300e-03        -2.0391608762481972e-03         3.2207790266614144e-03         4.4631447794644366e-04        -4.7765834532795415e-03
7                                     -2.6277725954848433e-05        -2.0943868659185363e-02        -5.0080929077559511e-02         1.5203227042466416e-03         1.9452959556538764e-03        -9.6408942839929044e-04         1.7063630252417365e-03         4.6692752009882179e-03
8                                      3.1995997105918328e-02        -9.8454135182529830e-04         2.1899937099881476e-03         2.4518159355671795e-02        -3.6270752728452126e-03         3.8424413879328111e-03        -4.6165248876995171e-04         3.5427796649284875e-03
9                                     -9.8454135182529830e-04         5.1537541890614802e-01        -6.6305480120059157e-02         1.4023130388991396e-02        -3.4152489609575549e-04        -4.0554344069087655e-04         7.3556362519868954e-05        -1.7953754636953155e-04
10                                     2.1899937099881476e-03        -6.6305480120059157e-02         5.4527980107850071e-01         4.0363850777790367e-03        -8.8568914128342652e-04        -2.0697561541130251e-04        -7.9423164075791315e-04        -1.2354647380345869e-03
11                                     2.4518159355671795e-02         1.4023130388991396e-02         4.0363850777790367e-03         5.0443529375133700e-01        -2.8195460768627089e-03         2.0064797148140324e-03        -3.0315132676782914e-04         2.5898787949719258e-03
12                                    -3.6270752728452126e-03        -3.4152489609575549e-04        -8.8568914128342652e-04        -2.8195460768627089e-03         4.9294347672158755e-02        -1.5063990024285486e-02        -3.1224211836727377e-02        -8.8266691060766896e-04
13                                     3.8424413879328111e-03        -4.0554344069087655e-04        -2.0697561541130251e-04         2.0064797148140324e-03        -1.5063990024285486e-02         8.9684703215926601e-02         1.0588244769315087e-01        -3.9787651684569676e-03
14                                    -4.6165248876995171e-04         7.3556362519868954e-05        -7.9423164075791315e-04        -3.0315132676782914e-04        -3.1224211836727377e-02         1.0588244769315087e-01         2.7608859777241762e-01         2.8323123197843015e-03
15                                     3.5427796649284875e-03        -1.7953754636953155e-04        -1.2354647380345869e-03         2.5898787949719258e-03        -8.8266691060766896e-04        -3.9787651684569676e-03         2.8323123197843015e-03         4.8916519068755632e-02
16                                    -1.1226053868684423e-03        -8.1900810210439306e-04         8.3940091232839308e-04        -7.4628623705600534e-04         1.6250767590483784e-04         1.0197349272978029e-02        -9.5185411113809307e-03         1.2018596744981095e-02
17                                    -4.6880370583813268e-05         1.6639179788625717e-04        -3.0211556147675261e-04         1.4715449937682552e-04         7.9434328068073330e-04         2.2947664789900200e-02        -1.8985205183504564e-02        -1.0726550767505044e-02
18                                     1.1205927914615249e-03        -3.5332281936770148e-03         5.0872383100849586e-03        -2.1640258839910950e-04         4.3995200833007479e-03         4.1496334761338960e-03         1.2881794047523570e-03         3.4262001172324658e-04
19                                    -3.3103701685529690e-04         2.5052663202408103e-03        -1.5703545733364917e-03        -6.0047172532355002e-04        -8.7288295771453250e-03        -6.9803649713819057e-03        -4.6535804079917906e-04        -1.6196454957036244e-02
20                                    -1.0038763628906345e-03         4.6613476392762818e-04        -8.9314159642412544e-04         1.5259761655451996e-03        -2.2964181915322263e-02        -1.5776293913808165e-02        -4.5420030662513067e-03         1.7620542635526426e-02
21                                    -3.6244677122298915e-03        -4.8731302540071270e-02        -1.2447984240807867e-02         3.1611966192454044e-02         5.6815984466973427e-04        -6.0089247723083840e-04        -1.7493365963662554e-04        -1.4502806715914968e-03
22                                    -3.8482932647742182e-03        -1.0781469620810832e-02        -8.0196405266911061e-02         1.0013772340121185e-01         6.0055797390696998e-04         1.5314059047991731e-04         1.0382572683651425e-04        -6.4796688887808879e-05
23                                    -4.5691160892857895e-04         2.6691979951158275e-02         9.5946296304467382e-02        -2.5277896096166685e-01        -1.7568417542895306e-04        -1.0356545522059897e-04         9.9399734398718069e-05        -6.5052906541089714e-05
24                                     1.1279020651406848e-03        -2.1021890307552582e-01         1.2319668707252730e-01        -4.5313129546956925e-02         5.5985479494586763e-05         4.5698399902356288e-07         9.8948158058828790e-05         7.4158647475939393e-04
25                                     3.3312127613343878e-04         1.2708184666291106e-01        -1.4326676431347646e-01         3.2422249681956679e-02        -2.4018953313795617e-04        -7.6150593248116953e-05         8.5158691856017897e-05         7.7120339157570267e-06
26                                    -1.0005641672590994e-03        -4.5698963492945180e-02         3.1523428084751670e-02        -5.8034111684324749e-02        -6.0668642498163891e-04         7.7002328758657727e-05         2.1491756476584782e-04         8.5355465240857841e-05
27                                     3.5389317125413267e-03        -5.0468655731989713e-02         1.4692124127815346e-02         6.8655242583833074e-03        -1.4509391382264475e-03         6.3257629491357418e-05        -6.4274086551444412e-05        -3.4448168662416301e-05
28                                     1.1142452051003779e-03         1.5020171191143069e-02        -1.9154821676362277e-01        -1.3317204279433870e-01        -4.3178836534032408e-04         5.2941723049474646e-04         3.7233197170825558e-04        -5.4110142957102247e-05
29                                    -3.9378010577072165e-05         7.5288110103361797e-03        -1.3107200930077759e-01        -1.5142594433494383e-01         1.3385859699094501e-05        -5.0973870619159395e-05         3.9988420859763361e-04        -2.8059297306094191e-04
                                                        16                          17                          18                          19                          20                          21                          22                          23

0                                     -1.4903106432292396e-02         7.4684551761535038e-03        -2.1026131838415987e-01        -1.2718772235058473e-01        -4.5380576828344829e-02        -3.4348740073351382e-04         4.0345481115936421e-04         7.3525334672993811e-05
1                                     -1.9108344265135524e-01         1.3113575681848197e-01        -1.2329589173761191e-01        -1.4339934009835542e-01        -3.1324692133997439e-02         8.8419793254955123e-04        -2.0791338760666345e-04         7.9570379212551539e-04
2                                      1.3324260159306339e-01        -1.5185263122962725e-01        -4.4997159859988936e-02        -3.2218983578645707e-02        -5.7883716265376417e-02        -2.8246650034443347e-03        -2.0059608695301625e-03        -3.0454963420633707e-04
3                                     -4.1112784931182263e-03         1.8553379336299115e-03        -2.4662012780903551e-02         1.4720728810441060e-02         2.4627051362482765e-03        -9.2366378646933597e-04        -1.8872837388726887e-03         2.2452327484961260e-04
4                                     -1.6889016230630671e-02        -2.0714068954080138e-03        -2.1639969885442131e-02         1.1923606293373409e-02        -7.2460236454123528e-04        -1.0178713188498011e-02        -1.1774186286413888e-02         1.1298001148645175e-03
5                                      1.1114182853202670e-02        -4.5250184085687340e-04        -5.9830607636078585e-03         4.8102181072607799e-03        -1.7385537335044597e-03         2.9161861795258304e-02         1.8381767755157086e-02        -2.5487124473692348e-05
6                                      5.7220880664477225e-03         3.0921624736851100e-04         5.3773169896912231e-03        -1.1777759640353522e-03         2.3886714581722876e-05        -2.0282220891690121e-03        -3.2105161651453211e-03         4.4781894517997747e-04
7                                     -1.4062090969877558e-03        -1.0052637025818540e-03        -2.9307704262598877e-04         1.3107913274358982e-03         1.0337251498708962e-03        -1.9345778222636472e-03        -9.6600372362035374e-04        -1.7072773570962641e-03
8                                     -1.1226053868684423e-03        -4.6880370583813268e-05         1.1205927914615249e-03        -3.3103701685529690e-04        -1.0038763628906345e-03        -3.6244677122298915e-03        -3.8482932647742182e-03        -4.5691160892857895e-04
9                                     -8.1900810210439306e-04         1.6639179788625717e-04        -3.5332281936770148e-03         2.5052663202408103e-03         4.6613476392762818e-04        -4.8731302540071270e-02        -1.0781469620810832e-02         2.6691979951158275e-02
10                                     8.3940091232839308e-04        -3.0211556147675261e-04         5.0872383100849586e-03        -1.5703545733364917e-03        -8.9314159642412544e-04        -1.2447984240807867e-02        -8.0196405266911061e-02         9.5946296304467382e-02
11                                    -7.4628623705600534e-04         1.4715449937682552e-04        -2.1640258839910950e-04        -6.0047172532355002e-04         1.5259761655451996e-03         3.1611966192454044e-02         1.0013772340121185e-01        -2.5277896096166685e-01
12                                     1.6250767590483784e-04         7.9434328068073330e-04         4.3995200833007479e-03        -8.7288295771453250e-03        -2.2964181915322263e-02         5.6815984466973427e-04         6.0055797390696998e-04        -1.7568417542895306e-04
13                                     1.0197349272978029e-02         2.2947664789900200e-02         4.1496334761338960e-03        -6.9803649713819057e-03        -1.5776293913808165e-02        -6.0089247723083840e-04         1.5314059047991731e-04        -1.0356545522059897e-04
14                                    -9.5185411113809307e-03        -1.8985205183504564e-02         1.2881794047523570e-03        -4.6535804079917906e-04        -4.5420030662513067e-03        -1.7493365963662554e-04         1.0382572683651425e-04         9.9399734398718069e-05
