*************************************************
******************* ORCA 6.0.0 ******************
*************************************************
$Calculation_Status
   &GeometryIndex 1
   &ListStatus       OUT
   &VERSION [&Type "String"] "6.0.0"
   &PROGNAME [&Type "String"] "LeanSCF"
   &STATUS [&Type "String"] "NORMAL TERMINATION"
$End
$Geometry
   &GeometryIndex 1
   &ListStatus       OUT
   &NATOMS [&Type "Integer"] 10
   &NCORELESSECP [&Type "Integer"] 0
   &NGHOSTATOMS [&Type "Integer"] 0
   &CartesianCoordinates [&Type "Coordinates", &Dim(10,4), &Units "Bohr"] 
              C     -2.426160309369    1.323008774412   -0.009462608029
              C      0.000001343028   -0.190895923739   -0.000065989426
              O     -0.000202660278   -2.482727301920   -0.000196711987
              C      2.426389746310    1.322619824366    0.009528779624
              H     -2.339432045981    2.859100392023   -1.393030314114
              H     -4.033513051435    0.093199076087   -0.395604530801
              H     -2.676195634067    2.204705216137    1.849334736550
              H      4.033725356119    0.092263220778    0.393978625175
              H      2.340364037557    2.857410238921    1.394601510656
              H      2.675788890169    2.206112313965   -1.848495081340
$End
$SCF_Energy
   &GeometryIndex 1
   &ListStatus       OUT
   &SCF_ENERGY [&Type "Double"]      -1.9312201258177055e+02
$End
$DFT_Energy
   &GeometryIndex 1
   &ListStatus       OUT
   &NALPHAEL [&Type "Integer"] 16
   &NBETAEL [&Type "Integer"] 16
   &NTOTALEL [&Type "Integer"] 32
   &EEXCHANGE [&Type "Double"]      -2.5988930111332049e+01
   &ECORR [&Type "Double"]      -1.0045994647425163e+00
   &ECNL [&Type "Double"]       0.0000000000000000e+00
   &EXC [&Type "Double"]      -2.6993529576074565e+01
   &EEMBED [&Type "Double"]       0.0000000000000000e+00
   &FINALEN [&Type "Double"]      -1.9312201258177055e+02  "No Van der Waals correction"
$End
$Mulliken_Population_Analysis
   &GeometryIndex 1
   &ListStatus       OUT
   &NATOMS [&Type "Integer"] 10
   &ATNO [&Type "ArrayOfIntegers", &Dim (10,1)] 
                                                         0

0                                                        6
1                                                        6
2                                                        8
3                                                        6
4                                                        1
5                                                        1
6                                                        1
7                                                        1
8                                                        1
9                                                        1
   &ATOMICCHARGES [&Type "ArrayOfDoubles", &Dim (10,1)] 
                                                         0

0                                     -3.1001400914230448e-01
1                                      2.0795173230748354e-01
2                                     -3.1868332945936473e-01
3                                     -3.1000915833667708e-01
4                                      1.1364668312147375e-01
5                                      1.2859112098244219e-01
6                                      1.2314184944908380e-01
7                                      1.2858503460261761e-01
8                                      1.1366006740528389e-01
9                                      1.2313000906992122e-01
$End
$Loewdin_Population_Analysis
   &GeometryIndex 1
   &ListStatus       OUT
   &NATOMS [&Type "Integer"] 10
   &ATNO [&Type "ArrayOfIntegers", &Dim (10,1)] 
                                                         0

0                                                        6
1                                                        6
2                                                        8
3                                                        6
4                                                        1
5                                                        1
6                                                        1
7                                                        1
8                                                        1
9                                                        1
   &ATOMICCHARGES [&Type "ArrayOfDoubles", &Dim (10,1)] 
                                                         0

0                                     -2.6842784983867585e-01
1                                     -3.8530249304525732e-01
2                                      1.2134698448693193e-01
3                                     -2.6842731879755366e-01
4                                      1.3127620433410381e-01
5                                      1.3081950206778725e-01
6                                      1.3830958129958848e-01
7                                      1.3081400526514786e-01
8                                      1.3129608531148074e-01
9                                      1.3829529891640946e-01
$End
$Mayer_Population_Analysis
   &GeometryIndex 1
   &ListStatus       OUT
   &NATOMS [&Type "Integer"] 10 "Total number of atoms"
   &BONDTHRESH [&Type "Double"]       1.0000000000000001e-01  "The threshold for printing"
   &NBONDORDERSPRINT [&Type "Integer"] 9 "The number of bond orders larger than threshold"
   &BONDORDERS [&Type "ArrayOfDoubles", &Dim (9,1)] "The bond orders"
                                                         0

0                                      9.5731565259932194e-01
1                                      9.4898548032184316e-01
2                                      9.6899163611249461e-01
3                                      9.4169708647369688e-01
4                                      2.0847025989484758e+00
5                                      9.5733973385617799e-01
6                                      9.6899711344491812e-01
7                                      9.4896042883772203e-01
8                                      9.4170969352968315e-01
   &COMPONENTS [&Type "ArrayOfIntegers", &Dim (9,4)] "The indices and atomic numbers of the bonding atoms"
                                                         0                           1                           2                           3

0                                                        0                           6                           1                           6
1                                                        0                           6                           4                           1
2                                                        0                           6                           5                           1
3                                                        0                           6                           6                           1
4                                                        1                           6                           2                           8
5                                                        1                           6                           3                           6
6                                                        3                           6                           7                           1
7                                                        3                           6                           8                           1
8                                                        3                           6                           9                           1
   &ATNO [&Type "ArrayOfIntegers", &Dim (10,1)] "Atomic number of the elements"
                                                         0

0                                                        6
1                                                        6
2                                                        8
3                                                        6
4                                                        1
5                                                        1
6                                                        1
7                                                        1
8                                                        1
9                                                        1
   &NA [&Type "ArrayOfDoubles", &Dim (10,1)] "Mulliken gross atomic population"
                                                         0

0                                      6.3100140091423071e+00
1                                      5.7920482676925102e+00
2                                      8.3186833294593931e+00
3                                      6.3100091583366993e+00
4                                      8.8635331687852648e-01
5                                      8.7140887901755848e-01
6                                      8.7685815055091609e-01
7                                      8.7141496539738383e-01
8                                      8.8633993259471544e-01
9                                      8.7686999093008000e-01
   &ZA [&Type "ArrayOfDoubles", &Dim (10,1)] "Total nuclear charge"
                                                         0

0                                      6.0000000000000000e+00
1                                      6.0000000000000000e+00
2                                      8.0000000000000000e+00
3                                      6.0000000000000000e+00
4                                      1.0000000000000000e+00
5                                      1.0000000000000000e+00
6                                      1.0000000000000000e+00
7                                      1.0000000000000000e+00
8                                      1.0000000000000000e+00
9                                      1.0000000000000000e+00
   &QA [&Type "ArrayOfDoubles", &Dim (10,1)] "Mulliken gross atomic charge"
                                                         0

0                                     -3.1001400914230715e-01
1                                      2.0795173230748976e-01
2                                     -3.1868332945939315e-01
3                                     -3.1000915833669929e-01
4                                      1.1364668312147352e-01
5                                      1.2859112098244152e-01
6                                      1.2314184944908391e-01
7                                      1.2858503460261617e-01
8                                      1.1366006740528456e-01
9                                      1.2313000906992000e-01
   &VA [&Type "ArrayOfDoubles", &Dim (10,1)] "Mayer's total valence"
                                                         0

0                                      3.7469968140556045e+00
1                                      4.0429050276223411e+00
2                                      2.1270756970499911e+00
3                                      3.7470032276805973e+00
4                                      9.7965719462574741e-01
5                                      1.0030322052924190e+00
6                                      9.8176339956925440e-01
7                                      1.0030394886793179e+00
8                                      9.7965940621337833e-01
9                                      9.8175589195417590e-01
   &BVA [&Type "ArrayOfDoubles", &Dim (10,1)] "Mayer's bonded valence"
                                                         0

0                                      3.7469968140556364e+00
1                                      4.0429050276223570e+00
2                                      2.1270756970499161e+00
3                                      3.7470032276805822e+00
4                                      9.7965719462576650e-01
5                                      1.0030322052924050e+00
6                                      9.8176339956927661e-01
7                                      1.0030394886793172e+00
8                                      9.7965940621338221e-01
9                                      9.8175589195416701e-01
   &FA [&Type "ArrayOfDoubles", &Dim (10,1)] "Mayer's free valence"
                                                         0

0                                      0.0000000000000000e+00
1                                      0.0000000000000000e+00
2                                      0.0000000000000000e+00
3                                      0.0000000000000000e+00
4                                      0.0000000000000000e+00
5                                      0.0000000000000000e+00
6                                      0.0000000000000000e+00
7                                      0.0000000000000000e+00
8                                      0.0000000000000000e+00
9                                      0.0000000000000000e+00
$End
$VdW_Correction
   &GeometryIndex 1
   &ListStatus       OUT
   &VDW [&Type "Double"]      -1.7155850814866984e-03
$End
$Calculation_Info
   &GeometryIndex 1
   &ListStatus       OUT
   &MULT [&Type "Integer"] 1
   &CHARGE [&Type "Integer"] 0
   &NUMOFATOMS [&Type "Integer"] 10
   &NUMOFELECTRONS [&Type "Integer"] 32
   &NUMOFFCELECTRONS [&Type "Integer"] 1
   &NUMOFCORRELECTRONS [&Type "Integer"] 0
   &NUMOFBASISFUNCTS [&Type "Integer"] 160
   &NUMOFAUXCBASISFUNCTS [&Type "Integer"] 0
   &NUMOFAUXJBASISFUNCTS [&Type "Integer"] 186
   &NUMOFAUXJKBASISFUNCTS [&Type "Integer"] 0
   &NUMOFCABSBASISFUNCTS [&Type "Integer"] 0
   &TOTALENERGY [&Type "Double"]      -1.9311906691535202e+02  "Hartrees"
$End
$SCF_Dipole_Moment
   &GeometryIndex 1
   &ListStatus       OUT
   &METHOD [&Type "String"] "SCF"
   &LEVEL [&Type "String"] "Relaxed density"
   &MULT [&Type "Integer"] 1
   &STATE [&Type "Integer"] -1
   &IRREP [&Type "Integer"] 0
   &NATOMS [&Type "Integer"] 10
   &DODIPOLEATOM [&Type "Boolean"] false
   &DIPOLEELECCONTRIB [&Type "ArrayOfDoubles", &Dim (3,1)] "Electronic contribution"
                                                         0

0                                     -2.6664524799005778e-04
1                                     -3.9089708833821808e+00
2                                     -3.8038873393729544e-04
   &DIPOLENUCCONTRIB [&Type "ArrayOfDoubles", &Dim (3,1)] "Nuclear contribution"
                                                         0

0                                      3.5054267844492060e-04
1                                      5.0923527550158596e+00
2                                      5.0919247412029023e-04
   &DIPOLETOTAL [&Type "ArrayOfDoubles", &Dim (3,1)] "Total"
                                                         0

0                                      8.3897430454862821e-05
1                                      1.1833818716336788e+00
2                                      1.2880374018299479e-04
   &DIPOLEMAGNITUDE [&Type "Double", &Units "a.u."]       1.1833818816174309e+00
$End
$THERMOCHEMISTRY_Energies
   &GeometryIndex 1
   &ListStatus       OUT
   &TEMPERATURE [&Type "Double"]       2.9814999999999998e+02
   &PRESSURE [&Type "Double"]       1.0000000000000000e+00
   &TOTALMASS [&Type "Double"]       5.8079999999999998e+01
   &SPINDEGENERACY [&Type "Integer"] 1
   &ELENERGY [&Type "Double"]      -1.9311906691535202e+02
   &TRANSENERGY [&Type "Double"]       1.4162714244859817e-03
   &ROTENERGY [&Type "Double"]       1.4162714244859817e-03
   &VIBENERGY [&Type "Double"]       2.4319414995595781e-03
   &NUMOFFREQS [&Type "Integer"] 30
   &FREQSCALINGFACTOR [&Type "Double"]       1.0000000000000000e+00
   &FREQ [&Type "ArrayOfDoubles", &Dim (30,1)] "In cm^-1"
                                                         0

0                                      0.0000000000000000e+00
1                                      0.0000000000000000e+00
2                                      0.0000000000000000e+00
3                                      0.0000000000000000e+00
4                                      0.0000000000000000e+00
5                                      0.0000000000000000e+00
6                                      1.1750489340782576e+02
7                                      1.3947596320897543e+02
8                                      3.8377952766861455e+02
9                                      4.8684030981072618e+02
10                                     5.3588142791634380e+02
11                                     7.8062000740396036e+02
12                                     8.7016798184567892e+02
13                                     8.8459213073234207e+02
14                                     1.0783167893928874e+03
15                                     1.1076157996272605e+03
16                                     1.2259433067152970e+03
17                                     1.3680245452068218e+03
18                                     1.3697976486484690e+03
19                                     1.4503605706898506e+03
20                                     1.4520011653586264e+03
21                                     1.4616652910872654e+03
22                                     1.4775401836215644e+03
23                                     1.7705072690350487e+03
24                                     3.0090186217907926e+03
25                                     3.0141780890218479e+03
26                                     3.0776553426164000e+03
27                                     3.0829328730849647e+03
28                                     3.1356377625810333e+03
29                                     3.1368431110702040e+03
   &ZPE [&Type "Double"]       8.2963804141299627e-02
   &INNERENERGYU [&Type "Double"]      -1.9303083862686219e+02
   &ENTHALPYH [&Type "Double"]      -1.9302989441781995e+02
   &QEL [&Type "Double"]       0.0000000000000000e+00
   &QROT [&Type "Double"]       1.1469105083947989e-02
   &QVIB [&Type "Double"]       4.1945118986260023e-03
   &QTRANS [&Type "Double"]       1.8101712718678470e-02
   &ENTROPYS [&Type "Double"]       3.3765329701252463e-02
   &FREEENERGYG [&Type "Double"]      -1.9306365974752120e+02
   &ISLINEAR [&Type "Boolean"] false
$End
$Hessian
   &GeometryIndex 1
   &ListStatus       OUT
   &HESSIAN [&Type "ArrayOfDoubles", &Dim (30,30)] "The Hessian"
                                                         0                           1                           2                           3                           4                           5                           6                           7

0                                      4.9755285332301569e-01         7.3104124294156456e-02         1.1053954948001696e-02        -1.6951022616613393e-01         2.4422474717418902e-02        -7.3474574960484713e-04         8.5167830449656562e-03         2.1453034897678313e-02
1                                      7.3104124294156456e-02         5.4260241551350308e-01        -3.1341492055545653e-03         2.5143236903693210e-02        -8.7434369862497918e-02         2.2754476525962035e-03         4.0709642396593880e-02        -5.0286800362616881e-02
2                                      1.1053954948001696e-02        -3.1341492055545653e-03         5.0911108193691501e-01        -3.7682522908393246e-03         3.4578013306353454e-03        -8.6192899245862098e-02        -9.5136018330054233e-04        -1.3207514919887267e-03
3                                     -1.6951022616613393e-01         2.5143236903693210e-02        -3.7682522908393246e-03         4.8623443194187516e-01         4.5703269287479704e-05         1.8771043153565483e-03        -1.1226448071022702e-01        -5.6380968802335093e-05
4                                      2.4422474717418902e-02        -8.7434369862497918e-02         3.4578013306353454e-03         4.5703269287479704e-05         9.1758895029532295e-01         3.6159834598115028e-05        -5.4735020576938574e-05        -7.1123194357507491e-01
5                                     -7.3474574960484713e-04         2.2754476525962035e-03        -8.6192899245862098e-02         1.8771043153565483e-03         3.6159834598115028e-05         2.4533729731656750e-01        -1.3393163542384139e-03        -3.2292639849183797e-05
6                                      8.5167830449656562e-03         4.0709642396593880e-02        -9.5136018330054233e-04        -1.1226448071022702e-01        -5.4735020576938574e-05        -1.3393163542384139e-03         9.8261534238787418e-02         6.4706205554340354e-05
7                                      2.1453034897678313e-02        -5.0286800362616881e-02        -1.3207514919887267e-03        -5.6380968802335093e-05        -7.1123194357507491e-01        -3.2292639849183797e-05         6.4706205554340354e-05         8.1402784992516120e-01
8                                     -9.6148848153758664e-04        -2.0008104769641435e-03         2.4984601006292927e-02        -1.7060078431086921e-03        -2.9169332609111888e-05        -7.0929045404830665e-02         1.7423365080231632e-03         4.0716048648492781e-05
9                                     -2.5720754379305905e-02        -1.2564855140775148e-02        -9.1482863621965543e-04        -1.6952962828448531e-01        -2.4415736711537642e-02        -7.3753943971207551e-04         8.5069481918167017e-03        -2.1459693160641145e-02
10                                     1.2572506731550671e-02         1.3317200323509200e-02         1.5535952466559475e-03        -2.5127086864526658e-02        -8.7418463865766433e-02        -2.2695410801509362e-03        -4.0717553058162277e-02        -5.0279617898046101e-02
11                                    -9.0967299798806051e-04        -1.5451647817960456e-03         1.6580081700200307e-02        -3.7558012461178921e-03        -3.4474375817336203e-03        -8.6200300318478945e-02        -9.5258573369947979e-04         1.3066885461587366e-03
12                                    -4.9601605180242814e-02        -1.0933417827742240e-02         4.3952144006099061e-03         7.7951438365055914e-03         1.8312889132446660e-02        -2.2700994197468849e-02        -4.8093320787298832e-03         4.6820877513024306e-03
13                                    -1.1793327083848705e-02        -1.8518758238771921e-01         1.3441316144204710e-01        -4.3145001581126330e-03        -1.5792574415176213e-02         1.0833825868459544e-02         5.6276209698181579e-03        -1.4574644586555713e-03
14                                     5.6867404277391315e-03         1.3221908720112302e-01        -1.5872104559910449e-01         1.7284740275506708e-03        -2.2017918618220719e-03        -1.3104602506983521e-04         3.2085675970481409e-04        -1.0478643405643067e-03
15                                    -2.0854887488436238e-01        -1.2591028055814285e-01        -4.1139317312190893e-02        -2.5123064433266652e-02        -2.1865853860539835e-02        -5.5446099897411274e-03         5.5374232128045757e-03        -1.2676351813785749e-04
16                                    -1.2962801570656429e-01        -1.4720248390092783e-01        -3.0188881441721625e-02         1.4781810591860255e-02         1.1570641470307013e-02         4.3208435139852949e-03        -1.2304602443317734e-03         1.4240190669040035e-03
17                                    -4.1392654819735544e-02        -2.9382775685711786e-02        -5.6014812981321882e-02         2.1187897387412707e-03        -7.8105743922995919e-04        -1.5803507339930984e-03         2.8055484491129427e-05         9.6687390915818801e-04
18                                    -4.8625813342240060e-02         1.3231052815993603e-02         3.1699833868405761e-02        -1.3836216705762826e-04         1.0094066535130923e-02         2.8697136720910885e-02        -2.2374990121480300e-03         2.1768560357449925e-03
19                                     1.1446666852028251e-02        -8.4843700713121598e-02        -1.0421448201213904e-01         9.7397631016407811e-04        -1.1525552751108607e-02        -1.7432691486402335e-02         3.3863675588842292e-03        -1.0843949604460081e-03
20                                     2.6617301764004446e-02        -1.0014169710200724e-01        -2.5076082589994042e-01        -1.4443381680156672e-04        -5.9620513453058875e-04         7.0093015357086100e-04         4.0329784274814161e-04         1.6193576488240206e-03
21                                    -3.5921952186102335e-03        -5.1461160175986535e-03        -1.3136950482061356e-04        -2.5123279597356371e-02         2.1878691393722942e-02        -5.5195127316987821e-03         5.5386720022847277e-03         1.2448649999992345e-04
22                                    -2.5251950846984813e-03        -1.5687496185372029e-03         5.5275555921511545e-04        -1.4780604415344883e-02         1.1572313261896375e-02        -4.3009655745212434e-03         1.2306167365889148e-03         1.4254783861267113e-03
23                                     4.0470746634027784e-04         7.9127978146387016e-04         1.4221526931631446e-03         2.1080187755022507e-03         7.7986387322547196e-04        -1.5822075191907481e-03         2.8371488614632387e-05        -9.6278960467841446e-04
24                                    -1.2521112923869409e-04         1.3882764139239682e-03         2.7081949816433123e-03         7.7817048637113719e-03        -1.8299666238632141e-02        -2.2724292498207982e-02        -4.8062713378447981e-03        -4.6770002357725653e-03
25                                     6.4821854686550415e-04         7.7098850667519508e-04         7.0131291690151928e-04         4.2988007157557032e-03        -1.5787972809869197e-02        -1.0848273767866930e-02        -5.6237511746539803e-03        -1.4542908633194658e-03
26                                     1.1248594561346671e-04         2.5867146189432512e-04         3.0237604993038104e-05         1.7273248257751207e-03         2.1933299644998389e-03        -1.2754152269126191e-04         3.1851895392536768e-04         1.0489010740679398e-03
27                                    -3.4495606784736899e-04         9.4621414104758444e-04        -2.9445555727218571e-03        -1.2223928356515937e-04        -1.0115743414069808e-02         2.8690414501187846e-02        -2.2437775517093438e-03        -2.1821344057493088e-03
28                                     3.3163441426356001e-04        -1.6691749826685046e-04        -1.8754315301715374e-03        -9.6704518662475529e-04        -1.1541027748033051e-02         1.7417218348513886e-02        -3.3916534708913438e-03        -1.0828352600329551e-03
29                                     1.1585679859923721e-04         7.1518034107683186e-04        -4.3857121533545738e-04        -1.4886106284158623e-04         5.8877567760416694e-04         7.0516329997828415e-04         4.0175400259284959e-04        -1.6190415319098199e-03
                                                         8                           9                          10                          11                          12                          13                          14                          15

0                                     -9.6148848153758664e-04        -2.5720754379305905e-02         1.2572506731550671e-02        -9.0967299798806051e-04        -4.9601605180242814e-02        -1.1793327083848705e-02         5.6867404277391315e-03        -2.0854887488436238e-01
1                                     -2.0008104769641435e-03        -1.2564855140775148e-02         1.3317200323509200e-02        -1.5451647817960456e-03        -1.0933417827742240e-02        -1.8518758238771921e-01         1.3221908720112302e-01        -1.2591028055814285e-01
2                                      2.4984601006292927e-02        -9.1482863621965543e-04         1.5535952466559475e-03         1.6580081700200307e-02         4.3952144006099061e-03         1.3441316144204710e-01        -1.5872104559910449e-01        -4.1139317312190893e-02
3                                     -1.7060078431086921e-03        -1.6952962828448531e-01        -2.5127086864526658e-02        -3.7558012461178921e-03         7.7951438365055914e-03        -4.3145001581126330e-03         1.7284740275506708e-03        -2.5123064433266652e-02
4                                     -2.9169332609111888e-05        -2.4415736711537642e-02        -8.7418463865766433e-02        -3.4474375817336203e-03         1.8312889132446660e-02        -1.5792574415176213e-02        -2.2017918618220719e-03        -2.1865853860539835e-02
5                                     -7.0929045404830665e-02        -7.3753943971207551e-04        -2.2695410801509362e-03        -8.6200300318478945e-02        -2.2700994197468849e-02         1.0833825868459544e-02        -1.3104602506983521e-04        -5.5446099897411274e-03
6                                      1.7423365080231632e-03         8.5069481918167017e-03        -4.0717553058162277e-02        -9.5258573369947979e-04        -4.8093320787298832e-03         5.6276209698181579e-03         3.2085675970481409e-04         5.5374232128045757e-03
7                                      4.0716048648492781e-05        -2.1459693160641145e-02        -5.0279617898046101e-02         1.3066885461587366e-03         4.6820877513024306e-03        -1.4574644586555713e-03        -1.0478643405643067e-03        -1.2676351813785749e-04
8                                      2.4656382526503134e-02        -9.6043610265328632e-04         1.9826927624760917e-03         2.4994741858971027e-02         3.6347689773540857e-03        -1.2276302673860850e-03        -2.0528281389505936e-04         1.0312018747771370e-03
9                                     -9.6043610265328632e-04         4.9756168347539648e-01        -7.3112238787647263e-02         1.1001386069638731e-02        -1.2562673435992662e-04        -6.4899878565868960e-04         1.1261435416813886e-04        -3.5914349879891758e-03
10                                     1.9826927624760917e-03        -7.3112238787647263e-02         5.4260149317071671e-01         3.1089385971195399e-03        -1.3881130980459531e-03         7.7181479435882872e-04        -2.5882050943609996e-04         5.1469387173797383e-03
11                                     2.4994741858971027e-02         1.1001386069638731e-02         3.1089385971195399e-03         5.0910682469029056e-01         2.7037015350945427e-03        -7.0005514550526278e-04         2.9878950677707673e-05        -1.2725025694481783e-04
12                                     3.6347689773540857e-03        -1.2562673435992662e-04        -1.3881130980459531e-03         2.7037015350945427e-03         4.7717884354827156e-02         9.0601546927288699e-03        -8.6061374666072683e-03         5.6337813723085538e-04
13                                    -1.2276302673860850e-03        -6.4899878565868960e-04         7.7181479435882872e-04        -7.0005514550526278e-04         9.0601546927288699e-03         2.0220735933900361e-01        -1.4434339963782297e-01         1.7969236329487513e-03
14                                    -2.0528281389505936e-04         1.1261435416813886e-04        -2.5882050943609996e-04         2.9878950677707673e-05        -8.6061374666072683e-03        -1.4434339963782297e-01         1.7329150352000530e-01         4.2848738969331057e-04
15                                     1.0312018747771370e-03        -3.5914349879891758e-03         5.1469387173797383e-03        -1.2725025694481783e-04         5.6337813723085538e-04         1.7969236329487513e-03         4.2848738969331057e-04         2.2763993796988147e-01
16                                    -3.0429628022434570e-04         2.5245201108526896e-03        -1.5688294393334497e-03        -5.5526589742119171e-04        -1.5893265528219139e-02        -1.1435660535029448e-02        -6.5813082099397159e-03         1.3748669258248034e-01
17                                    -1.0076780201789734e-03         4.0637432174901169e-04        -7.9131194416066876e-04         1.4191597270095098e-03         1.8049707115821371e-02         1.1938661998788711e-02         4.8206356723543972e-03         4.3896235970676462e-02
18                                    -3.7211161440578646e-03        -3.4615227865530777e-04        -9.4513919034838571e-04        -2.9471654954371955e-03        -7.9245169953833395e-04         5.0471704958623877e-05         6.0181953757308454e-04         4.3019574110189224e-03
19                                     3.7104068440193677e-03        -3.3064272822873851e-04        -1.6742238297582984e-04         1.8756766119858606e-03        -3.7542185084071282e-03         1.0427942477906089e-02         2.2339367571926502e-02         4.1532641992501670e-03
20                                    -6.3658014176905210e-04         1.1577270493867437e-04        -7.1581047506895108e-04        -4.3922873080700915e-04         2.7381142707293550e-03        -1.0159248700343081e-02        -1.9229392691130765e-02         1.1725216684812141e-03
21                                     1.0271333182071117e-03        -2.0855082057175373e-01         1.2596489551191994e-01        -4.0958120135333051e-02         7.3418257805194800e-04        -1.9939974228046393e-04        -5.7476562733976919e-05        -1.5895500349846865e-03
22                                     3.0346811272521956e-04         1.2968603224486752e-01        -1.4728960677914038e-01         3.0070997995644378e-02         2.0231658448699105e-05        -4.6123130900969662e-05        -1.8746616746092735e-04        -8.8026595892322585e-04
23                                    -1.0093420078076470e-03        -4.1210497917697757e-02         2.9267492783579034e-02        -5.5936864859483210e-02         1.1329652618608519e-04        -4.0664909297321249e-04         7.1373952932288318e-05         2.2770127370948267e-04
24                                     3.6363814307360746e-03        -4.9586963947674270e-02         1.0854579470390459e-02         4.3403873745138334e-03        -2.8405475382541501e-06         2.5615410843656531e-05        -2.4267334545717789e-04         7.3456270226960945e-04
25                                     1.2316239907798779e-03         1.1722184214672094e-02        -1.8492674189298963e-01        -1.3444117297715058e-01        -2.5354940827517918e-05        -2.4210526386866590e-05         5.9824723335599739e-05         1.9908335876981428e-04
26                                    -2.0906423389038743e-04         5.6411056168277855e-03        -1.3224329744342059e-01        -1.5896656541858270e-01        -2.4262015250056689e-04        -5.9526004631405352e-05        -3.4422042189801447e-04        -5.7625415667512513e-05
27                                    -3.7227023066018048e-03        -4.8617250482989594e-02        -1.3217762537568145e-02         3.1612315865793834e-02        -1.4787326662063396e-03         4.0524500785506007e-04         1.8350422684410136e-05         7.5664907397433802e-05
28                                    -3.7067990193322894e-03        -1.1431598150845816e-02        -8.5039826030332874e-02         1.0438185483228204e-01        -9.0798980937310879e-05         5.3649884259972637e-04         4.3158274389857362e-05         7.0905038261066637e-06
29                                    -6.3873276939530174e-04         2.6538854049439994e-02         1.0031100186282277e-01        -2.5058772759979719e-01        -7.6106553533804668e-05        -3.2992750436223670e-04         4.1759545512848415e-04         1.0858478703049557e-04
                                                        16                          17                          18                          19                          20                          21                          22                          23

0                                     -1.2962801570656429e-01        -4.1392654819735544e-02        -4.8625813342240060e-02         1.1446666852028251e-02         2.6617301764004446e-02        -3.5921952186102335e-03        -2.5251950846984813e-03         4.0470746634027784e-04
1                                     -1.4720248390092783e-01        -2.9382775685711786e-02         1.3231052815993603e-02        -8.4843700713121598e-02        -1.0014169710200724e-01        -5.1461160175986535e-03        -1.5687496185372029e-03         7.9127978146387016e-04
2                                     -3.0188881441721625e-02        -5.6014812981321882e-02         3.1699833868405761e-02        -1.0421448201213904e-01        -2.5076082589994042e-01        -1.3136950482061356e-04         5.5275555921511545e-04         1.4221526931631446e-03
3                                      1.4781810591860255e-02         2.1187897387412707e-03        -1.3836216705762826e-04         9.7397631016407811e-04        -1.4443381680156672e-04        -2.5123279597356371e-02        -1.4780604415344883e-02         2.1080187755022507e-03
4                                      1.1570641470307013e-02        -7.8105743922995919e-04         1.0094066535130923e-02        -1.1525552751108607e-02        -5.9620513453058875e-04         2.1878691393722942e-02         1.1572313261896375e-02         7.7986387322547196e-04
5                                      4.3208435139852949e-03        -1.5803507339930984e-03         2.8697136720910885e-02        -1.7432691486402335e-02         7.0093015357086100e-04        -5.5195127316987821e-03        -4.3009655745212434e-03        -1.5822075191907481e-03
6                                     -1.2304602443317734e-03         2.8055484491129427e-05        -2.2374990121480300e-03         3.3863675588842292e-03         4.0329784274814161e-04         5.5386720022847277e-03         1.2306167365889148e-03         2.8371488614632387e-05
7                                      1.4240190669040035e-03         9.6687390915818801e-04         2.1768560357449925e-03        -1.0843949604460081e-03         1.6193576488240206e-03         1.2448649999992345e-04         1.4254783861267113e-03        -9.6278960467841446e-04
8                                     -3.0429628022434570e-04        -1.0076780201789734e-03        -3.7211161440578646e-03         3.7104068440193677e-03        -6.3658014176905210e-04         1.0271333182071117e-03         3.0346811272521956e-04        -1.0093420078076470e-03
9                                      2.5245201108526896e-03         4.0637432174901169e-04        -3.4615227865530777e-04        -3.3064272822873851e-04         1.1577270493867437e-04        -2.0855082057175373e-01         1.2968603224486752e-01        -4.1210497917697757e-02
10                                    -1.5688294393334497e-03        -7.9131194416066876e-04        -9.4513919034838571e-04        -1.6742238297582984e-04        -7.1581047506895108e-04         1.2596489551191994e-01        -1.4728960677914038e-01         2.9267492783579034e-02
11                                    -5.5526589742119171e-04         1.4191597270095098e-03        -2.9471654954371955e-03         1.8756766119858606e-03        -4.3922873080700915e-04        -4.0958120135333051e-02         3.0070997995644378e-02        -5.5936864859483210e-02
12                                    -1.5893265528219139e-02         1.8049707115821371e-02        -7.9245169953833395e-04        -3.7542185084071282e-03         2.7381142707293550e-03         7.3418257805194800e-04         2.0231658448699105e-05         1.1329652618608519e-04
13                                    -1.1435660535029448e-02         1.1938661998788711e-02         5.0471704958623877e-05         1.0427942477906089e-02        -1.0159248700343081e-02        -1.9939974228046393e-04        -4.6123130900969662e-05        -4.0664909297321249e-04
14                                    -6.5813082099397159e-03         4.8206356723543972e-03         6.0181953757308454e-04         2.2339367571926502e-02        -1.9229392691130765e-02        -5.7476562733976919e-05        -1.8746616746092735e-04         7.1373952932288318e-05
