*************************************************
******************* ORCA 6.0.0 ******************
*************************************************
$Calculation_Status
   &GeometryIndex 1
   &ListStatus       OUT
   &VERSION [&Type "String"] "6.0.0"
   &PROGNAME [&Type "String"] "LeanSCF"
   &STATUS [&Type "String"] "NORMAL TERMINATION"
$End
$Geometry
   &GeometryIndex 1
   &ListStatus       OUT
   &NATOMS [&Type "Integer"] 14
   &NCORELESSECP [&Type "Integer"] 0
   &NGHOSTATOMS [&Type "Integer"] 0
   &CartesianCoordinates [&Type "Coordinates", &Dim(14,4), &Units "Bohr"] 
              C     -2.333519272621    0.000083479030    0.000253267711
              C     -1.072987285345   -2.292289617115   -0.134167318597
              C      1.567900731147   -2.296226141151   -0.137812886413
              C      2.880209680414   -0.000302158327   -0.000215114140
              C      1.568299781591    2.295824534097    0.137866103369
              C     -1.072600165875    2.292301034840    0.134642154995
              Cl    -2.782686363100    5.065605116312    0.310551562544
              Cl     3.184074363318    5.117889246970    0.312401282230
              Cl     6.138672218586   -0.000595702527   -0.000396792599
              Cl     3.183198344296   -5.118554535071   -0.312649381540
              Cl    -2.783636035331   -5.065325361066   -0.309621073489
              N     -5.131255805259    0.000366237240   -0.000244252961
              O     -6.167309435500   -0.258513701562    2.040319967235
              O     -6.166556045721    0.260569683534   -2.040891217461
$End
$SCF_Energy
   &GeometryIndex 1
   &ListStatus       OUT
   &SCF_ENERGY [&Type "Double"]      -2.7346074462270999e+03
$End
$DFT_Energy
   &GeometryIndex 1
   &ListStatus       OUT
   &NALPHAEL [&Type "Integer"] 72
   &NBETAEL [&Type "Integer"] 72
   &NTOTALEL [&Type "Integer"] 144
   &EEXCHANGE [&Type "Double"]      -1.9222413066673636e+02
   &ECORR [&Type "Double"]      -5.3520663276716895e+00
   &ECNL [&Type "Double"]       0.0000000000000000e+00
   &EXC [&Type "Double"]      -1.9757619699440804e+02
   &EEMBED [&Type "Double"]       0.0000000000000000e+00
   &FINALEN [&Type "Double"]      -2.7346074462270999e+03  "No Van der Waals correction"
$End
$Mulliken_Population_Analysis
   &GeometryIndex 1
   &ListStatus       OUT
   &NATOMS [&Type "Integer"] 14
   &ATNO [&Type "ArrayOfIntegers", &Dim (14,1)] 
                                                         0

0                                                        6
1                                                        6
2                                                        6
3                                                        6
4                                                        6
5                                                        6
6                                                       17
7                                                       17
8                                                       17
9                                                       17
10                                                      17
11                                                       7
12                                                       8
13                                                       8
   &ATOMICCHARGES [&Type "ArrayOfDoubles", &Dim (14,1)] 
                                                         0

0                                      2.2269393734568688e-01
1                                     -9.4446193217310181e-02
2                                      1.0449577506929053e-01
3                                     -3.0310450602049066e-02
4                                      1.0447203487974832e-01
5                                     -9.4526653622237333e-02
6                                     -1.4859297648829539e-02
7                                     -2.2931998855469260e-02
8                                     -2.1699825500796521e-02
9                                     -2.2941163177499391e-02
10                                    -1.4873951470448787e-02
11                                     4.3431853786782426e-01
12                                    -2.7463795086755027e-01
13                                    -2.7475280020021486e-01
$End
$Loewdin_Population_Analysis
   &GeometryIndex 1
   &ListStatus       OUT
   &NATOMS [&Type "Integer"] 14
   &ATNO [&Type "ArrayOfIntegers", &Dim (14,1)] 
                                                         0

0                                                        6
1                                                        6
2                                                        6
3                                                        6
4                                                        6
5                                                        6
6                                                       17
7                                                       17
8                                                       17
9                                                       17
10                                                      17
11                                                       7
12                                                       8
13                                                       8
   &ATOMICCHARGES [&Type "ArrayOfDoubles", &Dim (14,1)] 
                                                         0

0                                     -1.6892043937056034e-01
1                                     -4.2191020833505810e-01
2                                     -4.4944226139622856e-01
3                                     -4.4582515756303831e-01
4                                     -4.4944643464765122e-01
5                                     -4.2191934808823373e-01
6                                      4.7763636957706268e-01
7                                      4.6620578808644098e-01
8                                      4.6535724952378743e-01
9                                      4.6619829324837170e-01
10                                     4.7760875942307734e-01
11                                    -5.4655054744723763e-02
12                                     2.9582538298505767e-02
13                                     2.9529905988394667e-02
$End
$Mayer_Population_Analysis
   &GeometryIndex 1
   &ListStatus       OUT
   &NATOMS [&Type "Integer"] 14 "Total number of atoms"
   &BONDTHRESH [&Type "Double"]       1.0000000000000001e-01  "The threshold for printing"
   &NBONDORDERSPRINT [&Type "Integer"] 15 "The number of bond orders larger than threshold"
   &BONDORDERS [&Type "ArrayOfDoubles", &Dim (15,1)] "The bond orders"
                                                         0

0                                      1.2550067350212220e+00
1                                      1.2550679280243304e+00
2                                      8.8055389901618553e-01
3                                      1.2998848593973711e+00
4                                      1.2400213705928700e+00
5                                      1.2775349727256429e+00
6                                      1.2120252684624675e+00
7                                      1.2775290941672095e+00
8                                      1.2315420372520374e+00
9                                      1.2999011492072039e+00
10                                     1.2120513498247198e+00
11                                     1.2400567107446536e+00
12                                     1.5761732013167262e+00
13                                     1.5761686604662246e+00
14                                     2.5498073799378901e-01
   &COMPONENTS [&Type "ArrayOfIntegers", &Dim (15,4)] "The indices and atomic numbers of the bonding atoms"
                                                         0                           1                           2                           3

0                                                        0                           6                           1                           6
1                                                        0                           6                           5                           6
2                                                        0                           6                          11                           7
3                                                        1                           6                           2                           6
4                                                        1                           6                          10                          17
5                                                        2                           6                           3                           6
6                                                        2                           6                           9                          17
7                                                        3                           6                           4                           6
8                                                        3                           6                           8                          17
9                                                        4                           6                           5                           6
10                                                       4                           6                           7                          17
11                                                       5                           6                           6                          17
12                                                      11                           7                          12                           8
13                                                      11                           7                          13                           8
14                                                      12                           8                          13                           8
   &ATNO [&Type "ArrayOfIntegers", &Dim (14,1)] "Atomic number of the elements"
                                                         0

0                                                        6
1                                                        6
2                                                        6
3                                                        6
4                                                        6
5                                                        6
6                                                       17
7                                                       17
8                                                       17
9                                                       17
10                                                      17
11                                                       7
12                                                       8
13                                                       8
   &NA [&Type "ArrayOfDoubles", &Dim (14,1)] "Mulliken gross atomic population"
                                                         0

0                                      5.7773060626542900e+00
1                                      6.0944461932173031e+00
2                                      5.8955042249306819e+00
3                                      6.0303104506020242e+00
4                                      5.8955279651202579e+00
5                                      6.0945266536221974e+00
6                                      1.7014859297648844e+01
7                                      1.7022931998855551e+01
8                                      1.7021699825500843e+01
9                                      1.7022941163177446e+01
10                                     1.7014873951470552e+01
11                                     6.5656814621321749e+00
12                                     8.2746379508675698e+00
13                                     8.2747528002001598e+00
   &ZA [&Type "ArrayOfDoubles", &Dim (14,1)] "Total nuclear charge"
                                                         0

0                                      6.0000000000000000e+00
1                                      6.0000000000000000e+00
2                                      6.0000000000000000e+00
3                                      6.0000000000000000e+00
4                                      6.0000000000000000e+00
5                                      6.0000000000000000e+00
6                                      1.7000000000000000e+01
7                                      1.7000000000000000e+01
8                                      1.7000000000000000e+01
9                                      1.7000000000000000e+01
10                                     1.7000000000000000e+01
11                                     7.0000000000000000e+00
12                                     8.0000000000000000e+00
13                                     8.0000000000000000e+00
   &QA [&Type "ArrayOfDoubles", &Dim (14,1)] "Mulliken gross atomic charge"
                                                         0

0                                      2.2269393734570997e-01
1                                     -9.4446193217303076e-02
2                                      1.0449577506931806e-01
3                                     -3.0310450602024197e-02
4                                      1.0447203487974210e-01
5                                     -9.4526653622197365e-02
6                                     -1.4859297648843750e-02
7                                     -2.2931998855550972e-02
8                                     -2.1699825500842707e-02
9                                     -2.2941163177446100e-02
10                                    -1.4873951470551816e-02
11                                     4.3431853786782515e-01
12                                    -2.7463795086756981e-01
13                                    -2.7475280020015980e-01
   &VA [&Type "ArrayOfDoubles", &Dim (14,1)] "Mayer's total valence"
                                                         0

0                                      3.5491131479340932e+00
1                                      4.0352317435805123e+00
2                                      3.8586260696386141e+00
3                                      3.9642106970725250e+00
4                                      3.8586675602264298e+00
5                                      4.0353985465894775e+00
6                                      1.3417634131764389e+00
7                                      1.3329545387094457e+00
8                                      1.3337726845298157e+00
9                                      1.3329413231775369e+00
10                                     1.3417373673976374e+00
11                                     4.0992663682415182e+00
12                                     1.9399091866049758e+00
13                                     1.9398461463469570e+00
   &BVA [&Type "ArrayOfDoubles", &Dim (14,1)] "Mayer's bonded valence"
                                                         0

0                                      3.5491131479341584e+00
1                                      4.0352317435804483e+00
2                                      3.8586260696386079e+00
3                                      3.9642106970724122e+00
4                                      3.8586675602264542e+00
5                                      4.0353985465894313e+00
6                                      1.3417634131765315e+00
7                                      1.3329545387093780e+00
8                                      1.3337726845297004e+00
9                                      1.3329413231775069e+00
10                                     1.3417373673974546e+00
11                                     4.0992663682415253e+00
12                                     1.9399091866049347e+00
13                                     1.9398461463471304e+00
   &FA [&Type "ArrayOfDoubles", &Dim (14,1)] "Mayer's free valence"
                                                         0

0                                      0.0000000000000000e+00
1                                      0.0000000000000000e+00
2                                      0.0000000000000000e+00
3                                      0.0000000000000000e+00
4                                      0.0000000000000000e+00
5                                      0.0000000000000000e+00
6                                      0.0000000000000000e+00
7                                      0.0000000000000000e+00
8                                      0.0000000000000000e+00
9                                      0.0000000000000000e+00
10                                     0.0000000000000000e+00
11                                     0.0000000000000000e+00
12                                     0.0000000000000000e+00
13                                     0.0000000000000000e+00
$End
$VdW_Correction
   &GeometryIndex 1
   &ListStatus       OUT
   &VDW [&Type "Double"]      -9.2342694788401444e-03
$End
$Calculation_Info
   &GeometryIndex 1
   &ListStatus       OUT
   &MULT [&Type "Integer"] 1
   &CHARGE [&Type "Integer"] 0
   &NUMOFATOMS [&Type "Integer"] 14
   &NUMOFELECTRONS [&Type "Integer"] 144
   &NUMOFFCELECTRONS [&Type "Integer"] 1
   &NUMOFCORRELECTRONS [&Type "Integer"] 0
   &NUMOFBASISFUNCTS [&Type "Integer"] 464
   &NUMOFAUXCBASISFUNCTS [&Type "Integer"] 0
   &NUMOFAUXJBASISFUNCTS [&Type "Integer"] 480
   &NUMOFAUXJKBASISFUNCTS [&Type "Integer"] 0
   &NUMOFCABSBASISFUNCTS [&Type "Integer"] 0
   &TOTALENERGY [&Type "Double"]      -2.7346015493542786e+03  "Hartrees"
$End
$SCF_Dipole_Moment
   &GeometryIndex 1
   &ListStatus       OUT
   &METHOD [&Type "String"] "SCF"
   &LEVEL [&Type "String"] "Relaxed density"
   &MULT [&Type "Integer"] 1
   &STATE [&Type "Integer"] -1
   &IRREP [&Type "Integer"] 0
   &NATOMS [&Type "Integer"] 14
   &DODIPOLEATOM [&Type "Boolean"] false
   &DIPOLEELECCONTRIB [&Type "ArrayOfDoubles", &Dim (3,1)] "Electronic contribution"
                                                         0

0                                      6.0867499712690218e+00
1                                     -9.3587815206493054e-04
2                                      4.6042233100502660e-04
   &DIPOLENUCCONTRIB [&Type "ArrayOfDoubles", &Dim (3,1)] "Nuclear contribution"
                                                         0

0                                     -5.0967709709897591e+00
1                                      6.6532315624101557e-04
2                                     -1.5581521711283131e-04
   &DIPOLETOTAL [&Type "ArrayOfDoubles", &Dim (3,1)] "Total"
                                                         0

0                                      9.8997900027926278e-01
1                                     -2.7055499582391497e-04
2                                      3.0460711389219530e-04
   &DIPOLEMAGNITUDE [&Type "Double", &Units "a.u."]       9.8997908411209790e-01
$End
$THERMOCHEMISTRY_Energies
   &GeometryIndex 1
   &ListStatus       OUT
   &TEMPERATURE [&Type "Double"]       2.9814999999999998e+02
   &PRESSURE [&Type "Double"]       1.0000000000000000e+00
   &TOTALMASS [&Type "Double"]       2.9533600000000001e+02
   &SPINDEGENERACY [&Type "Integer"] 1
   &ELENERGY [&Type "Double"]      -2.7346015493542786e+03
   &TRANSENERGY [&Type "Double"]       1.4162714244859817e-03
   &ROTENERGY [&Type "Double"]       1.4162714244859817e-03
   &VIBENERGY [&Type "Double"]       1.0254244581938760e-02
   &NUMOFFREQS [&Type "Integer"] 42
   &FREQSCALINGFACTOR [&Type "Double"]       1.0000000000000000e+00
   &FREQ [&Type "ArrayOfDoubles", &Dim (42,1)] "In cm^-1"
                                                         0

0                                      0.0000000000000000e+00
1                                      0.0000000000000000e+00
2                                      0.0000000000000000e+00
3                                      0.0000000000000000e+00
4                                      0.0000000000000000e+00
5                                      0.0000000000000000e+00
6                                      7.0646517938293201e+01
7                                      7.4399036606615127e+01
8                                      8.4738972984217369e+01
9                                      9.6691989139457405e+01
10                                     1.5397981203421176e+02
11                                     1.6315611756087785e+02
12                                     2.0612083754425518e+02
13                                     2.1740528979022974e+02
14                                     2.1776200547310887e+02
15                                     2.3050924042909404e+02
16                                     2.6391993625986555e+02
17                                     2.9584519592230112e+02
18                                     3.2102725712467117e+02
19                                     3.3468385104064919e+02
20                                     3.5632638196637356e+02
21                                     3.8373642985737320e+02
22                                     4.6191062896087305e+02
23                                     5.6714933230422946e+02
24                                     5.9963287001043761e+02
25                                     6.5277462765649375e+02
26                                     6.5750100762170098e+02
27                                     6.7030001292941006e+02
28                                     7.1439192597185547e+02
29                                     8.0512774432031085e+02
30                                     8.1541026598643384e+02
31                                     8.7424293145234560e+02
32                                     9.3084891513724381e+02
33                                     1.1108708037400552e+03
34                                     1.2074502837532293e+03
35                                     1.3049701001707315e+03
36                                     1.3559188977905421e+03
37                                     1.3640479005104664e+03
38                                     1.3794032584238505e+03
39                                     1.5491445995583729e+03
40                                     1.5667791992759292e+03
41                                     1.5930963504103652e+03
   &ZPE [&Type "Double"]       5.3883039722499457e-02
   &INNERENERGYU [&Type "Double"]      -2.7345345795271246e+03
   &ENTHALPYH [&Type "Double"]      -2.7345336353180824e+03
   &QEL [&Type "Double"]       0.0000000000000000e+00
   &QROT [&Type "Double"]       1.5876350941282140e-02
   &QVIB [&Type "Double"]       1.8054687739942218e-02
   &QTRANS [&Type "Double"]       2.0404984060382336e-02
   &ENTROPYS [&Type "Double"]       5.4336022741606690e-02
   &FREEENERGYG [&Type "Double"]      -2.7345879713408240e+03
   &ISLINEAR [&Type "Boolean"] false
$End
$Hessian
   &GeometryIndex 1
   &ListStatus       OUT
   &HESSIAN [&Type "ArrayOfDoubles", &Dim (42,42)] "The Hessian"
                                                         0                           1                           2                           3                           4                           5                           6                           7

0                                      5.5942841470036730e-01        -4.2627943205931704e-05         6.9162949671595919e-05        -1.5897098015076241e-01         1.1711889260798067e-01         7.7322952332596322e-03        -2.6823991342852349e-02         2.6399229381354274e-02
1                                     -4.2627943205931704e-05         6.8634591833245573e-01         2.8670435529668442e-02         6.8636402627129667e-02        -2.6653955313491307e-01        -1.3228467856134116e-02         7.3292617941677393e-02         2.6039365005783195e-02
2                                      6.9162949671595919e-05         2.8670435529668442e-02         1.5090694683701697e-01         4.6519795884311238e-03        -1.2702318872651086e-02        -4.7872040973900132e-02         4.1114234482907373e-03         1.1939698508843738e-03
3                                     -1.5897098015076241e-01         6.8636402627129667e-02         4.6519795884311238e-03         5.9515215853057279e-01        -5.6402130942380696e-02        -3.7200175327671480e-03        -2.9986046940460653e-01         2.5387637812921325e-02
4                                      1.1711889260798067e-01        -2.6653955313491307e-01        -1.2702318872651086e-02        -5.6402130942380696e-02         5.5400639529206352e-01         2.7027164534877891e-02        -2.4196976766912313e-02        -9.2817284544860296e-02
5                                      7.7322952332596322e-03        -1.3228467856134116e-02        -4.7872040973900132e-02        -3.7200175327671480e-03         2.7027164534877891e-02         1.0660313486752393e-01        -9.1005082262190194e-04        -2.2252665679712664e-03
6                                     -2.6823991342852349e-02         7.3292617941677393e-02         4.1114234482907373e-03        -2.9986046940460653e-01        -2.4196976766912313e-02        -9.1005082262190194e-04         5.9206112884487849e-01         3.8751761365609802e-02
7                                      2.6399229381354274e-02         2.6039365005783195e-02         1.1939698508843738e-03         2.5387637812921325e-02        -9.2817284544860296e-02        -2.2252665679712664e-03         3.8751761365609802e-02         5.3228248342253837e-01
8                                      1.3446054025956873e-03         1.7711751943824397e-03         1.3637160274097143e-03         1.8957857753147081e-03        -2.4700355646851495e-03        -5.4308248023114902e-02         1.7906350112999630e-03         2.5595485987899933e-02
9                                      4.4188514255245719e-04        -5.2427943739254519e-06        -1.5173047579985746e-06        -2.8307033445684453e-02        -2.4202024418902693e-02        -1.5208523494606918e-03        -1.4198601424448282e-01        -1.0942952848953327e-01
10                                    -3.7654282213004652e-06        -6.0094020670391178e-02        -3.5796049804307398e-03        -7.2130877912300592e-02         2.8712107039537443e-02         1.5576720735804880e-03        -5.9706074676447188e-02        -2.4249748240874847e-01
11                                    -1.4702155363013254e-05        -3.8712958691584937e-03         3.5553946079809884e-03        -4.3072277279030307e-03         1.5815518362920678e-03         3.2787312079859549e-03        -3.5131021331830659e-03        -1.1203921511286501e-02
12                                    -2.6840428972917173e-02        -7.3281525480992052e-02        -4.1055537295120537e-03        -4.5582496991216005e-02         2.8412185406221088e-02         1.6329788407718833e-03         5.5961426040184857e-02         2.3309600179887844e-02
13                                    -2.6391249169117142e-02         2.6054561247350814e-02         1.1932120205376895e-03         2.5691531850161833e-02        -1.4318495462052282e-02        -1.1053216459542877e-03        -2.3328311477801796e-02        -5.4163667483879969e-02
14                                    -1.3036793834913095e-03         1.7858379510208681e-03         1.3635783040201188e-03         1.4005142145518178e-03        -9.4857858366336747e-04         2.5833976549902299e-03        -1.3016174011577315e-03        -3.3801520443491407e-03
15                                    -1.5898827907115315e-01        -6.8623075996281688e-02        -4.7061934325782467e-03         5.6270854165703550e-02        -2.5493475536348096e-02        -1.4980112290245301e-03        -4.5591532441437835e-02        -2.5685136589761921e-02
16                                    -1.1709888096070505e-01        -2.6645972264250584e-01        -1.2680601192381305e-02         2.5474369862344699e-02        -5.8157950466415614e-02        -3.8040146573411373e-03        -2.8408238989567729e-02        -1.4310096179924219e-02
17                                    -7.8019856556850210e-03        -1.3226376774808207e-02        -4.7874032621078172e-02         1.5050176288126799e-03        -3.7837898599875656e-03         4.0555084357857957e-03        -1.6228709324900563e-03        -1.1002691556446804e-03
18                                     5.7874910927625360e-03         2.5564967410036735e-03         1.4555781758263109e-04        -1.3081887158119274e-03        -1.6141407223992793e-03        -1.6556547482485674e-04         6.7027956538774961e-04         4.4634083964254032e-04
19                                     1.8847815776545790e-02        -4.2012546836204694e-02        -2.9017557136507407e-03        -4.6459399710014199e-03         1.1700459420230010e-03        -1.9383537450083047e-04         5.0466783513494025e-04         6.1166874047893609e-05
20                                     1.2016622125444638e-03        -2.7911491813696464e-03         4.5250184339457652e-03        -2.0974086372774008e-04        -1.8312897053036030e-04         3.7850061920963801e-03        -2.5488884653445738e-05         7.0873026957463521e-05
21                                    -4.5676177920422282e-03         3.8302988929834127e-03         1.5581849734528117e-04         3.3004962059500931e-04        -2.4630077497425585e-04        -3.4515321483333516e-06        -1.0068801767714036e-03         2.0132644151194135e-03
22                                    -9.2694839603057371e-04         2.3974032702826151e-03        -7.6302527790245470e-05        -2.6790406069023356e-04        -8.3374739766793170e-05         1.0252112965150957e-04         5.3126027563722179e-03         1.7260353252741929e-03
23                                    -6.6378740084979432e-05        -8.8178371462321685e-05         3.3571963148285046e-03         2.0925693485549144e-05         8.3265535062695766e-05        -1.4006956068889503e-03         2.7402087342459847e-04        -1.4037608582873507e-04
24                                    -1.9987314339522683e-03        -2.1972031037791428e-07         1.6055521709978542e-06         4.4333977675676452e-03        -2.8179376443623169e-03        -1.0220010024516264e-04        -4.0674977180189434e-02        -5.0179930878152881e-03
25                                     1.5574403828772600e-07         4.7028016782096535e-04         1.0763659050448748e-04         8.0902932833530313e-04        -3.5509234986917260e-03        -4.4291325838380152e-04        -2.3344047079234917e-02        -5.9463204769641051e-04
26                                     3.5644823369895130e-07         5.4201901232468175e-05        -1.1312929080198450e-03         3.1139934300560056e-05        -4.1396055282476231e-04         3.5375398221319308e-03        -1.3784987495200837e-03        -3.0908863469153577e-04
27                                    -4.5690212207375033e-03        -3.8295564556472504e-03        -1.5631062883611913e-04        -2.2307779436148506e-02         3.3584113593851390e-02         2.0688249581457055e-03        -7.2192441035294236e-02         5.5134996325144320e-02
28                                     9.2818642380461847e-04         2.3983284981133439e-03        -7.5267598688805030e-05         1.4791938025757963e-02        -1.8145161544809392e-02        -1.4210274364632560e-03         5.5119850165494401e-02        -1.3552200088238398e-01
29                                     6.5992657170598363e-05        -8.5885746534167826e-05         3.3574421654387443e-03         9.0237356457654495e-04        -1.4162406008441761e-03         4.2591918052265355e-03         3.5172436658476884e-03        -6.7589795629254459e-03
30                                     5.7821681667089894e-03        -2.5644188361647960e-03        -1.4499736737966186e-04        -7.3850788252611183e-02        -5.3433209001103793e-02        -3.5019650802492292e-03        -2.2320059617920919e-02        -3.2812633703740900e-02
31                                    -1.8860871354929525e-02        -4.2010441270702470e-02        -2.8990848126972070e-03        -5.6350351571105156e-02        -1.3307617402392113e-01        -6.5346894469436303e-03        -1.3808107059447225e-02        -1.6096207162713087e-02
32                                    -1.1904073600548363e-03        -2.7944563839307304e-03         4.5261121198599402e-03        -3.4553705359469931e-03        -6.5963622473289253e-03        -2.4388894629702000e-02        -8.8859468212143479e-04        -1.2429539754772690e-03
33                                    -1.2325225767000997e-01        -2.0934779323409598e-05        -2.7012597478012410e-05        -1.9117800500599476e-02         2.3678528979060864e-02         6.1712131237856615e-04         1.0382609142813425e-03         2.1718978029386356e-03
34                                     8.6421703814430677e-06        -1.1367800052289928e-01        -5.4793282012753656e-03         3.5789410639413773e-02         9.7360187519722145e-03         6.1717508996122811e-04         7.7855867550986196e-04        -5.5512251877496560e-03
35                                    -4.4644524771363952e-05        -5.9656521507092421e-03        -4.8432251182869861e-02         2.1892099255252902e-03         1.6523526404251508e-04        -7.5511860667332523e-04        -1.4183635156753661e-04        -7.3414674847182963e-04
36                                    -3.2724585499636638e-02        -5.6951339379678213e-03         4.1791657269465009e-02        -3.3342847129895778e-03        -7.0706816167928994e-03         9.7638992197567531e-04         5.3458124238890290e-04        -3.3085995380334335e-04
37                                    -4.2501559171291073e-03         2.3550594217363184e-02         4.5983954288320722e-03        -3.6591146563275186e-03        -4.2829328292642022e-03         1.0506508570174687e-03        -4.3904902550520218e-04         7.0485751828277426e-04
38                                     2.9272847895565585e-02         4.8672074981360308e-03        -1.3817911777571936e-02         1.4695287150765074e-03         3.3991254552926463e-03         5.1270478048563153e-04        -3.6752107238139211e-04        -3.5975343179892364e-04
39                                    -3.2704065948327671e-02         5.7465944812912818e-03        -4.1784006130613560e-02        -3.5466384740088595e-03        -7.3305058047317146e-03        -1.5800755568576774e-03         1.9068883643409739e-04        -4.6636824887778382e-04
40                                     4.2719023254153519e-03         2.3537834338446695e-02         4.6281226589830323e-03        -3.1103383904649094e-03        -2.6527167809016422e-03        -1.3934931016454139e-03        -4.0146171396787536e-04         7.3868775202952743e-04
41                                    -2.9266738911392462e-02         4.9050960798220598e-03        -1.3827875347060793e-02        -2.3995389680618031e-03        -3.7480817128032694e-03         1.0978307405292006e-04         4.8471108606721941e-04         5.9302683861721796e-04
                                                         8                           9                          10                          11                          12                          13                          14                          15

0                                      1.3446054025956873e-03         4.4188514255245719e-04        -3.7654282213004652e-06        -1.4702155363013254e-05        -2.6840428972917173e-02        -2.6391249169117142e-02        -1.3036793834913095e-03        -1.5898827907115315e-01
1                                      1.7711751943824397e-03        -5.2427943739254519e-06        -6.0094020670391178e-02        -3.8712958691584937e-03        -7.3281525480992052e-02         2.6054561247350814e-02         1.7858379510208681e-03        -6.8623075996281688e-02
2                                      1.3637160274097143e-03        -1.5173047579985746e-06        -3.5796049804307398e-03         3.5553946079809884e-03        -4.1055537295120537e-03         1.1932120205376895e-03         1.3635783040201188e-03        -4.7061934325782467e-03
3                                      1.8957857753147081e-03        -2.8307033445684453e-02        -7.2130877912300592e-02        -4.3072277279030307e-03        -4.5582496991216005e-02         2.5691531850161833e-02         1.4005142145518178e-03         5.6270854165703550e-02
4                                     -2.4700355646851495e-03        -2.4202024418902693e-02         2.8712107039537443e-02         1.5815518362920678e-03         2.8412185406221088e-02        -1.4318495462052282e-02        -9.4857858366336747e-04        -2.5493475536348096e-02
5                                     -5.4308248023114902e-02        -1.5208523494606918e-03         1.5576720735804880e-03         3.2787312079859549e-03         1.6329788407718833e-03        -1.1053216459542877e-03         2.5833976549902299e-03        -1.4980112290245301e-03
6                                      1.7906350112999630e-03        -1.4198601424448282e-01        -5.9706074676447188e-02        -3.5131021331830659e-03         5.5961426040184857e-02        -2.3328311477801796e-02        -1.3016174011577315e-03        -4.5591532441437835e-02
7                                      2.5595485987899933e-02        -1.0942952848953327e-01        -2.4249748240874847e-01        -1.1203921511286501e-02         2.3309600179887844e-02        -5.4163667483879969e-02        -3.3801520443491407e-03        -2.5685136589761921e-02
8                                      1.1226127497573704e-01        -6.5876400362916724e-03        -1.1393697011858328e-02        -5.6456170450355309e-02         1.2982260137761766e-03        -3.3796086685269127e-03         3.1010477034103534e-03        -1.4088991505548532e-03
9                                     -6.5876400362916724e-03         5.0771456838863394e-01         1.2152589635748669e-05        -3.5787829462435356e-05        -1.4195503404033138e-01         1.0940894413515240e-01         6.6053372361290462e-03        -2.8291249913709734e-02
10                                    -1.1393697011858328e-02         1.2152589635748669e-05         6.0653650112218871e-01         2.9710734632942257e-02         5.9685993069755409e-02        -2.4252223470736486e-01        -1.1432114290131593e-02         7.2137257947119504e-02
11                                    -5.6456170450355309e-02        -3.5787829462435356e-05         2.9710734632942257e-02         1.1545183680197910e-01         3.5286093704862244e-03        -1.1240630825954785e-02        -5.6459370483790045e-02         4.3318080074639959e-03
12                                     1.2982260137761766e-03        -1.4195503404033138e-01         5.9685993069755409e-02         3.5286093704862244e-03         5.9202903281785324e-01        -3.8754286878452483e-02        -1.8801638016155294e-03        -2.9984873668404538e-01
13                                    -3.3796086685269127e-03         1.0940894413515240e-01        -2.4252223470736486e-01        -1.1240630825954785e-02        -3.8754286878452483e-02         5.3229720671370073e-01         2.5628719042431171e-02        -2.5354914692250763e-02
14                                     3.1010477034103534e-03         6.6053372361290462e-03        -1.1432114290131593e-02        -5.6459370483790045e-02        -1.8801638016155294e-03         2.5628719042431171e-02         1.1226502240018918e-01        -1.8713853584175742e-03
15                                    -1.4088991505548532e-03        -2.8291249913709734e-02         7.2137257947119504e-02         4.3318080074639959e-03        -2.9984873668404538e-01        -2.5354914692250763e-02        -1.8713853584175742e-03         5.9515240069384534e-01
