
$orca_hessian_file

$act_atom
  0

$act_coord
  0

$act_energy
        0.000000

$multiplicity
  1

$hessian
42
                    0                  1                  2                  3                  4        
    0      5.5942841470E-01  -4.2627943206E-05   6.9162949672E-05  -1.5897098015E-01   1.1711889261E-01
    1     -4.2627943206E-05   6.8634591833E-01   2.8670435530E-02   6.8636402627E-02  -2.6653955313E-01
    2      6.9162949672E-05   2.8670435530E-02   1.5090694684E-01   4.6519795884E-03  -1.2702318873E-02
    3     -1.5897098015E-01   6.8636402627E-02   4.6519795884E-03   5.9515215853E-01  -5.6402130942E-02
    4      1.1711889261E-01  -2.6653955313E-01  -1.2702318873E-02  -5.6402130942E-02   5.5400639529E-01
    5      7.7322952333E-03  -1.3228467856E-02  -4.7872040974E-02  -3.7200175328E-03   2.7027164535E-02
    6     -2.6823991343E-02   7.3292617942E-02   4.1114234483E-03  -2.9986046940E-01  -2.4196976767E-02
    7      2.6399229381E-02   2.6039365006E-02   1.1939698509E-03   2.5387637813E-02  -9.2817284545E-02
    8      1.3446054026E-03   1.7711751944E-03   1.3637160274E-03   1.8957857753E-03  -2.4700355647E-03
    9      4.4188514255E-04  -5.2427943739E-06  -1.5173047580E-06  -2.8307033446E-02  -2.4202024419E-02
   10     -3.7654282213E-06  -6.0094020670E-02  -3.5796049804E-03  -7.2130877912E-02   2.8712107040E-02
   11     -1.4702155363E-05  -3.8712958692E-03   3.5553946080E-03  -4.3072277279E-03   1.5815518363E-03
   12     -2.6840428973E-02  -7.3281525481E-02  -4.1055537295E-03  -4.5582496991E-02   2.8412185406E-02
   13     -2.6391249169E-02   2.6054561247E-02   1.1932120205E-03   2.5691531850E-02  -1.4318495462E-02
   14     -1.3036793835E-03   1.7858379510E-03   1.3635783040E-03   1.4005142146E-03  -9.4857858366E-04
   15     -1.5898827907E-01  -6.8623075996E-02  -4.7061934326E-03   5.6270854166E-02  -2.5493475536E-02
   16     -1.1709888096E-01  -2.6645972264E-01  -1.2680601192E-02   2.5474369862E-02  -5.8157950466E-02
   17     -7.8019856557E-03  -1.3226376775E-02  -4.7874032621E-02   1.5050176288E-03  -3.7837898600E-03
   18      5.7874910928E-03   2.5564967410E-03   1.4555781758E-04  -1.3081887158E-03  -1.6141407224E-03
   19      1.8847815777E-02  -4.2012546836E-02  -2.9017557137E-03  -4.6459399710E-03   1.1700459420E-03
   20      1.2016622125E-03  -2.7911491814E-03   4.5250184339E-03  -2.0974086373E-04  -1.8312897053E-04
   21     -4.5676177920E-03   3.8302988930E-03   1.5581849735E-04   3.3004962060E-04  -2.4630077497E-04
   22     -9.2694839603E-04   2.3974032703E-03  -7.6302527790E-05  -2.6790406069E-04  -8.3374739767E-05
   23     -6.6378740085E-05  -8.8178371462E-05   3.3571963148E-03   2.0925693486E-05   8.3265535063E-05
   24     -1.9987314340E-03  -2.1972031038E-07   1.6055521710E-06   4.4333977676E-03  -2.8179376444E-03
   25      1.5574403829E-07   4.7028016782E-04   1.0763659050E-04   8.0902932834E-04  -3.5509234987E-03
   26      3.5644823370E-07   5.4201901232E-05  -1.1312929080E-03   3.1139934301E-05  -4.1396055282E-04
   27     -4.5690212207E-03  -3.8295564556E-03  -1.5631062884E-04  -2.2307779436E-02   3.3584113594E-02
   28      9.2818642380E-04   2.3983284981E-03  -7.5267598689E-05   1.4791938026E-02  -1.8145161545E-02
   29      6.5992657171E-05  -8.5885746534E-05   3.3574421654E-03   9.0237356458E-04  -1.4162406008E-03
   30      5.7821681667E-03  -2.5644188362E-03  -1.4499736738E-04  -7.3850788253E-02  -5.3433209001E-02
   31     -1.8860871355E-02  -4.2010441271E-02  -2.8990848127E-03  -5.6350351571E-02  -1.3307617402E-01
   32     -1.1904073601E-03  -2.7944563839E-03   4.5261121199E-03  -3.4553705359E-03  -6.5963622473E-03
   33     -1.2325225767E-01  -2.0934779323E-05  -2.7012597478E-05  -1.9117800501E-02   2.3678528979E-02
   34      8.6421703814E-06  -1.1367800052E-01  -5.4793282013E-03   3.5789410639E-02   9.7360187520E-03
   35     -4.4644524771E-05  -5.9656521507E-03  -4.8432251183E-02   2.1892099255E-03   1.6523526404E-04
   36     -3.2724585500E-02  -5.6951339380E-03   4.1791657269E-02  -3.3342847130E-03  -7.0706816168E-03
   37     -4.2501559171E-03   2.3550594217E-02   4.5983954288E-03  -3.6591146563E-03  -4.2829328293E-03
   38      2.9272847896E-02   4.8672074981E-03  -1.3817911778E-02   1.4695287151E-03   3.3991254553E-03
   39     -3.2704065948E-02   5.7465944813E-03  -4.1784006131E-02  -3.5466384740E-03  -7.3305058047E-03
   40      4.2719023254E-03   2.3537834338E-02   4.6281226590E-03  -3.1103383905E-03  -2.6527167809E-03
   41     -2.9266738911E-02   4.9050960798E-03  -1.3827875347E-02  -2.3995389681E-03  -3.7480817128E-03
                    5                  6                  7                  8                  9        
    0      7.7322952333E-03  -2.6823991343E-02   2.6399229381E-02   1.3446054026E-03   4.4188514255E-04
    1     -1.3228467856E-02   7.3292617942E-02   2.6039365006E-02   1.7711751944E-03  -5.2427943739E-06
    2     -4.7872040974E-02   4.1114234483E-03   1.1939698509E-03   1.3637160274E-03  -1.5173047580E-06
    3     -3.7200175328E-03  -2.9986046940E-01   2.5387637813E-02   1.8957857753E-03  -2.8307033446E-02
    4      2.7027164535E-02  -2.4196976767E-02  -9.2817284545E-02  -2.4700355647E-03  -2.4202024419E-02
    5      1.0660313487E-01  -9.1005082262E-04  -2.2252665680E-03  -5.4308248023E-02  -1.5208523495E-03
    6     -9.1005082262E-04   5.9206112884E-01   3.8751761366E-02   1.7906350113E-03  -1.4198601424E-01
    7     -2.2252665680E-03   3.8751761366E-02   5.3228248342E-01   2.5595485988E-02  -1.0942952849E-01
    8     -5.4308248023E-02   1.7906350113E-03   2.5595485988E-02   1.1226127498E-01  -6.5876400363E-03
    9     -1.5208523495E-03  -1.4198601424E-01  -1.0942952849E-01  -6.5876400363E-03   5.0771456839E-01
   10      1.5576720736E-03  -5.9706074676E-02  -2.4249748241E-01  -1.1393697012E-02   1.2152589636E-05
   11      3.2787312080E-03  -3.5131021332E-03  -1.1203921511E-02  -5.6456170450E-02  -3.5787829462E-05
   12      1.6329788408E-03   5.5961426040E-02   2.3309600180E-02   1.2982260138E-03  -1.4195503404E-01
   13     -1.1053216460E-03  -2.3328311478E-02  -5.4163667484E-02  -3.3796086685E-03   1.0940894414E-01
   14      2.5833976550E-03  -1.3016174012E-03  -3.3801520443E-03   3.1010477034E-03   6.6053372361E-03
   15     -1.4980112290E-03  -4.5591532441E-02  -2.5685136590E-02  -1.4088991506E-03  -2.8291249914E-02
   16     -3.8040146573E-03  -2.8408238990E-02  -1.4310096180E-02  -9.3693822531E-04   2.4212123311E-02
   17      4.0555084358E-03  -1.6228709325E-03  -1.1002691556E-03   2.5847054319E-03   1.5337377113E-03
   18     -1.6556547482E-04   6.7027956539E-04   4.4634083964E-04   1.6392763610E-05  -2.2762055369E-03
   19     -1.9383537450E-04   5.0466783513E-04   6.1166874048E-05   6.9704147994E-05  -1.0112138574E-03
   20      3.7850061921E-03  -2.5488884653E-05   7.0873026957E-05  -1.3373107914E-03  -8.3494644892E-05
   21     -3.4515321483E-06  -1.0068801768E-03   2.0132644151E-03   1.1838688178E-04   1.7169937290E-03
   22      1.0252112965E-04   5.3126027564E-03   1.7260353253E-03  -1.2638280574E-04  -1.8927669807E-02
   23     -1.4006956069E-03   2.7402087342E-04  -1.4037608583E-04   3.7338505475E-03  -1.1616044433E-03
   24     -1.0220010025E-04  -4.0674977180E-02  -5.0179930878E-03  -2.9007823988E-04  -1.6631593874E-01
   25     -4.4291325838E-04  -2.3344047079E-02  -5.9463204770E-04  -3.1161462274E-04   1.0845030468E-05
   26      3.5375398221E-03  -1.3784987495E-03  -3.0908863469E-04   4.6064957190E-03   7.2453480628E-06
   27      2.0688249581E-03  -7.2192441035E-02   5.5134996325E-02   3.5404966267E-03   1.7201619067E-03
   28     -1.4210274365E-03   5.5119850165E-02  -1.3552200088E-01  -6.7042004049E-03   1.8920241032E-02
   29      4.2591918052E-03   3.5172436658E-03  -6.7589795629E-03  -2.5634207945E-02   1.1597826052E-03
   30     -3.5019650802E-03  -2.2320059618E-02  -3.2812633704E-02  -2.0640873565E-03  -2.2750507708E-03
   31     -6.5346894469E-03  -1.3808107059E-02  -1.6096207163E-02  -1.3604882919E-03   1.0117595366E-03
   32     -2.4388894630E-02  -8.8859468212E-04  -1.2429539755E-03   3.8931551257E-03   8.4495461585E-05
   33      6.1712131238E-04   1.0382609143E-03   2.1718978029E-03   2.8867275201E-04  -1.9598584200E-03
   34      6.1717508996E-04   7.7855867551E-04  -5.5512251877E-03  -4.8783941964E-04   4.1456396409E-07
   35     -7.5511860667E-04  -1.4183635157E-04  -7.3414674847E-04   5.4012139876E-03  -3.0851529886E-07
   36      9.7638992198E-04   5.3458124239E-04  -3.3085995380E-04  -1.4905422905E-03   8.8605737310E-04
   37      1.0506508570E-03  -4.3904902551E-04   7.0485751828E-04  -4.7026100995E-04   5.8242808579E-05
   38      5.1270478049E-04  -3.6752107238E-04  -3.5975343180E-04   3.2337847437E-04  -1.3616768930E-04
   39     -1.5800755569E-03   1.9068883643E-04  -4.6636824888E-04   1.5195927915E-03   8.8671857287E-04
   40     -1.3934931016E-03  -4.0146171397E-04   7.3868775203E-04   2.0625270903E-04  -5.9041608101E-05
   41      1.0978307405E-04   4.8471108607E-04   5.9302683862E-04   4.6709921720E-04   1.3672726641E-04
                   10                 11                 12                 13                 14        
    0     -3.7654282213E-06  -1.4702155363E-05  -2.6840428973E-02  -2.6391249169E-02  -1.3036793835E-03
    1     -6.0094020670E-02  -3.8712958692E-03  -7.3281525481E-02   2.6054561247E-02   1.7858379510E-03
    2     -3.5796049804E-03   3.5553946080E-03  -4.1055537295E-03   1.1932120205E-03   1.3635783040E-03
    3     -7.2130877912E-02  -4.3072277279E-03  -4.5582496991E-02   2.5691531850E-02   1.4005142146E-03
    4      2.8712107040E-02   1.5815518363E-03   2.8412185406E-02  -1.4318495462E-02  -9.4857858366E-04
    5      1.5576720736E-03   3.2787312080E-03   1.6329788408E-03  -1.1053216460E-03   2.5833976550E-03
    6     -5.9706074676E-02  -3.5131021332E-03   5.5961426040E-02  -2.3328311478E-02  -1.3016174012E-03
    7     -2.4249748241E-01  -1.1203921511E-02   2.3309600180E-02  -5.4163667484E-02  -3.3801520443E-03
    8     -1.1393697012E-02  -5.6456170450E-02   1.2982260138E-03  -3.3796086685E-03   3.1010477034E-03
    9      1.2152589636E-05  -3.5787829462E-05  -1.4195503404E-01   1.0940894414E-01   6.6053372361E-03
   10      6.0653650112E-01   2.9710734633E-02   5.9685993070E-02  -2.4252223471E-01  -1.1432114290E-02
   11      2.9710734633E-02   1.1545183680E-01   3.5286093705E-03  -1.1240630826E-02  -5.6459370484E-02
   12      5.9685993070E-02   3.5286093705E-03   5.9202903282E-01  -3.8754286878E-02  -1.8801638016E-03
   13     -2.4252223471E-01  -1.1240630826E-02  -3.8754286878E-02   5.3229720671E-01   2.5628719042E-02
   14     -1.1432114290E-02  -5.6459370484E-02  -1.8801638016E-03   2.5628719042E-02   1.1226502240E-01
   15      7.2137257947E-02   4.3318080075E-03  -2.9984873668E-01  -2.5354914692E-02  -1.8713853584E-03
   16      2.8696295530E-02   1.5770806307E-03   2.4227495360E-02  -9.2817130440E-02  -2.4731560247E-03
   17      1.5467601414E-03   3.2774989893E-03   9.4551713378E-04  -2.2202868299E-03  -5.4306544437E-02
   18     -4.9902303178E-03  -2.8965910895E-04  -2.2313722459E-02   3.2815152044E-02   2.0703257228E-03
   19      2.5062877437E-03  -7.9422660024E-05   1.3812616894E-02  -1.6106089605E-02  -1.3623514478E-03
   20     -6.6918128263E-05   3.6858052071E-03   8.9549023170E-04  -1.2504349148E-03   3.8934360490E-03
   21     -5.6075631494E-04  -2.4462106214E-05  -7.2210466586E-02  -5.5148246252E-02  -3.5310007459E-03
   22     -4.1555031775E-02  -2.8216053884E-03  -5.5133590643E-02  -1.3550728460E-01  -6.6953220039E-03
   23     -2.7363702697E-03   4.0420234390E-03  -3.5064439049E-03  -6.7484468015E-03  -2.5633050318E-02
   24      1.0534701927E-05   9.8578847608E-06  -4.0668441190E-02   5.0239141889E-03   2.9576924774E-04
   25     -4.0336941362E-02  -8.7273285178E-04   2.3350167046E-02  -5.9825704075E-04  -3.1432021017E-04
   26     -8.9963212383E-04  -2.6060334543E-02   1.3898614608E-03  -3.1204553199E-04   4.6058972034E-03
   27      5.5350086066E-04   2.3752913355E-05  -1.0083016787E-03  -2.0127872079E-03  -1.1690411751E-04
   28     -4.1558513019E-02  -2.8243660992E-03  -5.3120704678E-03   1.7272416511E-03  -1.2541838086E-04
   29     -2.7345940823E-03   4.0422252672E-03  -2.7321201483E-04  -1.4023174660E-04   3.7339856822E-03
   30      4.9908561565E-03   2.8939217780E-04   6.6982810054E-04  -4.4610093423E-04  -1.6163497689E-05
   31      2.5043911669E-03  -7.9172162042E-05  -5.0535562695E-04   6.1856416101E-05   6.8421236657E-05
   32     -7.0816917111E-05   3.6853300282E-03   2.1583170299E-05   7.2226887640E-05  -1.3373145456E-03
   33      5.4862343048E-07   1.0719237855E-06   1.0390647752E-03  -2.1749677529E-03  -2.9262255435E-04
   34     -1.3805962694E-03  -7.4196737002E-05  -7.7888229596E-04  -5.5516438091E-03  -4.8700902287E-04
   35      1.2737046611E-04  -1.4111471986E-03   1.4194703437E-04  -7.3450749412E-04   5.3988006250E-03
   36     -1.5748081163E-04   3.9823003393E-04   1.9294390046E-04   4.6663229299E-04  -1.5188534635E-03
   37      4.9430879932E-04   9.4034550384E-05   4.0096841852E-04   7.3951996742E-04   2.0768396113E-04
   38     -9.5684368779E-06  -3.1606313471E-04  -4.8521737043E-04   5.9335518739E-04   4.6746455529E-04
   39      1.5833947918E-04  -3.9773406644E-04   5.3533296684E-04   3.3221385235E-04   1.4890845337E-03
   40      4.9492881074E-04   9.3984630972E-05   4.3916102090E-04   7.0441715647E-04  -4.7052016858E-04
   41     -9.2632499949E-06  -3.1575973790E-04   3.6773693395E-04  -3.5771869301E-04   3.2364960690E-04
                   15                 16                 17                 18                 19        
    0     -1.5898827907E-01  -1.1709888096E-01  -7.8019856557E-03   5.7874910928E-03   1.8847815777E-02
    1     -6.8623075996E-02  -2.6645972264E-01  -1.3226376775E-02   2.5564967410E-03  -4.2012546836E-02
    2     -4.7061934326E-03  -1.2680601192E-02  -4.7874032621E-02   1.4555781758E-04  -2.9017557137E-03
    3      5.6270854166E-02   2.5474369862E-02   1.5050176288E-03  -1.3081887158E-03  -4.6459399710E-03
    4     -2.5493475536E-02  -5.8157950466E-02  -3.7837898600E-03  -1.6141407224E-03   1.1700459420E-03
    5     -1.4980112290E-03  -3.8040146573E-03   4.0555084358E-03  -1.6556547482E-04  -1.9383537450E-04
    6     -4.5591532441E-02  -2.8408238990E-02  -1.6228709325E-03   6.7027956539E-04   5.0466783513E-04
    7     -2.5685136590E-02  -1.4310096180E-02  -1.1002691556E-03   4.4634083964E-04   6.1166874048E-05
    8     -1.4088991506E-03  -9.3693822531E-04   2.5847054319E-03   1.6392763610E-05   6.9704147994E-05
    9     -2.8291249914E-02   2.4212123311E-02   1.5337377113E-03  -2.2762055369E-03  -1.0112138574E-03
   10      7.2137257947E-02   2.8696295530E-02   1.5467601414E-03  -4.9902303178E-03   2.5062877437E-03
   11      4.3318080075E-03   1.5770806307E-03   3.2774989893E-03  -2.8965910895E-04  -7.9422660024E-05
   12     -2.9984873668E-01   2.4227495360E-02   9.4551713378E-04  -2.2313722459E-02   1.3812616894E-02
   13     -2.5354914692E-02  -9.2817130440E-02  -2.2202868299E-03   3.2815152044E-02  -1.6106089605E-02
   14     -1.8713853584E-03  -2.4731560247E-03  -5.4306544437E-02   2.0703257228E-03  -1.3623514478E-03
   15      5.9515240069E-01   5.6356465862E-02   3.7132336373E-03  -7.3837697027E-02   5.6349192120E-02
   16      5.6356465862E-02   5.5396096497E-01   2.7036647967E-02   5.3433865182E-02  -1.3311053092E-01
   17      3.7132336373E-03   2.7036647967E-02   1.0660520563E-01   3.5106809652E-03  -6.5571515772E-03
   18     -7.3837697027E-02   5.3433865182E-02   3.5106809652E-03   1.0238648260E-01  -8.3211103923E-02
   19      5.6349192120E-02  -1.3311053092E-01  -6.5571515772E-03  -8.3211103923E-02   1.9248199067E-01
   20      3.4533037335E-03  -6.6157910302E-03  -2.4390500884E-02  -5.0201144983E-03   1.1221691366E-02
   21     -2.2316583773E-02  -3.3582218901E-02  -2.0640120345E-03  -5.6733760622E-03  -4.4998833036E-03
   22     -1.4791400928E-02  -1.8137043046E-02  -1.4181764988E-03   4.2258604321E-03   2.7061184965E-03
   23     -8.9889734499E-04  -1.4098955590E-03   4.2598000486E-03   2.5492751466E-04   2.7051382173E-04
   24      4.4337794067E-03   2.8167016787E-03   1.0101185518E-04  -1.6828003228E-03   9.1345652978E-04
   25     -8.1013133141E-04  -3.5511039588E-03  -4.4330128458E-04   1.4389743448E-03  -2.1332755663E-04
   26     -3.3933478418E-05  -4.1625148606E-04   3.5371325796E-03   7.7559291896E-05  -6.9962724456E-06
   27      3.3031673033E-04   2.4611580986E-04   3.1078481758E-06  -3.5455400097E-04   6.9668898611E-04
   28      2.6784713607E-04  -8.3321064804E-05   1.0211919813E-04   7.6931139164E-04  -1.1216642654E-03
   29     -1.9660181906E-05   8.2793035898E-05  -1.4007534701E-03   5.5194676232E-05  -5.9259610496E-05
   30     -1.3061457375E-03   1.6141924911E-03   1.6681774997E-04   2.8393568022E-04   5.9894302718E-05
   31      4.6472115172E-03   1.1685304590E-03  -1.9130560802E-04  -6.0509994127E-05  -2.0901402819E-03
   32      2.1020238715E-04  -1.7959502948E-04   3.7851951683E-03   5.1509398387E-06  -1.3274152094E-04
   33     -1.9136033023E-02  -2.3676380087E-02  -6.1457957145E-04  -4.5997867766E-03   6.7661692603E-03
   34     -3.5788954981E-02   9.7550036815E-03   6.0783025138E-04  -2.8518135036E-03  -3.3412363525E-03
   35     -2.1791861801E-03   1.6401287208E-04  -7.5988765370E-04  -6.9524955426E-04   1.8838671989E-04
   36     -3.5445501478E-03   7.3283584651E-03   1.5760200880E-03   1.5421989940E-03  -2.2032610088E-03
   37      3.1158315221E-03  -2.6617344164E-03  -1.3944455006E-03  -8.8610795236E-04  -3.7377376603E-04
   38      2.3959210684E-03  -3.7479665314E-03   1.1277758237E-04  -1.0505561500E-03   7.9657557218E-04
   39     -3.3265431786E-03   7.0695568877E-03  -9.7692980587E-04   1.3759429638E-03  -2.3998134115E-03
   40      3.6597579784E-03  -4.2921615047E-03   1.0477326008E-03  -2.0513807907E-03  -5.5630014414E-04
   41     -1.4630690956E-03   3.3976881613E-03   5.1389519769E-04   1.0917042603E-03  -1.2411307694E-03
                   20                 21                 22                 23                 24        
    0      1.2016622125E-03  -4.5676177920E-03  -9.2694839603E-04  -6.6378740085E-05  -1.9987314340E-03
    1     -2.7911491814E-03   3.8302988930E-03   2.3974032703E-03  -8.8178371462E-05  -2.1972031038E-07
    2      4.5250184339E-03   1.5581849735E-04  -7.6302527790E-05   3.3571963148E-03   1.6055521710E-06
    3     -2.0974086373E-04   3.3004962060E-04  -2.6790406069E-04   2.0925693486E-05   4.4333977676E-03
    4     -1.8312897053E-04  -2.4630077497E-04  -8.3374739767E-05   8.3265535063E-05  -2.8179376444E-03
    5      3.7850061921E-03  -3.4515321483E-06   1.0252112965E-04  -1.4006956069E-03  -1.0220010025E-04
    6     -2.5488884653E-05  -1.0068801768E-03   5.3126027564E-03   2.7402087342E-04  -4.0674977180E-02
    7      7.0873026957E-05   2.0132644151E-03   1.7260353253E-03  -1.4037608583E-04  -5.0179930878E-03
    8     -1.3373107914E-03   1.1838688178E-04  -1.2638280574E-04   3.7338505475E-03  -2.9007823988E-04
    9     -8.3494644892E-05   1.7169937290E-03  -1.8927669807E-02  -1.1616044433E-03  -1.6631593874E-01
   10     -6.6918128263E-05  -5.6075631494E-04  -4.1555031775E-02  -2.7363702697E-03   1.0534701927E-05
   11      3.6858052071E-03  -2.4462106214E-05  -2.8216053884E-03   4.0420234390E-03   9.8578847608E-06
   12      8.9549023170E-04  -7.2210466586E-02  -5.5133590643E-02  -3.5064439049E-03  -4.0668441190E-02
   13     -1.2504349148E-03  -5.5148246252E-02  -1.3550728460E-01  -6.7484468015E-03   5.0239141889E-03
   14      3.8934360490E-03  -3.5310007459E-03  -6.6953220039E-03  -2.5633050318E-02   2.9576924774E-04
   15      3.4533037335E-03  -2.2316583773E-02  -1.4791400928E-02  -8.9889734499E-04   4.4337794067E-03
   16     -6.6157910302E-03  -3.3582218901E-02  -1.8137043046E-02  -1.4098955590E-03   2.8167016787E-03
   17     -2.4390500884E-02  -2.0640120345E-03  -1.4181764988E-03   4.2598000486E-03   1.0101185518E-04
   18     -5.0201144983E-03  -5.6733760622E-03   4.2258604321E-03   2.5492751466E-04  -1.6828003228E-03
   19      1.1221691366E-02  -4.4998833036E-03   2.7061184965E-03   2.7051382173E-04   9.1345652978E-04
   20      1.4280119760E-02  -2.6149744541E-04   2.6834884369E-04  -1.5244914719E-03   5.1393180595E-05
   21     -2.6149744541E-04   1.0322660320E-01   8.1279361789E-02   5.1688113825E-03   3.5184773121E-04
   22      2.6834884369E-04   8.1279361789E-02   1.9693778027E-01   1.1220687100E-02  -2.1991246254E-04
   23     -1.5244914719E-03   5.1688113825E-03   1.1220687100E-02   1.3925401192E-02  -1.0650131149E-05
   24      5.1393180595E-05   3.5184773121E-04  -2.1991246254E-04  -1.0650131149E-05   2.4355931690E-01
   25     -1.8353686681E-05   8.8632740583E-03  -4.6283361670E-03  -1.8738770768E-04  -1.4621257220E-05
   26      9.4125270795E-05   5.3973394782E-04  -1.8569797068E-04  -1.4494568776E-03  -1.6297108668E-05
   27      5.0778036962E-05   4.6208747171E-04  -2.5589367271E-04  -1.5495119662E-05   3.5024349614E-04
   28     -8.5471491234E-05   2.5544221264E-04  -2.2648860199E-03  -1.4124850773E-04   2.1892905226E-04
   29      3.5071375130E-05   1.5307560729E-05  -1.4117867842E-04   1.1768033531E-04   1.0936525557E-05
   30     -5.1985722699E-06  -3.5474213026E-04  -7.6938910044E-04  -5.5396580032E-05  -1.6831435979E-03
   31     -1.3342736905E-04  -6.9675783301E-04  -1.1212699160E-03  -5.9137827470E-05  -9.1317238454E-04
   32      2.1590300872E-04  -5.0693545875E-05  -8.5428207510E-05   3.5052333463E-05  -5.0935934281E-05
   33      3.3653399559E-04   1.6262837991E-03   2.1551429568E-03   1.3304883807E-04   2.6366998371E-03
   34     -2.1715855042E-04  -2.0835208763E-03  -1.0698972874E-03  -7.9346145356E-05  -7.7291907253E-07
   35     -3.2286226394E-03  -1.5730697924E-04  -2.2915542307E-05   4.6965367767E-04   4.5317804565E-07
   36      5.7998548682E-04  -8.1026216307E-04  -8.3542314323E-04  -1.8475260338E-04  -1.3706179145E-03
   37      5.7741670212E-04   2.6993999630E-04   2.4891638142E-04   9.4064841057E-05  -1.0558170404E-04
   38      9.2123783692E-05   4.2528384891E-04   3.3225901741E-04   5.7370348553E-05   3.2884189041E-04
   39     -9.6996113418E-04  -7.7393687149E-04  -8.5308827412E-04   5.5723152501E-05  -1.3706347578E-03
   40     -7.8872329698E-04   3.1435544480E-04   3.5086980963E-04  -7.7399945159E-05   1.0666300486E-04
   41     -1.2568329319E-04  -3.3875631689E-04  -3.5155054345E-04   9.6660366988E-06  -3.2979564618E-04
                   25                 26                 27                 28                 29        
    0      1.5574403829E-07   3.5644823370E-07  -4.5690212207E-03   9.2818642380E-04   6.5992657171E-05
    1      4.7028016782E-04   5.4201901232E-05  -3.8295564556E-03   2.3983284981E-03  -8.5885746534E-05
    2      1.0763659050E-04  -1.1312929080E-03  -1.5631062884E-04  -7.5267598689E-05   3.3574421654E-03
    3      8.0902932834E-04   3.1139934301E-05  -2.2307779436E-02   1.4791938026E-02   9.0237356458E-04
    4     -3.5509234987E-03  -4.1396055282E-04   3.3584113594E-02  -1.8145161545E-02  -1.4162406008E-03
    5     -4.4291325838E-04   3.5375398221E-03   2.0688249581E-03  -1.4210274365E-03   4.2591918052E-03
    6     -2.3344047079E-02  -1.3784987495E-03  -7.2192441035E-02   5.5119850165E-02   3.5172436658E-03
    7     -5.9463204770E-04  -3.0908863469E-04   5.5134996325E-02  -1.3552200088E-01  -6.7589795629E-03
    8     -3.1161462274E-04   4.6064957190E-03   3.5404966267E-03  -6.7042004049E-03  -2.5634207945E-02
    9      1.0845030468E-05   7.2453480628E-06   1.7201619067E-03   1.8920241032E-02   1.1597826052E-03
   10     -4.0336941362E-02  -8.9963212383E-04   5.5350086066E-04  -4.1558513019E-02  -2.7345940823E-03
   11     -8.7273285178E-04  -2.6060334543E-02   2.3752913355E-05  -2.8243660992E-03   4.0422252672E-03
   12      2.3350167046E-02   1.3898614608E-03  -1.0083016787E-03  -5.3120704678E-03  -2.7321201483E-04
   13     -5.9825704075E-04  -3.1204553199E-04  -2.0127872079E-03   1.7272416511E-03  -1.4023174660E-04
   14     -3.1432021017E-04   4.6058972034E-03  -1.1690411751E-04  -1.2541838086E-04   3.7339856822E-03
   15     -8.1013133141E-04  -3.3933478418E-05   3.3031673033E-04   2.6784713607E-04  -1.9660181906E-05
   16     -3.5511039588E-03  -4.1625148606E-04   2.4611580986E-04  -8.3321064804E-05   8.2793035898E-05
   17     -4.4330128458E-04   3.5371325796E-03   3.1078481758E-06   1.0211919813E-04  -1.4007534701E-03
   18      1.4389743448E-03   7.7559291896E-05  -3.5455400097E-04   7.6931139164E-04   5.5194676232E-05
   19     -2.1332755663E-04  -6.9962724456E-06   6.9668898611E-04  -1.1216642654E-03  -5.9259610496E-05
   20     -1.8353686681E-05   9.4125270795E-05   5.0778036962E-05  -8.5471491234E-05   3.5071375130E-05
   21      8.8632740583E-03   5.3973394782E-04   4.6208747171E-04   2.5544221264E-04   1.5307560729E-05
   22     -4.6283361670E-03  -1.8569797068E-04  -2.5589367271E-04  -2.2648860199E-03  -1.4117867842E-04
   23     -1.8738770768E-04  -1.4494568776E-03  -1.5495119662E-05  -1.4124850773E-04   1.1768033531E-04
   24     -1.4621257220E-05  -1.6297108668E-05   3.5024349614E-04   2.1892905226E-04   1.0936525557E-05
   25      5.7779750310E-02   2.6897566946E-03  -8.8649196770E-03  -4.6271239368E-03  -1.8573373256E-04
   26      2.6897566946E-03   1.3448850708E-02  -5.3998876069E-04  -1.8563454622E-04  -1.4494146775E-03
   27     -8.8649196770E-03  -5.3998876069E-04   1.0319796042E-01  -8.1260607133E-02  -5.1839096464E-03
   28     -4.6271239368E-03  -1.8563454622E-04  -8.1260607133E-02   1.9696203743E-01   1.1233444831E-02
   29     -1.8573373256E-04  -1.4494146775E-03  -5.1839096464E-03   1.1233444831E-02   1.3926672444E-02
   30     -1.4387451048E-03  -7.6866479410E-05  -5.6713886293E-03  -4.2241276252E-03  -2.5382382046E-04
   31     -2.1290834108E-04  -6.6362847902E-06   4.5004620040E-03   2.7059304129E-03   2.6994634187E-04
   32     -1.7986435806E-05   9.4187544857E-05   2.6224455170E-04   2.6889058373E-04  -1.5244413358E-03
   33     -1.8864821138E-07  -2.6428439431E-08   1.6275261119E-03  -2.1556648695E-03  -1.3370590054E-04
   34      3.5369251770E-06  -2.1175847827E-05   2.0827613669E-03  -1.0693827095E-03  -8.0121561575E-05
   35      9.6462610755E-06   1.4071782355E-04   1.5830456203E-04  -2.3567429416E-05   4.6909410123E-04
   36      1.0049430544E-05  -5.8384618355E-05  -7.7435669286E-04   8.5348203292E-04  -5.5558428421E-05
   37      2.9993737055E-05   8.6950601410E-06  -3.1391896007E-04   3.5025056736E-04  -7.7231723335E-05
   38     -8.5258139743E-06   1.2829487460E-05   3.3891857429E-04  -3.5160080215E-04   9.7408617954E-06
   39     -9.8298608059E-06   5.8187038343E-05  -8.1045343790E-04   8.3561154201E-04   1.8519157560E-04
   40      2.9992769520E-05   8.7689244423E-06  -2.6932475984E-04   2.4826488644E-04   9.4037083239E-05
   41     -8.4732709496E-06   1.2722847446E-05  -4.2597263661E-04   3.3258383813E-04   5.7713390629E-05
                   30                 31                 32                 33                 34        
    0      5.7821681667E-03  -1.8860871355E-02  -1.1904073601E-03  -1.2325225767E-01   8.6421703814E-06
    1     -2.5644188362E-03  -4.2010441271E-02  -2.7944563839E-03  -2.0934779323E-05  -1.1367800052E-01
    2     -1.4499736738E-04  -2.8990848127E-03   4.5261121199E-03  -2.7012597478E-05  -5.4793282013E-03
    3     -7.3850788253E-02  -5.6350351571E-02  -3.4553705359E-03  -1.9117800501E-02   3.5789410639E-02
    4     -5.3433209001E-02  -1.3307617402E-01  -6.5963622473E-03   2.3678528979E-02   9.7360187520E-03
    5     -3.5019650802E-03  -6.5346894469E-03  -2.4388894630E-02   6.1712131238E-04   6.1717508996E-04
    6     -2.2320059618E-02  -1.3808107059E-02  -8.8859468212E-04   1.0382609143E-03   7.7855867551E-04
    7     -3.2812633704E-02  -1.6096207163E-02  -1.2429539755E-03   2.1718978029E-03  -5.5512251877E-03
    8     -2.0640873565E-03  -1.3604882919E-03   3.8931551257E-03   2.8867275201E-04  -4.8783941964E-04
    9     -2.2750507708E-03   1.0117595366E-03   8.4495461585E-05  -1.9598584200E-03   4.1456396409E-07
   10      4.9908561565E-03   2.5043911669E-03  -7.0816917111E-05   5.4862343048E-07  -1.3805962694E-03
   11      2.8939217780E-04  -7.9172162042E-05   3.6853300282E-03   1.0719237855E-06  -7.4196737002E-05
   12      6.6982810054E-04  -5.0535562695E-04   2.1583170299E-05   1.0390647752E-03  -7.7888229596E-04
   13     -4.4610093423E-04   6.1856416101E-05   7.2226887640E-05  -2.1749677529E-03  -5.5516438091E-03
   14     -1.6163497689E-05   6.8421236657E-05  -1.3373145456E-03  -2.9262255435E-04  -4.8700902287E-04
   15     -1.3061457375E-03   4.6472115172E-03   2.1020238715E-04  -1.9136033023E-02  -3.5788954981E-02
   16      1.6141924911E-03   1.1685304590E-03  -1.7959502948E-04  -2.3676380087E-02   9.7550036815E-03
   17      1.6681774997E-04  -1.9130560802E-04   3.7851951683E-03  -6.1457957145E-04   6.0783025138E-04
   18      2.8393568022E-04  -6.0509994127E-05   5.1509398387E-06  -4.5997867766E-03  -2.8518135036E-03
   19      5.9894302718E-05  -2.0901402819E-03  -1.3274152094E-04   6.7661692603E-03  -3.3412363525E-03
   20     -5.1985722699E-06  -1.3342736905E-04   2.1590300872E-04   3.3653399559E-04  -2.1715855042E-04
   21     -3.5474213026E-04  -6.9675783301E-04  -5.0693545875E-05   1.6262837991E-03  -2.0835208763E-03
   22     -7.6938910044E-04  -1.1212699160E-03  -8.5428207510E-05   2.1551429568E-03  -1.0698972874E-03
   23     -5.5396580032E-05  -5.9137827470E-05   3.5052333463E-05   1.3304883807E-04  -7.9346145356E-05
   24     -1.6831435979E-03  -9.1317238454E-04  -5.0935934281E-05   2.6366998371E-03  -7.7291907253E-07
   25     -1.4387451048E-03  -2.1290834108E-04  -1.7986435806E-05  -1.8864821138E-07   3.5369251770E-06
   26     -7.6866479410E-05  -6.6362847902E-06   9.4187544857E-05  -2.6428439431E-08  -2.1175847827E-05
   27     -5.6713886293E-03   4.5004620040E-03   2.6224455170E-04   1.6275261119E-03   2.0827613669E-03
   28     -4.2241276252E-03   2.7059304129E-03   2.6889058373E-04  -2.1556648695E-03  -1.0693827095E-03
   29     -2.5382382046E-04   2.6994634187E-04  -1.5244413358E-03  -1.3370590054E-04  -8.0121561575E-05
   30      1.0240412098E-01   8.3219191291E-02   5.0042460164E-03  -4.5987122911E-03   2.8515072935E-03
   31      8.3219191291E-02   1.9243541945E-01   1.1193934620E-02  -6.7636944597E-03  -3.3328812237E-03
   32      5.0042460164E-03   1.1193934620E-02   1.4278097951E-02  -3.3536518191E-04  -2.1628780463E-04
   33     -4.5987122911E-03  -6.7636944597E-03  -3.3536518191E-04   6.3665600176E-01  -1.3911058444E-04
   34      2.8515072935E-03  -3.3328812237E-03  -2.1628780463E-04  -1.3911058444E-04   2.7291997748E-01
   35      6.9289377449E-04   1.8809359724E-04  -3.2292957408E-03   7.1467901558E-05  -8.2950213862E-02
   36      1.3774050574E-03   2.3993800113E-03   9.6977432104E-04  -2.3600946622E-01  -2.4180397752E-02
   37      2.0489430749E-03  -5.6040874115E-04  -7.8790451048E-04  -2.0744141128E-02  -7.8686891205E-02
   38     -1.0915733652E-03  -1.2407433767E-03  -1.2536964116E-04   1.6759910193E-01   4.4364983480E-02
   39      1.5425730377E-03   2.2016133650E-03  -5.7991660406E-04  -2.3594992230E-01   2.4313306607E-02
   40      8.8324225501E-04  -3.7569694616E-04   5.7730084643E-04   2.0901646283E-02  -7.8752782267E-02
   41      1.0503093967E-03   7.9646947902E-04   9.2282613196E-05  -1.6763074006E-01   4.4552056708E-02
                   35                 36                 37                 38                 39        
    0     -4.4644524771E-05  -3.2724585500E-02  -4.2501559171E-03   2.9272847896E-02  -3.2704065948E-02
    1     -5.9656521507E-03  -5.6951339380E-03   2.3550594217E-02   4.8672074981E-03   5.7465944813E-03
    2     -4.8432251183E-02   4.1791657269E-02   4.5983954288E-03  -1.3817911778E-02  -4.1784006131E-02
    3      2.1892099255E-03  -3.3342847130E-03  -3.6591146563E-03   1.4695287151E-03  -3.5466384740E-03
    4      1.6523526404E-04  -7.0706816168E-03  -4.2829328293E-03   3.3991254553E-03  -7.3305058047E-03
    5     -7.5511860667E-04   9.7638992198E-04   1.0506508570E-03   5.1270478049E-04  -1.5800755569E-03
    6     -1.4183635157E-04   5.3458124239E-04  -4.3904902551E-04  -3.6752107238E-04   1.9068883643E-04
    7     -7.3414674847E-04  -3.3085995380E-04   7.0485751828E-04  -3.5975343180E-04  -4.6636824888E-04
    8      5.4012139876E-03  -1.4905422905E-03  -4.7026100995E-04   3.2337847437E-04   1.5195927915E-03
    9     -3.0851529886E-07   8.8605737310E-04   5.8242808579E-05  -1.3616768930E-04   8.8671857287E-04
   10      1.2737046611E-04  -1.5748081163E-04   4.9430879932E-04  -9.5684368779E-06   1.5833947918E-04
   11     -1.4111471986E-03   3.9823003393E-04   9.4034550384E-05  -3.1606313471E-04  -3.9773406644E-04
   12      1.4194703437E-04   1.9294390046E-04   4.0096841852E-04  -4.8521737043E-04   5.3533296684E-04
   13     -7.3450749412E-04   4.6663229299E-04   7.3951996742E-04   5.9335518739E-04   3.3221385235E-04
   14      5.3988006250E-03  -1.5188534635E-03   2.0768396113E-04   4.6746455529E-04   1.4890845337E-03
   15     -2.1791861801E-03  -3.5445501478E-03   3.1158315221E-03   2.3959210684E-03  -3.3265431786E-03
   16      1.6401287208E-04   7.3283584651E-03  -2.6617344164E-03  -3.7479665314E-03   7.0695568877E-03
   17     -7.5988765370E-04   1.5760200880E-03  -1.3944455006E-03   1.1277758237E-04  -9.7692980587E-04
   18     -6.9524955426E-04   1.5421989940E-03  -8.8610795236E-04  -1.0505561500E-03   1.3759429638E-03
   19      1.8838671989E-04  -2.2032610088E-03  -3.7377376603E-04   7.9657557218E-04  -2.3998134115E-03
   20     -3.2286226394E-03   5.7998548682E-04   5.7741670212E-04   9.2123783692E-05  -9.6996113418E-04
   21     -1.5730697924E-04  -8.1026216307E-04   2.6993999630E-04   4.2528384891E-04  -7.7393687149E-04
   22     -2.2915542307E-05  -8.3542314323E-04   2.4891638142E-04   3.3225901741E-04  -8.5308827412E-04
   23      4.6965367767E-04  -1.8475260338E-04   9.4064841057E-05   5.7370348553E-05   5.5723152501E-05
   24      4.5317804565E-07  -1.3706179145E-03  -1.0558170404E-04   3.2884189041E-04  -1.3706347578E-03
   25      9.6462610755E-06   1.0049430544E-05   2.9993737055E-05  -8.5258139743E-06  -9.8298608059E-06
   26      1.4071782355E-04  -5.8384618355E-05   8.6950601410E-06   1.2829487460E-05   5.8187038343E-05
   27      1.5830456203E-04  -7.7435669286E-04  -3.1391896007E-04   3.3891857429E-04  -8.1045343790E-04
   28     -2.3567429416E-05   8.5348203292E-04   3.5025056736E-04  -3.5160080215E-04   8.3561154201E-04
   29      4.6909410123E-04  -5.5558428421E-05  -7.7231723335E-05   9.7408617954E-06   1.8519157560E-04
   30      6.9289377449E-04   1.3774050574E-03   2.0489430749E-03  -1.0915733652E-03   1.5425730377E-03
   31      1.8809359724E-04   2.3993800113E-03  -5.6040874115E-04  -1.2407433767E-03   2.2016133650E-03
   32     -3.2292957408E-03   9.6977432104E-04  -7.8790451048E-04  -1.2536964116E-04  -5.7991660406E-04
   33      7.1467901558E-05  -2.3600946622E-01  -2.0744141128E-02   1.6759910193E-01  -2.3594992230E-01
   34     -8.2950213862E-02  -2.4180397752E-02  -7.8686891205E-02   4.4364983480E-02   2.4313306607E-02
   35      8.8456722888E-01   1.8881161858E-01   4.4635880135E-02  -4.1913948359E-01  -1.8886032921E-01
   36      1.8881161858E-01   2.2436936237E-01   2.6969361881E-02  -2.1527361817E-01   4.9665574415E-02
   37      4.4635880135E-02   2.6969361881E-02   3.7702972345E-02  -6.5819770247E-02  -2.4471857536E-03
   38     -4.1913948359E-01  -2.1527361817E-01  -6.5819770247E-02   5.4580322452E-01   1.6527303277E-02
   39     -1.8886032921E-01   4.9665574415E-02  -2.4471857536E-03   1.6527303277E-02   2.2428536417E-01
   40      4.4903009536E-02   2.4279415064E-03   2.2744327424E-02   1.7217614194E-02  -2.7131783708E-02
   41     -4.1949090248E-01  -1.6475059506E-02   1.7249599692E-02  -1.1399278626E-01   2.1525617617E-01
                   40                 41        
     0      4.2719023254E-03  -2.9266738911E-02
     1      2.3537834338E-02   4.9050960798E-03
     2      4.6281226590E-03  -1.3827875347E-02
     3     -3.1103383905E-03  -2.3995389681E-03
     4     -2.6527167809E-03  -3.7480817128E-03
     5     -1.3934931016E-03   1.0978307405E-04
     6     -4.0146171397E-04   4.8471108607E-04
     7      7.3868775203E-04   5.9302683862E-04
     8      2.0625270903E-04   4.6709921720E-04
     9     -5.9041608101E-05   1.3672726641E-04
    10      4.9492881074E-04  -9.2632499949E-06
    11      9.3984630972E-05  -3.1575973790E-04
    12      4.3916102090E-04   3.6773693395E-04
    13      7.0441715647E-04  -3.5771869301E-04
    14     -4.7052016858E-04   3.2364960690E-04
    15      3.6597579784E-03  -1.4630690956E-03
    16     -4.2921615047E-03   3.3976881613E-03
    17      1.0477326008E-03   5.1389519769E-04
    18     -2.0513807907E-03   1.0917042603E-03
    19     -5.5630014414E-04  -1.2411307694E-03
    20     -7.8872329698E-04  -1.2568329319E-04
    21      3.1435544480E-04  -3.3875631689E-04
    22      3.5086980963E-04  -3.5155054345E-04
    23     -7.7399945159E-05   9.6660366988E-06
    24      1.0666300486E-04  -3.2979564618E-04
    25      2.9992769520E-05  -8.4732709496E-06
    26      8.7689244423E-06   1.2722847446E-05
    27     -2.6932475984E-04  -4.2597263661E-04
    28      2.4826488644E-04   3.3258383813E-04
    29      9.4037083239E-05   5.7713390629E-05
    30      8.8324225501E-04   1.0503093967E-03
    31     -3.7569694616E-04   7.9646947902E-04
    32      5.7730084643E-04   9.2282613196E-05
    33      2.0901646283E-02  -1.6763074006E-01
    34     -7.8752782267E-02   4.4552056708E-02
    35      4.4903009536E-02  -4.1949090248E-01
    36      2.4279415064E-03  -1.6475059506E-02
    37      2.2744327424E-02   1.7249599692E-02
    38      1.7217614194E-02  -1.1399278626E-01
    39     -2.7131783708E-02   2.1525617617E-01
    40      3.7780334695E-02  -6.6078494614E-02
    41     -6.6078494614E-02   5.4616619514E-01

$vibrational_frequencies
42
    0        0.0000000000000000
    1        0.0000000000000000
    2        0.0000000000000000
    3        0.0000000000000000
    4        0.0000000000000000
    5        0.0000000000000000
    6       70.6465179382932007
    7       74.3990366066151267
    8       84.7389729842173693
    9       96.6919891394574051
   10      153.9798120342117613
   11      163.1561175608778456
   12      206.1208375442551812
   13      217.4052897902297445
   14      217.7620054731088715
   15      230.5092404290940351
   16      263.9199362598655512
   17      295.8451959223011158
   18      321.0272571246711664
   19      334.6838510406491878
   20      356.3263819663735603
   21      383.7364298573731958
   22      461.9106289608730549
   23      567.1493323042294605
   24      599.6328700104376139
   25      652.7746276564937489
   26      657.5010076217009782
   27      670.3000129294100589
   28      714.3919259718554713
   29      805.1277443203108533
   30      815.4102659864338420
   31      874.2429314523456014
   32      930.8489151372438073
   33     1110.8708037400551802
   34     1207.4502837532293142
   35     1304.9701001707314845
   36     1355.9188977905421325
   37     1364.0479005104664338
   38     1379.4032584238505024
   39     1549.1445995583728745
   40     1566.7791992759291588
   41     1593.0963504103651758

$normal_modes
42 42
                    0                  1                  2                  3                  4        
    0      0.0000000000E+00   0.0000000000E+00   0.0000000000E+00   0.0000000000E+00   0.0000000000E+00
    1      0.0000000000E+00   0.0000000000E+00   0.0000000000E+00   0.0000000000E+00   0.0000000000E+00
    2      0.0000000000E+00   0.0000000000E+00   0.0000000000E+00   0.0000000000E+00   0.0000000000E+00
    3      0.0000000000E+00   0.0000000000E+00   0.0000000000E+00   0.0000000000E+00   0.0000000000E+00
    4      0.0000000000E+00   0.0000000000E+00   0.0000000000E+00   0.0000000000E+00   0.0000000000E+00
