
$orca_hessian_file

$act_atom
  0

$act_coord
  0

$act_energy
        0.000000

$multiplicity
  1

$hessian
42
                    0                  1                  2                  3                  4        
    0      5.5478618370E-01   3.3067046914E-07  -5.0480216181E-05  -1.5903187396E-01   1.1613580413E-01
    1      3.3067046914E-07   6.8060336819E-01   3.0294804076E-02   6.7701657822E-02  -2.6393276303E-01
    2     -5.0480216181E-05   3.0294804076E-02   1.5255465309E-01   3.9040686885E-03  -1.2415854322E-02
    3     -1.5903187396E-01   6.7701657822E-02   3.9040686885E-03   5.9022844588E-01  -5.4682377128E-02
    4      1.1613580413E-01  -2.6393276303E-01  -1.2415854322E-02  -5.4682377128E-02   5.5275000114E-01
    5      6.6762138805E-03  -1.2381584325E-02  -4.7931169798E-02  -3.1587888550E-03   2.5236193652E-02
    6     -2.6528208365E-02   7.3128871301E-02   4.1579125618E-03  -2.9554932011E-01  -2.4160348399E-02
    7      2.6329453160E-02   2.6003885979E-02   1.4191027530E-03   2.5582560407E-02  -9.3050070291E-02
    8      1.4925753463E-03   1.4104338627E-03   1.1838973543E-03   1.4881635194E-03  -2.2056004944E-03
    9      5.4910390778E-04   6.2538140663E-06   1.1538111125E-06  -2.8136258311E-02  -2.4128733968E-02
   10      6.0395164130E-06  -5.9948305973E-02  -3.5954368948E-03  -7.1948652740E-02   2.8687238430E-02
   11      4.7603403886E-06  -3.5879087443E-03   3.5571599522E-03  -4.0815266005E-03   1.4528081419E-03
   12     -2.6506642260E-02  -7.3140753363E-02  -4.1555159003E-03  -4.5557583017E-02   2.8374211229E-02
   13     -2.6340677039E-02   2.5981229200E-02   1.4210436963E-03   2.5618126890E-02  -1.4292927327E-02
   14     -1.4992964008E-03   1.4175424918E-03   1.1845483415E-03   1.4585399710E-03  -9.7399482170E-04
   15     -1.5899562884E-01  -6.7688660517E-02  -3.8687063413E-03   5.6221079223E-02  -2.5460925130E-02
   16     -1.1612561459E-01  -2.6398767830E-01  -1.2403165664E-02   2.5487162436E-02  -5.8211337018E-02
   17     -6.6349804341E-03  -1.2371100161E-02  -4.7929682035E-02   1.4513401137E-03  -3.5327515453E-03
   18      5.8104451716E-03   2.5099244008E-03   1.3348662068E-04  -1.2882007900E-03  -1.6278532872E-03
   19      1.8840766757E-02  -4.2134096873E-02  -2.6352356124E-03  -4.6665000661E-03   1.1511989819E-03
   20      1.0716341830E-03  -2.6476865880E-03   4.5680144231E-03  -2.5944081798E-04  -1.5358532483E-04
   21     -4.5849064044E-03   3.8169673423E-03   2.0843014016E-04   3.3066300112E-04  -2.4414477332E-04
   22     -9.2043436726E-04   2.3806609083E-03  -6.9119572601E-05  -2.5902859314E-04  -7.7990942729E-05
   23     -5.6844240100E-05  -7.3556368217E-05   3.3499507085E-03  -2.0859241056E-05   7.8948933124E-05
   24     -1.9640472582E-03  -1.5862007934E-07  -3.7786595859E-09   4.4262336694E-03  -2.7804860399E-03
   25     -2.3110314372E-07   4.7983519154E-04   9.0957122952E-05   8.2581444380E-04  -3.5497845229E-03
   26     -6.8670016942E-08   8.6299490119E-05  -1.1233120131E-03   3.6052724228E-05  -3.9990415791E-04
   27     -4.5842083738E-03  -3.8183631294E-03  -2.0724999880E-04  -2.2227297732E-02   3.3448728344E-02
   28      9.1883319560E-04   2.3797291185E-03  -6.9596826321E-05   1.4695612244E-02  -1.8055663215E-02
   29      5.8206742232E-05  -7.3700984144E-05   3.3497361278E-03   8.0768441118E-04  -1.2566771133E-03
   30      5.8156205950E-03  -2.4990450344E-03  -1.3390485715E-04  -7.3979310651E-02  -5.3971572389E-02
   31     -1.8828766741E-02  -4.2137369972E-02  -2.6317208026E-03  -5.7001461549E-02  -1.3423782268E-01
   32     -1.0747878534E-03  -2.6465444749E-03   4.5676379072E-03  -3.2834741494E-03  -6.0197314323E-03
   33     -1.1827774481E-01   3.1006075152E-06   1.0842959642E-05  -1.8378836186E-02   2.3587852529E-02
   34     -1.6941721774E-06  -1.1468006439E-01  -3.8128908010E-03   3.5525872439E-02   9.7417945614E-03
   35      9.0523657664E-06  -3.8191861781E-03  -4.7022224659E-02   2.0193076247E-03   6.3050419894E-04
   36     -3.3251120626E-02   2.3287225424E-03  -4.2800716567E-02  -3.5291094690E-03  -7.1789271069E-03
   37      1.6440492502E-03   2.4497515189E-02   2.1928394942E-03  -3.3134645035E-03  -3.1915911800E-03
   38     -3.0326780695E-02   2.1939597903E-03  -1.5150243384E-02  -2.2662810666E-03  -3.9868997152E-03
   39     -3.3236972478E-02  -2.3488592976E-03   4.2800064931E-02  -3.5286315528E-03  -7.3295689695E-03
   40     -1.6578472067E-03   2.4494054761E-02   2.2053898302E-03  -3.5469811491E-03  -3.7302829039E-03
   41      3.0331413598E-02   2.2071116358E-03  -1.5158966014E-02   1.8787831949E-03   3.5381995213E-03
                    5                  6                  7                  8                  9        
    0      6.6762138805E-03  -2.6528208365E-02   2.6329453160E-02   1.4925753463E-03   5.4910390778E-04
    1     -1.2381584325E-02   7.3128871301E-02   2.6003885979E-02   1.4104338627E-03   6.2538140663E-06
    2     -4.7931169798E-02   4.1579125618E-03   1.4191027530E-03   1.1838973543E-03   1.1538111125E-06
    3     -3.1587888550E-03  -2.9554932011E-01   2.5582560407E-02   1.4881635194E-03  -2.8136258311E-02
    4      2.5236193652E-02  -2.4160348399E-02  -9.3050070291E-02  -2.2056004944E-03  -2.4128733968E-02
    5      1.0675000681E-01  -1.3730316087E-03  -2.2149939728E-03  -5.4453170636E-02  -1.3564433593E-03
    6     -1.3730316087E-03   5.8714472983E-01   3.7084875352E-02   1.9697904412E-03  -1.4147603730E-01
    7     -2.2149939728E-03   3.7084875352E-02   5.3058353918E-01   2.3696776911E-02  -1.0809276703E-01
    8     -5.4453170636E-02   1.9697904412E-03   2.3696776911E-02   1.1247312541E-01  -6.1686555425E-03
    9     -1.3564433593E-03  -1.4147603730E-01  -1.0809276703E-01  -6.1686555425E-03   5.0705985701E-01
   10      1.4643177061E-03  -5.8276292170E-02  -2.4006465476E-01  -1.0453578238E-02  -6.9791495089E-06
   11      3.1676825483E-03  -3.3181086808E-03  -1.0485604392E-02  -5.6509294819E-02  -2.2241358071E-05
   12      1.6134180687E-03   5.5861634247E-02   2.3274128103E-02   1.3263247648E-03  -1.4151147458E-01
   13     -9.6911516324E-04  -2.3249229395E-02  -5.4039419750E-02  -3.2455174433E-03   1.0810866155E-01
   14      2.6014165088E-03  -1.3332657542E-03  -3.2484167612E-03   3.0536514974E-03   6.1800947227E-03
   15     -1.4621449429E-03  -4.5545998183E-02  -2.5625885235E-02  -1.4481828669E-03  -2.8156811884E-02
   16     -3.5305119347E-03  -2.8381391434E-02  -1.4305930775E-02  -9.7358831401E-04   2.4116391346E-02
   17      4.0265442591E-03  -1.6080001790E-03  -9.6690931834E-04   2.6014748085E-03   1.3582981023E-03
   18     -8.4532050968E-05   6.5588069027E-04   4.3983079441E-04   2.3880698443E-05  -2.2797363871E-03
   19     -1.5322001683E-04   5.1409651300E-04   6.5508645531E-05   8.1875592920E-05  -1.0266057013E-03
   20      3.7955765699E-03   3.3615334569E-05   8.3713930774E-05  -1.3365136662E-03  -5.3765770523E-05
   21     -1.3059319509E-05  -1.0047933123E-03   2.0138965088E-03   1.1006776955E-04   1.7081026907E-03
   22      7.6094043636E-05   5.3218128077E-03   1.7239505215E-03  -1.1767951934E-04  -1.8975913899E-02
   23     -1.3973949460E-03   3.0184449773E-04  -1.1694265415E-04   3.7297485812E-03  -1.0757395726E-03
   24     -1.5395687422E-04  -4.0547448391E-02  -4.9583088333E-03  -2.7551607298E-04  -1.6697290728E-01
   25     -4.0275172402E-04  -2.3300926816E-02  -5.8627411652E-04  -2.9579868576E-04  -1.1443429171E-05
   26      3.5385005905E-03  -1.3095032768E-03  -2.8591634356E-04   4.5707669676E-03   6.5318382696E-06
   27      1.9100703462E-03  -7.2367180649E-02   5.5493874015E-02   3.2598688951E-03   1.7029171776E-03
   28     -1.2713584830E-03   5.5455718527E-02  -1.3603188664E-01  -6.1731957602E-03   1.8985047805E-02
   29      4.2286982422E-03   3.2642206689E-03  -6.1737768630E-03  -2.5449902640E-02   1.0768019476E-03
   30     -3.1069089402E-03  -2.2367313486E-02  -3.2916234597E-02  -1.8640280164E-03  -2.2809514594E-03
   31     -6.0104415815E-03  -1.3872615720E-02  -1.6211096864E-02  -1.1395629441E-03   1.0257057967E-03
   32     -2.4156195234E-02  -7.6747695590E-04  -1.1280928706E-03   3.9243989211E-03   5.4365994714E-05
   33      1.3650751941E-03   9.4846523768E-04   2.0166829180E-03   1.0321966909E-04  -1.9856198495E-03
   34      5.9574712858E-04   6.9576914645E-04  -5.5494359270E-03  -6.2236909012E-04  -4.4414224319E-08
   35     -7.8957654762E-04   6.4829939966E-05  -5.9578739918E-04   5.3456551199E-03  -6.9713870750E-07
   36     -1.6781763696E-03   3.9669051326E-04  -4.7282415846E-04   1.5135226181E-03   8.8980971739E-04
   37     -1.4524326540E-03  -4.3972021293E-04   6.8153232674E-04   3.5939094772E-04  -7.8744670534E-06
   38      2.5419568786E-05   4.0197339031E-04   5.1286907822E-04   4.7988495860E-04   1.6013924648E-04
   39      8.4869531382E-04   3.7889927150E-04  -2.9634924269E-04  -1.5592589661E-03   8.9000655026E-04
   40      1.0224018051E-03  -3.9355166678E-04   7.8035247221E-04  -3.1836330323E-04   8.0623835250E-06
   41      5.9366206898E-04  -4.5657263608E-04  -4.9924561970E-04   3.8627813936E-04  -1.5995935486E-04
                   10                 11                 12                 13                 14        
    0      6.0395164130E-06   4.7603403886E-06  -2.6506642260E-02  -2.6340677039E-02  -1.4992964008E-03
    1     -5.9948305973E-02  -3.5879087443E-03  -7.3140753363E-02   2.5981229200E-02   1.4175424918E-03
    2     -3.5954368948E-03   3.5571599522E-03  -4.1555159003E-03   1.4210436963E-03   1.1845483415E-03
    3     -7.1948652740E-02  -4.0815266005E-03  -4.5557583017E-02   2.5618126890E-02   1.4585399710E-03
    4      2.8687238430E-02   1.4528081419E-03   2.8374211229E-02  -1.4292927327E-02  -9.7399482170E-04
    5      1.4643177061E-03   3.1676825483E-03   1.6134180687E-03  -9.6911516324E-04   2.6014165088E-03
    6     -5.8276292170E-02  -3.3181086808E-03   5.5861634247E-02  -2.3249229395E-02  -1.3332657542E-03
    7     -2.4006465476E-01  -1.0485604392E-02   2.3274128103E-02  -5.4039419750E-02  -3.2484167612E-03
    8     -1.0453578238E-02  -5.6509294819E-02   1.3263247648E-03  -3.2455174433E-03   3.0536514974E-03
    9     -6.9791495089E-06  -2.2241358071E-05  -1.4151147458E-01   1.0810866155E-01   6.1800947227E-03
   10      6.0152459164E-01   2.7703439937E-02   5.8292731794E-02  -2.4002122923E-01  -1.0454350550E-02
   11      2.7703439937E-02   1.1560664605E-01   3.3303478975E-03  -1.0493726996E-02  -5.6509697859E-02
   12      5.8292731794E-02   3.3303478975E-03   5.8716449871E-01  -3.7064304779E-02  -2.0229608509E-03
   13     -2.4002122923E-01  -1.0493726996E-02  -3.7064304779E-02   5.3056099047E-01   2.3696368878E-02
   14     -1.0454350550E-02  -5.6509697859E-02  -2.0229608509E-03   2.3696368878E-02   1.1247318856E-01
   15      7.1937117886E-02   4.0787982611E-03  -2.9555441503E-01  -2.5630696780E-02  -1.4584490069E-03
   16      2.8709562587E-02   1.4517895158E-03   2.4112666162E-02  -9.3050247322E-02  -2.2093108834E-03
   17      1.4557919081E-03   3.1672192696E-03   1.3982773425E-03  -2.2113680861E-03  -5.4453391009E-02
   18     -4.9858729811E-03  -2.7595110906E-04  -2.2378626230E-02   3.2914060621E-02   1.8675746559E-03
   19      2.4990110101E-03  -7.7432003780E-05   1.3869866304E-02  -1.6199373018E-02  -1.1415587562E-03
   20     -8.7508593141E-05   3.6812834275E-03   7.7025318230E-04  -1.1314286814E-03   3.9238531276E-03
   21     -5.5559442372E-04  -2.4246196638E-05  -7.2342638459E-02  -5.5476962926E-02  -3.2539788448E-03
   22     -4.1611508556E-02  -2.5817503383E-03  -5.5440351868E-02  -1.3605827598E-01  -6.1678310140E-03
   23     -2.5981396490E-03   4.0658293663E-03  -3.2583198677E-03  -6.1681085512E-03  -2.5449058813E-02
   24     -1.2500321227E-05   6.5376229340E-06  -4.0551397272E-02   4.9489011247E-03   2.7990897247E-04
   25     -4.0319760492E-02  -8.2824977913E-04   2.3292515830E-02  -5.8027110471E-04  -2.9784240191E-04
   26     -8.2990644643E-04  -2.5943116289E-02   1.3132904602E-03  -2.8573708696E-04   4.5700860654E-03
   27      5.6564459482E-04   2.5057422380E-05  -1.0029637422E-03  -2.0146113931E-03  -1.0958346258E-04
   28     -4.1609370032E-02  -2.5844553814E-03  -5.3226462488E-03   1.7221653030E-03  -1.1722659104E-04
   29     -2.5981447728E-03   4.0661723037E-03  -3.0116869316E-04  -1.1680643704E-04   3.7297241534E-03
   30      4.9848230931E-03   2.7701508407E-04   6.5619632931E-04  -4.3978637164E-04  -2.4437222648E-05
   31      2.5006627304E-03  -7.7513448209E-05  -5.1377298998E-04   6.5070824032E-05   8.2124605968E-05
   32     -8.7406935771E-05   3.6814542293E-03  -3.3085816795E-05   8.3512366950E-05  -1.3365142771E-03
   33     -2.6299377726E-07   7.9757298332E-09   9.4836473924E-04  -2.0149575421E-03  -1.0246186755E-04
   34     -1.3326655667E-03   4.8332098558E-06  -6.9471533209E-04  -5.5497531892E-03  -6.2235779444E-04
   35     -4.1356169557E-06  -1.3819199718E-03  -6.2320897303E-05  -5.9564392538E-04   5.3461742406E-03
   36      1.7076870789E-05  -4.0991911049E-04   3.7906375042E-04   2.9611964806E-04   1.5598189964E-03
   37      4.9322359129E-04   4.4074327244E-05   3.9370912570E-04   7.8045140934E-04  -3.1819460721E-04
   38      5.0283497169E-05  -3.2472876746E-04   4.5612175290E-04  -4.9963975882E-04   3.8608406019E-04
   39     -1.7039611981E-05   4.0958488475E-04   3.9598281167E-04   4.7250750523E-04  -1.5135711838E-03
   40      4.9320462974E-04   4.4207763330E-05   4.3956492233E-04   6.8158971910E-04   3.5852975335E-04
   41      5.0262835301E-05  -3.2468943996E-04  -4.0259416700E-04   5.1268564052E-04   4.7993539751E-04
                   15                 16                 17                 18                 19        
    0     -1.5899562884E-01  -1.1612561459E-01  -6.6349804341E-03   5.8104451716E-03   1.8840766757E-02
    1     -6.7688660517E-02  -2.6398767830E-01  -1.2371100161E-02   2.5099244008E-03  -4.2134096873E-02
    2     -3.8687063413E-03  -1.2403165664E-02  -4.7929682035E-02   1.3348662068E-04  -2.6352356124E-03
    3      5.6221079223E-02   2.5487162436E-02   1.4513401137E-03  -1.2882007900E-03  -4.6665000661E-03
    4     -2.5460925130E-02  -5.8211337018E-02  -3.5327515453E-03  -1.6278532872E-03   1.1511989819E-03
    5     -1.4621449429E-03  -3.5305119347E-03   4.0265442591E-03  -8.4532050968E-05  -1.5322001683E-04
    6     -4.5545998183E-02  -2.8381391434E-02  -1.6080001790E-03   6.5588069027E-04   5.1409651300E-04
    7     -2.5625885235E-02  -1.4305930775E-02  -9.6690931834E-04   4.3983079441E-04   6.5508645531E-05
    8     -1.4481828669E-03  -9.7358831401E-04   2.6014748085E-03   2.3880698443E-05   8.1875592920E-05
    9     -2.8156811884E-02   2.4116391346E-02   1.3582981023E-03  -2.2797363871E-03  -1.0266057013E-03
   10      7.1937117886E-02   2.8709562587E-02   1.4557919081E-03  -4.9858729811E-03   2.4990110101E-03
   11      4.0787982611E-03   1.4517895158E-03   3.1672192696E-03  -2.7595110906E-04  -7.7432003780E-05
   12     -2.9555441503E-01   2.4112666162E-02   1.3982773425E-03  -2.2378626230E-02   1.3869866304E-02
   13     -2.5630696780E-02  -9.3050247322E-02  -2.2113680861E-03   3.2914060621E-02  -1.6199373018E-02
   14     -1.4584490069E-03  -2.2093108834E-03  -5.4453391009E-02   1.8675746559E-03  -1.1415587562E-03
   15      5.9021750329E-01   5.4708267345E-02   3.0802426032E-03  -7.4003530333E-02   5.7012480839E-02
   16      5.4708267345E-02   5.5278350567E-01   2.5227828641E-02   5.3982943683E-02  -1.3420841174E-01
   17      3.0802426032E-03   2.5227828641E-02   1.0674780573E-01   3.1154278891E-03  -6.0155811801E-03
   18     -7.4003530333E-02   5.3982943683E-02   3.1154278891E-03   1.0251885411E-01  -8.3933383738E-02
   19      5.7012480839E-02  -1.3420841174E-01  -6.0155811801E-03  -8.3933383738E-02   1.9364870662E-01
   20      3.2951235900E-03  -6.0265969129E-03  -2.4156844207E-02  -4.8216839530E-03   9.9547507802E-03
   21     -2.2216813515E-02  -3.3450555732E-02  -1.9066474264E-03  -5.6620993133E-03  -4.5004582026E-03
   22     -1.4697184703E-02  -1.8067914806E-02  -1.2702594484E-03   4.2175097526E-03   2.7248377985E-03
   23     -8.0471971073E-04  -1.2537183042E-03   4.2291416349E-03   2.3347869945E-04   2.4891317258E-04
   24      4.4257845932E-03   2.7820188227E-03   1.5395849276E-04  -1.6952375722E-03   9.1734135483E-04
   25     -8.2429231127E-04  -3.5494388212E-03  -4.0260334219E-04   1.4468514519E-03  -2.1847761185E-04
   26     -3.5332087764E-05  -3.9987429070E-04   3.5385168595E-03   8.2424763257E-05  -1.8843369584E-05
   27      3.3050984465E-04   2.4416451226E-04   1.2751628883E-05  -3.5584325706E-04   6.9680629615E-04
   28      2.5909883292E-04  -7.7736196294E-05   7.6351624739E-05   7.7232704773E-04  -1.1169002837E-03
   29      2.0204775773E-05   7.9106557625E-05  -1.3974293237E-03   4.0481634264E-05  -6.1074505727E-05
   30     -1.2899503610E-03   1.6274037389E-03   8.5414470175E-05   2.8554665991E-04   6.5474035977E-05
   31      4.6655462282E-03   1.1529594608E-03  -1.5432043476E-04  -6.4859786427E-05  -2.0797587946E-03
   32      2.6044730182E-04  -1.5468645690E-04   3.7956633308E-03  -4.5736897511E-06  -1.3063469525E-04
   33     -1.8367921045E-02  -2.3593948770E-02  -1.3636119173E-03  -4.6015218393E-03   6.8412791214E-03
   34     -3.5532632909E-02   9.7274991919E-03   6.0261069160E-04  -2.8525786261E-03  -3.2016009951E-03
   35     -2.0177498850E-03   6.3501224286E-04  -7.8726771168E-04  -1.4554971152E-04  -1.1058527634E-06
   36     -3.5328982447E-03   7.3299176318E-03  -8.4865837569E-04   1.4972494384E-03  -2.2764564509E-03
   37      3.5468794683E-03  -3.7266996495E-03   1.0221529123E-03  -1.4570790570E-03  -3.6469918384E-04
   38     -1.8805027829E-03   3.5373285265E-03   5.9407210293E-04   1.0633892907E-03  -1.0750797533E-03
   39     -3.5309095174E-03   7.1789853908E-03   1.6791658275E-03   1.4968196490E-03  -2.3681118727E-03
   40      3.3124764473E-03  -3.1881322871E-03  -1.4520460370E-03  -1.3484154655E-03  -5.6594455799E-04
   41      2.2679929548E-03  -3.9874089484E-03   2.4176290363E-05  -1.2230384336E-03   1.0349961515E-03
                   20                 21                 22                 23                 24        
    0      1.0716341830E-03  -4.5849064044E-03  -9.2043436726E-04  -5.6844240100E-05  -1.9640472582E-03
    1     -2.6476865880E-03   3.8169673423E-03   2.3806609083E-03  -7.3556368217E-05  -1.5862007934E-07
    2      4.5680144231E-03   2.0843014016E-04  -6.9119572601E-05   3.3499507085E-03  -3.7786595859E-09
    3     -2.5944081798E-04   3.3066300112E-04  -2.5902859314E-04  -2.0859241056E-05   4.4262336694E-03
    4     -1.5358532483E-04  -2.4414477332E-04  -7.7990942729E-05   7.8948933124E-05  -2.7804860399E-03
    5      3.7955765699E-03  -1.3059319509E-05   7.6094043636E-05  -1.3973949460E-03  -1.5395687422E-04
    6      3.3615334569E-05  -1.0047933123E-03   5.3218128077E-03   3.0184449773E-04  -4.0547448391E-02
    7      8.3713930774E-05   2.0138965088E-03   1.7239505215E-03  -1.1694265415E-04  -4.9583088333E-03
    8     -1.3365136662E-03   1.1006776955E-04  -1.1767951934E-04   3.7297485812E-03  -2.7551607298E-04
    9     -5.3765770523E-05   1.7081026907E-03  -1.8975913899E-02  -1.0757395726E-03  -1.6697290728E-01
   10     -8.7508593141E-05  -5.5559442372E-04  -4.1611508556E-02  -2.5981396490E-03  -1.2500321227E-05
   11      3.6812834275E-03  -2.4246196638E-05  -2.5817503383E-03   4.0658293663E-03   6.5376229340E-06
   12      7.7025318230E-04  -7.2342638459E-02  -5.5440351868E-02  -3.2583198677E-03  -4.0551397272E-02
   13     -1.1314286814E-03  -5.5476962926E-02  -1.3605827598E-01  -6.1681085512E-03   4.9489011247E-03
   14      3.9238531276E-03  -3.2539788448E-03  -6.1678310140E-03  -2.5449058813E-02   2.7990897247E-04
   15      3.2951235900E-03  -2.2216813515E-02  -1.4697184703E-02  -8.0471971073E-04   4.4257845932E-03
   16     -6.0265969129E-03  -3.3450555732E-02  -1.8067914806E-02  -1.2537183042E-03   2.7820188227E-03
   17     -2.4156844207E-02  -1.9066474264E-03  -1.2702594484E-03   4.2291416349E-03   1.5395849276E-04
   18     -4.8216839530E-03  -5.6620993133E-03   4.2175097526E-03   2.3347869945E-04  -1.6952375722E-03
   19      9.9547507802E-03  -4.5004582026E-03   2.7248377985E-03   2.4891317258E-04   9.1734135483E-04
   20      1.3959701876E-02  -2.5253385290E-04   2.4947928428E-04  -1.5315393962E-03   5.0867518983E-05
   21     -2.5253385290E-04   1.0321774068E-01   8.1485774522E-02   4.7310746913E-03   3.6196453168E-04
   22      2.4947928428E-04   8.1485774522E-02   1.9744073697E-01   1.0311906783E-02  -2.1090068933E-04
   23     -1.5315393962E-03   4.7310746913E-03   1.0311906783E-02   1.3765420588E-02  -1.5285986331E-05
   24      5.0867518983E-05   3.6196453168E-04  -2.1090068933E-04  -1.5285986331E-05   2.4397738822E-01
   25     -1.7123457797E-05   8.8547765669E-03  -4.6046998206E-03  -1.7381443124E-04   2.0664684873E-05
   26      9.3525322913E-05   4.9852778570E-04  -1.7851613458E-04  -1.4484202062E-03  -1.0654010210E-05
   27      3.5925587886E-05   4.6276476754E-04  -2.5820420958E-04  -1.5534031403E-05   3.6297533614E-04
   28     -5.9480819479E-05   2.5889728979E-04  -2.2667346066E-03  -1.3620758046E-04   2.1126173158E-04
   29      3.7028652830E-05   1.5552446501E-05  -1.3619086115E-04   1.1905764334E-04   1.5006156347E-05
   30      4.5821946797E-06  -3.5550778303E-04  -7.7215884586E-04  -4.0333633080E-05  -1.6948278701E-03
   31     -1.3052435655E-04  -6.9664216660E-04  -1.1172979025E-03  -6.0961993639E-05  -9.1778418261E-04
   32      2.1492554573E-04  -3.5834199152E-05  -5.9315802523E-05   3.7008810108E-05  -5.0650455843E-05
   33      3.8326344911E-04   1.7038552604E-03   2.2172898388E-03   1.2671013125E-04   2.6347885587E-03
   34      7.7053991666E-06  -2.0935459798E-03  -1.0556674873E-03  -8.6454863114E-05   3.7466917217E-07
   35     -3.2148086848E-03  -1.1861950068E-04  -9.1789901013E-05   4.5192222703E-04  -6.3221763643E-07
   36     -9.0490279072E-04  -8.0944421667E-04  -8.6912209788E-04   7.1468664584E-05  -1.3817071897E-03
   37     -6.7569835025E-04   3.2530362075E-04   3.1988247613E-04  -7.3111759029E-05   1.6784990957E-05
   38     -1.1321882850E-04  -3.9352794262E-04  -3.5325674047E-04   1.3414779604E-05  -3.4500898358E-04
   39      6.4224684075E-04  -8.0888792853E-04  -8.5639059104E-04  -1.6872110855E-04  -1.3815620736E-03
   40      6.2321373864E-04   2.7959129577E-04   2.7002142813E-04   1.0453093613E-04  -1.7237178495E-05
   41      7.9015837474E-05   4.2657515667E-04   3.8494555022E-04   6.4919021676E-05   3.4541848561E-04
                   25                 26                 27                 28                 29        
    0     -2.3110314372E-07  -6.8670016942E-08  -4.5842083738E-03   9.1883319560E-04   5.8206742232E-05
    1      4.7983519154E-04   8.6299490119E-05  -3.8183631294E-03   2.3797291185E-03  -7.3700984144E-05
    2      9.0957122952E-05  -1.1233120131E-03  -2.0724999880E-04  -6.9596826321E-05   3.3497361278E-03
    3      8.2581444380E-04   3.6052724228E-05  -2.2227297732E-02   1.4695612244E-02   8.0768441118E-04
    4     -3.5497845229E-03  -3.9990415791E-04   3.3448728344E-02  -1.8055663215E-02  -1.2566771133E-03
    5     -4.0275172402E-04   3.5385005905E-03   1.9100703462E-03  -1.2713584830E-03   4.2286982422E-03
    6     -2.3300926816E-02  -1.3095032768E-03  -7.2367180649E-02   5.5455718527E-02   3.2642206689E-03
    7     -5.8627411652E-04  -2.8591634356E-04   5.5493874015E-02  -1.3603188664E-01  -6.1737768630E-03
    8     -2.9579868576E-04   4.5707669676E-03   3.2598688951E-03  -6.1731957602E-03  -2.5449902640E-02
    9     -1.1443429171E-05   6.5318382696E-06   1.7029171776E-03   1.8985047805E-02   1.0768019476E-03
   10     -4.0319760492E-02  -8.2990644643E-04   5.6564459482E-04  -4.1609370032E-02  -2.5981447728E-03
   11     -8.2824977913E-04  -2.5943116289E-02   2.5057422380E-05  -2.5844553814E-03   4.0661723037E-03
   12      2.3292515830E-02   1.3132904602E-03  -1.0029637422E-03  -5.3226462488E-03  -3.0116869316E-04
   13     -5.8027110471E-04  -2.8573708696E-04  -2.0146113931E-03   1.7221653030E-03  -1.1680643704E-04
   14     -2.9784240191E-04   4.5700860654E-03  -1.0958346258E-04  -1.1722659104E-04   3.7297241534E-03
   15     -8.2429231127E-04  -3.5332087764E-05   3.3050984465E-04   2.5909883292E-04   2.0204775773E-05
   16     -3.5494388212E-03  -3.9987429070E-04   2.4416451226E-04  -7.7736196294E-05   7.9106557625E-05
   17     -4.0260334219E-04   3.5385168595E-03   1.2751628883E-05   7.6351624739E-05  -1.3974293237E-03
   18      1.4468514519E-03   8.2424763257E-05  -3.5584325706E-04   7.7232704773E-04   4.0481634264E-05
   19     -2.1847761185E-04  -1.8843369584E-05   6.9680629615E-04  -1.1169002837E-03  -6.1074505727E-05
   20     -1.7123457797E-05   9.3525322913E-05   3.5925587886E-05  -5.9480819479E-05   3.7028652830E-05
   21      8.8547765669E-03   4.9852778570E-04   4.6276476754E-04   2.5889728979E-04   1.5552446501E-05
   22     -4.6046998206E-03  -1.7851613458E-04  -2.5820420958E-04  -2.2667346066E-03  -1.3619086115E-04
   23     -1.7381443124E-04  -1.4484202062E-03  -1.5534031403E-05  -1.3620758046E-04   1.1905764334E-04
   24      2.0664684873E-05  -1.0654010210E-05   3.6297533614E-04   2.1126173158E-04   1.5006156347E-05
   25      5.7697096579E-02   2.5199490538E-03  -8.8565259139E-03  -4.6098350362E-03  -1.7314519674E-04
   26      2.5199490538E-03   1.3396675516E-02  -4.9891275122E-04  -1.7882729480E-04  -1.4480624114E-03
   27     -8.8565259139E-03  -4.9891275122E-04   1.0325573524E-01  -8.1505769923E-02  -4.7427565188E-03
   28     -4.6098350362E-03  -1.7882729480E-04  -8.1505769923E-02   1.9740657355E-01   1.0320581188E-02
   29     -1.7314519674E-04  -1.4480624114E-03  -4.7427565188E-03   1.0320581188E-02   1.3766199878E-02
   30     -1.4471698935E-03  -8.2381099302E-05  -5.6627177135E-03  -4.2194487571E-03  -2.3297396738E-04
   31     -2.1895680880E-04  -1.8853612470E-05   4.4984498282E-03   2.7249979903E-03   2.4818169467E-04
   32     -1.6971275165E-05   9.3491623199E-05   2.5302311261E-04   2.5002795081E-04  -1.5315838347E-03
   33      2.7819541016E-07  -1.7937906667E-07   1.7037493441E-03  -2.2166969428E-03  -1.2671327896E-04
   34      6.8304356110E-06  -8.9125926733E-06   2.0941456966E-03  -1.0556314756E-03  -8.6620367304E-05
   35     -1.0880942301E-05   1.6619763225E-04   1.1822214994E-04  -9.1146032511E-05   4.5207926045E-04
   36     -2.8675071317E-06   5.4094415305E-05  -8.0895246572E-04   8.5612343039E-04   1.6876130653E-04
   37      2.6867070401E-05   1.3291536236E-06  -2.7988453108E-04   2.7022490029E-04   1.0460778551E-04
   38      2.2926735672E-06  -2.3926795505E-06  -4.2641603487E-04   3.8462444264E-04   6.4909056715E-05
   39      2.5842870662E-06  -5.3879582221E-05  -8.0948777284E-04   8.6880926932E-04  -7.1401476228E-05
   40      2.6869058386E-05   1.3343555859E-06  -3.2562168981E-04   3.2006662099E-04  -7.3116787491E-05
   41      2.3616624047E-06  -2.4569786064E-06   3.9362749986E-04  -3.5331377329E-04   1.3372891592E-05
                   30                 31                 32                 33                 34        
    0      5.8156205950E-03  -1.8828766741E-02  -1.0747878534E-03  -1.1827774481E-01  -1.6941721774E-06
    1     -2.4990450344E-03  -4.2137369972E-02  -2.6465444749E-03   3.1006075152E-06  -1.1468006439E-01
    2     -1.3390485715E-04  -2.6317208026E-03   4.5676379072E-03   1.0842959642E-05  -3.8128908010E-03
    3     -7.3979310651E-02  -5.7001461549E-02  -3.2834741494E-03  -1.8378836186E-02   3.5525872439E-02
    4     -5.3971572389E-02  -1.3423782268E-01  -6.0197314323E-03   2.3587852529E-02   9.7417945614E-03
    5     -3.1069089402E-03  -6.0104415815E-03  -2.4156195234E-02   1.3650751941E-03   5.9574712858E-04
    6     -2.2367313486E-02  -1.3872615720E-02  -7.6747695590E-04   9.4846523768E-04   6.9576914645E-04
    7     -3.2916234597E-02  -1.6211096864E-02  -1.1280928706E-03   2.0166829180E-03  -5.5494359270E-03
    8     -1.8640280164E-03  -1.1395629441E-03   3.9243989211E-03   1.0321966909E-04  -6.2236909012E-04
    9     -2.2809514594E-03   1.0257057967E-03   5.4365994714E-05  -1.9856198495E-03  -4.4414224319E-08
   10      4.9848230931E-03   2.5006627304E-03  -8.7406935771E-05  -2.6299377726E-07  -1.3326655667E-03
   11      2.7701508407E-04  -7.7513448209E-05   3.6814542293E-03   7.9757298332E-09   4.8332098558E-06
   12      6.5619632931E-04  -5.1377298998E-04  -3.3085816795E-05   9.4836473924E-04  -6.9471533209E-04
   13     -4.3978637164E-04   6.5070824032E-05   8.3512366950E-05  -2.0149575421E-03  -5.5497531892E-03
   14     -2.4437222648E-05   8.2124605968E-05  -1.3365142771E-03  -1.0246186755E-04  -6.2235779444E-04
   15     -1.2899503610E-03   4.6655462282E-03   2.6044730182E-04  -1.8367921045E-02  -3.5532632909E-02
   16      1.6274037389E-03   1.1529594608E-03  -1.5468645690E-04  -2.3593948770E-02   9.7274991919E-03
   17      8.5414470175E-05  -1.5432043476E-04   3.7956633308E-03  -1.3636119173E-03   6.0261069160E-04
   18      2.8554665991E-04  -6.4859786427E-05  -4.5736897511E-06  -4.6015218393E-03  -2.8525786261E-03
   19      6.5474035977E-05  -2.0797587946E-03  -1.3063469525E-04   6.8412791214E-03  -3.2016009951E-03
   20      4.5821946797E-06  -1.3052435655E-04   2.1492554573E-04   3.8326344911E-04   7.7053991666E-06
   21     -3.5550778303E-04  -6.9664216660E-04  -3.5834199152E-05   1.7038552604E-03  -2.0935459798E-03
   22     -7.7215884586E-04  -1.1172979025E-03  -5.9315802523E-05   2.2172898388E-03  -1.0556674873E-03
   23     -4.0333633080E-05  -6.0961993639E-05   3.7008810108E-05   1.2671013125E-04  -8.6454863114E-05
   24     -1.6948278701E-03  -9.1778418261E-04  -5.0650455843E-05   2.6347885587E-03   3.7466917217E-07
   25     -1.4471698935E-03  -2.1895680880E-04  -1.6971275165E-05   2.7819541016E-07   6.8304356110E-06
   26     -8.2381099302E-05  -1.8853612470E-05   9.3491623199E-05  -1.7937906667E-07  -8.9125926733E-06
   27     -5.6627177135E-03   4.4984498282E-03   2.5302311261E-04   1.7037493441E-03   2.0941456966E-03
   28     -4.2194487571E-03   2.7249979903E-03   2.5002795081E-04  -2.2166969428E-03  -1.0556314756E-03
   29     -2.3297396738E-04   2.4818169467E-04  -1.5315838347E-03  -1.2671327896E-04  -8.6620367304E-05
   30      1.0248124778E-01   8.3916488742E-02   4.8079139132E-03  -4.6004687689E-03   2.8516505258E-03
   31      8.3916488742E-02   1.9368834683E-01   9.9449406266E-03  -6.8426735863E-03  -3.2024532071E-03
   32      4.8079139132E-03   9.9449406266E-03   1.3958692471E-02  -3.8284894429E-04   7.3179701494E-06
   33     -4.6004687689E-03  -6.8426735863E-03  -3.8284894429E-04   6.3142394425E-01   6.1852248058E-05
   34      2.8516505258E-03  -3.2024532071E-03   7.3179701494E-06   6.1852248058E-05   2.6103787225E-01
   35      1.4585946524E-04   2.0212513102E-07  -3.2145625275E-03  -9.5501362891E-06  -3.6776475226E-02
   36      1.4961328977E-03   2.3688918670E-03  -6.4263739034E-04  -2.3659729541E-01   1.1011262365E-02
   37      1.3490974526E-03  -5.6450408898E-04   6.2263594965E-04   9.7773293332E-03  -7.2436905020E-02
   38      1.2226180993E-03   1.0348421056E-03   7.8694565897E-05  -1.7275585913E-01   2.0414130287E-02
   39      1.4963038302E-03   2.2766430765E-03   9.0463212607E-04  -2.3655375948E-01  -1.1065992516E-02
   40      1.4573294820E-03  -3.6277751793E-04  -6.7565488795E-04  -9.8368480978E-03  -7.2449819179E-02
   41     -1.0634484840E-03  -1.0757880168E-03  -1.1311153114E-04   1.7274896905E-01   2.0484368143E-02
                   35                 36                 37                 38                 39        
    0      9.0523657664E-06  -3.3251120626E-02   1.6440492502E-03  -3.0326780695E-02  -3.3236972478E-02
    1     -3.8191861781E-03   2.3287225424E-03   2.4497515189E-02   2.1939597903E-03  -2.3488592976E-03
    2     -4.7022224659E-02  -4.2800716567E-02   2.1928394942E-03  -1.5150243384E-02   4.2800064931E-02
    3      2.0193076247E-03  -3.5291094690E-03  -3.3134645035E-03  -2.2662810666E-03  -3.5286315528E-03
    4      6.3050419894E-04  -7.1789271069E-03  -3.1915911800E-03  -3.9868997152E-03  -7.3295689695E-03
    5     -7.8957654762E-04  -1.6781763696E-03  -1.4524326540E-03   2.5419568786E-05   8.4869531382E-04
    6      6.4829939966E-05   3.9669051326E-04  -4.3972021293E-04   4.0197339031E-04   3.7889927150E-04
    7     -5.9578739918E-04  -4.7282415846E-04   6.8153232674E-04   5.1286907822E-04  -2.9634924269E-04
    8      5.3456551199E-03   1.5135226181E-03   3.5939094772E-04   4.7988495860E-04  -1.5592589661E-03
    9     -6.9713870750E-07   8.8980971739E-04  -7.8744670534E-06   1.6013924648E-04   8.9000655026E-04
   10     -4.1356169557E-06   1.7076870789E-05   4.9322359129E-04   5.0283497169E-05  -1.7039611981E-05
   11     -1.3819199718E-03  -4.0991911049E-04   4.4074327244E-05  -3.2472876746E-04   4.0958488475E-04
   12     -6.2320897303E-05   3.7906375042E-04   3.9370912570E-04   4.5612175290E-04   3.9598281167E-04
   13     -5.9564392538E-04   2.9611964806E-04   7.8045140934E-04  -4.9963975882E-04   4.7250750523E-04
   14      5.3461742406E-03   1.5598189964E-03  -3.1819460721E-04   3.8608406019E-04  -1.5135711838E-03
   15     -2.0177498850E-03  -3.5328982447E-03   3.5468794683E-03  -1.8805027829E-03  -3.5309095174E-03
   16      6.3501224286E-04   7.3299176318E-03  -3.7266996495E-03   3.5373285265E-03   7.1789853908E-03
   17     -7.8726771168E-04  -8.4865837569E-04   1.0221529123E-03   5.9407210293E-04   1.6791658275E-03
   18     -1.4554971152E-04   1.4972494384E-03  -1.4570790570E-03   1.0633892907E-03   1.4968196490E-03
   19     -1.1058527634E-06  -2.2764564509E-03  -3.6469918384E-04  -1.0750797533E-03  -2.3681118727E-03
   20     -3.2148086848E-03  -9.0490279072E-04  -6.7569835025E-04  -1.1321882850E-04   6.4224684075E-04
   21     -1.1861950068E-04  -8.0944421667E-04   3.2530362075E-04  -3.9352794262E-04  -8.0888792853E-04
   22     -9.1789901013E-05  -8.6912209788E-04   3.1988247613E-04  -3.5325674047E-04  -8.5639059104E-04
   23      4.5192222703E-04   7.1468664584E-05  -7.3111759029E-05   1.3414779604E-05  -1.6872110855E-04
   24     -6.3221763643E-07  -1.3817071897E-03   1.6784990957E-05  -3.4500898358E-04  -1.3815620736E-03
   25     -1.0880942301E-05  -2.8675071317E-06   2.6867070401E-05   2.2926735672E-06   2.5842870662E-06
   26      1.6619763225E-04   5.4094415305E-05   1.3291536236E-06  -2.3926795505E-06  -5.3879582221E-05
   27      1.1822214994E-04  -8.0895246572E-04  -2.7988453108E-04  -4.2641603487E-04  -8.0948777284E-04
   28     -9.1146032511E-05   8.5612343039E-04   2.7022490029E-04   3.8462444264E-04   8.6880926932E-04
   29      4.5207926045E-04   1.6876130653E-04   1.0460778551E-04   6.4909056715E-05  -7.1401476228E-05
   30      1.4585946524E-04   1.4961328977E-03   1.3490974526E-03   1.2226180993E-03   1.4963038302E-03
   31      2.0212513102E-07   2.3688918670E-03  -5.6450408898E-04   1.0348421056E-03   2.2766430765E-03
   32     -3.2145625275E-03  -6.4263739034E-04   6.2263594965E-04   7.8694565897E-05   9.0463212607E-04
   33     -9.5501362891E-06  -2.3659729541E-01   9.7773293332E-03  -1.7275585913E-01  -2.3655375948E-01
   34     -3.6776475226E-02   1.1011262365E-02  -7.2436905020E-02   2.0414130287E-02  -1.1065992516E-02
   35      9.1261386348E-01  -1.9362864338E-01   2.0264826241E-02  -4.3391270214E-01   1.9362962755E-01
   36     -1.9362864338E-01   2.2516729953E-01  -1.2485581842E-02   2.2133080243E-01   5.0084281769E-02
   37      2.0264826241E-02  -1.2485581842E-02   2.9518942039E-02  -2.9664961979E-02   8.9642931440E-04
   38     -4.3391270214E-01   2.2133080243E-01  -2.9664961979E-02   5.6069944262E-01  -1.6183021844E-02
   39      1.9362962755E-01   5.0084281769E-02   8.9642931440E-04  -1.6183021844E-02   2.2510791692E-01
   40      2.0354974172E-02  -8.8831313539E-04   2.3695760121E-02   7.5061050269E-03   1.2552072158E-02
   41     -4.3405282972E-01   1.6157539821E-02   7.5159450561E-03  -1.1283863591E-01  -2.2130443500E-01
                   40                 41        
     0     -1.6578472067E-03   3.0331413598E-02
     1      2.4494054761E-02   2.2071116358E-03
     2      2.2053898302E-03  -1.5158966014E-02
     3     -3.5469811491E-03   1.8787831949E-03
     4     -3.7302829039E-03   3.5381995213E-03
     5      1.0224018051E-03   5.9366206898E-04
     6     -3.9355166678E-04  -4.5657263608E-04
     7      7.8035247221E-04  -4.9924561970E-04
     8     -3.1836330323E-04   3.8627813936E-04
     9      8.0623835250E-06  -1.5995935486E-04
    10      4.9320462974E-04   5.0262835301E-05
    11      4.4207763330E-05  -3.2468943996E-04
    12      4.3956492233E-04  -4.0259416700E-04
    13      6.8158971910E-04   5.1268564052E-04
    14      3.5852975335E-04   4.7993539751E-04
    15      3.3124764473E-03   2.2679929548E-03
    16     -3.1881322871E-03  -3.9874089484E-03
    17     -1.4520460370E-03   2.4176290363E-05
    18     -1.3484154655E-03  -1.2230384336E-03
    19     -5.6594455799E-04   1.0349961515E-03
    20      6.2321373864E-04   7.9015837474E-05
    21      2.7959129577E-04   4.2657515667E-04
    22      2.7002142813E-04   3.8494555022E-04
    23      1.0453093613E-04   6.4919021676E-05
    24     -1.7237178495E-05   3.4541848561E-04
    25      2.6869058386E-05   2.3616624047E-06
    26      1.3343555859E-06  -2.4569786064E-06
    27     -3.2562168981E-04   3.9362749986E-04
    28      3.2006662099E-04  -3.5331377329E-04
    29     -7.3116787491E-05   1.3372891592E-05
    30      1.4573294820E-03  -1.0634484840E-03
    31     -3.6277751793E-04  -1.0757880168E-03
    32     -6.7565488795E-04  -1.1311153114E-04
    33     -9.8368480978E-03   1.7274896905E-01
    34     -7.2449819179E-02   2.0484368143E-02
    35      2.0354974172E-02  -4.3405282972E-01
    36     -8.8831313539E-04   1.6157539821E-02
    37      2.3695760121E-02   7.5159450561E-03
    38      7.5061050269E-03  -1.1283863591E-01
    39      1.2552072158E-02  -2.2130443500E-01
    40      2.9535037635E-02  -2.9758313102E-02
    41     -2.9758313102E-02   5.6084932994E-01

$vibrational_frequencies
42
    0        0.0000000000000000
    1        0.0000000000000000
    2        0.0000000000000000
    3        0.0000000000000000
    4        0.0000000000000000
    5        0.0000000000000000
    6       69.7352678691632093
    7       73.6998299349841233
    8       79.0516477228257628
    9       96.1714097404832700
   10      152.1402638732880632
   11      158.7487105664716296
   12      205.2836127984312213
   13      217.2379702054489599
   14      217.4233022357601328
   15      230.2995146399376551
   16      263.5348093610424485
   17      294.8679308535245696
   18      321.0610969839587483
   19      335.4099649986787313
   20      355.8348183798497644
   21      383.8977459800823340
   22      463.0452993836871087
   23      564.4558169563021011
   24      600.7306023700705282
   25      651.5903366114977189
   26      659.1879159887847663
   27      670.7469370293808879
   28      715.8137132131249700
   29      802.4858980523242735
   30      813.5283396432998870
   31      875.3431122223324792
   32      927.9926967838755445
   33     1111.3548790606973853
   34     1204.0625229038344060
   35     1296.0303585221063258
   36     1352.5974013067368560
   37     1359.4020695972283193
   38     1382.2596635165939460
   39     1542.7278919839236551
   40     1561.1442115337667929
   41     1610.3538066460212121

$normal_modes
42 42
                    0                  1                  2                  3                  4        
    0      0.0000000000E+00   0.0000000000E+00   0.0000000000E+00   0.0000000000E+00   0.0000000000E+00
    1      0.0000000000E+00   0.0000000000E+00   0.0000000000E+00   0.0000000000E+00   0.0000000000E+00
    2      0.0000000000E+00   0.0000000000E+00   0.0000000000E+00   0.0000000000E+00   0.0000000000E+00
    3      0.0000000000E+00   0.0000000000E+00   0.0000000000E+00   0.0000000000E+00   0.0000000000E+00
    4      0.0000000000E+00   0.0000000000E+00   0.0000000000E+00   0.0000000000E+00   0.0000000000E+00
