*************************************************
******************* ORCA 6.0.0 ******************
*************************************************
$Calculation_Status
   &GeometryIndex 1
   &ListStatus       OUT
   &VERSION [&Type "String"] "6.0.0"
   &PROGNAME [&Type "String"] "LeanSCF"
   &STATUS [&Type "String"] "NORMAL TERMINATION"
$End
$Geometry
   &GeometryIndex 1
   &ListStatus       OUT
   &NATOMS [&Type "Integer"] 14
   &NCORELESSECP [&Type "Integer"] 0
   &NGHOSTATOMS [&Type "Integer"] 0
   &CartesianCoordinates [&Type "Coordinates", &Dim(14,4), &Units "Bohr"] 
              C      3.823431522306    1.436995261272   -0.000793082343
              C      1.476490783324   -0.145650766305    0.000319378079
              O      1.565738212274   -2.473919545601    0.003947114062
              C     -0.946915156096    1.232711463322   -0.003694467126
              C     -3.162573405564    0.035689815063   -1.398862038065
              C     -3.161484968853    0.043695012819    1.400439695770
              H      3.816880831638    2.680517119505    1.656089522100
              H      5.515490207480    0.260308765078    0.002056487851
              H      3.819066995520    2.675697846188   -1.661280720922
              H     -0.830367940093    3.277794343925   -0.009222238077
              H     -4.402995681702    1.335437686877   -2.383324666517
              H     -2.758512946144   -1.734057598111   -2.352017205538
              H     -4.400879416711    1.349223040602    2.378534003843
              H     -2.756532883920   -1.720432351054    2.363588089929
$End
$SCF_Energy
   &GeometryIndex 1
   &ListStatus       OUT
   &SCF_ENERGY [&Type "Double"]      -2.7049635378270170e+02
$End
$DFT_Energy
   &GeometryIndex 1
   &ListStatus       OUT
   &NALPHAEL [&Type "Integer"] 23
   &NBETAEL [&Type "Integer"] 23
   &NTOTALEL [&Type "Integer"] 46
   &EEXCHANGE [&Type "Double"]      -3.7127479308447526e+01
   &ECORR [&Type "Double"]      -1.4632708366891187e+00
   &ECNL [&Type "Double"]       0.0000000000000000e+00
   &EXC [&Type "Double"]      -3.8590750145136646e+01
   &EEMBED [&Type "Double"]       0.0000000000000000e+00
   &FINALEN [&Type "Double"]      -2.7049635378270170e+02  "No Van der Waals correction"
$End
$Mulliken_Population_Analysis
   &GeometryIndex 1
   &ListStatus       OUT
   &NATOMS [&Type "Integer"] 14
   &ATNO [&Type "ArrayOfIntegers", &Dim (14,1)] 
                                                         0

0                                                        6
1                                                        6
2                                                        8
3                                                        6
4                                                        6
5                                                        6
6                                                        1
7                                                        1
8                                                        1
9                                                        1
10                                                       1
11                                                       1
12                                                       1
13                                                       1
   &ATOMICCHARGES [&Type "ArrayOfDoubles", &Dim (14,1)] 
                                                         0

0                                     -3.2024555714167136e-01
1                                      1.9412921601457089e-01
2                                     -3.7065786901162490e-01
3                                     -7.6871449423670413e-02
4                                     -1.9767128809157342e-01
5                                     -1.9777335921573957e-01
6                                      1.2180002811907198e-01
7                                      1.3031516892265937e-01
8                                      1.2182722995859430e-01
9                                      1.0261165061051014e-01
10                                     1.1203739184015771e-01
11                                     1.3425149328563835e-01
12                                     1.1203412820117109e-01
13                                     1.3421321593190494e-01
$End
$Loewdin_Population_Analysis
   &GeometryIndex 1
   &ListStatus       OUT
   &NATOMS [&Type "Integer"] 14
   &ATNO [&Type "ArrayOfIntegers", &Dim (14,1)] 
                                                         0

0                                                        6
1                                                        6
2                                                        8
3                                                        6
4                                                        6
5                                                        6
6                                                        1
7                                                        1
8                                                        1
9                                                        1
10                                                       1
11                                                       1
12                                                       1
13                                                       1
   &ATOMICCHARGES [&Type "ArrayOfDoubles", &Dim (14,1)] 
                                                         0

0                                     -2.5922374795289294e-01
1                                     -3.4616896283418264e-01
2                                      9.3945749407215118e-02
3                                     -1.9377684942491591e-01
4                                     -1.9561373742349986e-01
5                                     -1.9556672840966627e-01
6                                      1.3797239539601114e-01
7                                      1.3105870584869239e-01
8                                      1.3795875422161408e-01
9                                      1.4678902316334752e-01
10                                     1.3078480243764601e-01
11                                     1.4054411639829212e-01
12                                     1.3077149833351875e-01
13                                     1.4052498083881482e-01
$End
$Mayer_Population_Analysis
   &GeometryIndex 1
   &ListStatus       OUT
   &NATOMS [&Type "Integer"] 14 "Total number of atoms"
   &BONDTHRESH [&Type "Double"]       1.0000000000000001e-01  "The threshold for printing"
   &NBONDORDERSPRINT [&Type "Integer"] 14 "The number of bond orders larger than threshold"
   &BONDORDERS [&Type "ArrayOfDoubles", &Dim (14,1)] "The bond orders"
                                                         0

0                                      9.7519095162689695e-01
1                                      9.4707505735859954e-01
2                                      9.7478772068762098e-01
3                                      9.4712338714022004e-01
4                                      1.9956417999668927e+00
5                                      9.7617358358650763e-01
6                                      8.9135577864530235e-01
7                                      8.9120734783106237e-01
8                                      9.5334221070225622e-01
9                                      1.0030563649596802e+00
10                                     9.6355269166002644e-01
11                                     9.5719458777446087e-01
12                                     9.6354644840091752e-01
13                                     9.5725837682734016e-01
   &COMPONENTS [&Type "ArrayOfIntegers", &Dim (14,4)] "The indices and atomic numbers of the bonding atoms"
                                                         0                           1                           2                           3

0                                                        0                           6                           1                           6
1                                                        0                           6                           6                           1
2                                                        0                           6                           7                           1
3                                                        0                           6                           8                           1
4                                                        1                           6                           2                           8
5                                                        1                           6                           3                           6
6                                                        3                           6                           4                           6
7                                                        3                           6                           5                           6
8                                                        3                           6                           9                           1
9                                                        4                           6                           5                           6
10                                                       4                           6                          10                           1
11                                                       4                           6                          11                           1
12                                                       5                           6                          12                           1
13                                                       5                           6                          13                           1
   &ATNO [&Type "ArrayOfIntegers", &Dim (14,1)] "Atomic number of the elements"
                                                         0

0                                                        6
1                                                        6
2                                                        8
3                                                        6
4                                                        6
5                                                        6
6                                                        1
7                                                        1
8                                                        1
9                                                        1
10                                                       1
11                                                       1
12                                                       1
13                                                       1
   &NA [&Type "ArrayOfDoubles", &Dim (14,1)] "Mulliken gross atomic population"
                                                         0

0                                      6.3202455571416793e+00
1                                      5.8058707839854380e+00
2                                      8.3706578690116071e+00
3                                      6.0768714494236686e+00
4                                      6.1976712880915814e+00
5                                      6.1977733592157538e+00
6                                      8.7819997188092891e-01
7                                      8.6968483107733963e-01
8                                      8.7817277004140148e-01
9                                      8.9738834938949097e-01
10                                     8.8796260815984285e-01
11                                     8.6574850671436165e-01
12                                     8.8796587179882924e-01
13                                     8.6578678406809528e-01
   &ZA [&Type "ArrayOfDoubles", &Dim (14,1)] "Total nuclear charge"
                                                         0

0                                      6.0000000000000000e+00
1                                      6.0000000000000000e+00
2                                      8.0000000000000000e+00
3                                      6.0000000000000000e+00
4                                      6.0000000000000000e+00
5                                      6.0000000000000000e+00
6                                      1.0000000000000000e+00
7                                      1.0000000000000000e+00
8                                      1.0000000000000000e+00
9                                      1.0000000000000000e+00
10                                     1.0000000000000000e+00
11                                     1.0000000000000000e+00
12                                     1.0000000000000000e+00
13                                     1.0000000000000000e+00
   &QA [&Type "ArrayOfDoubles", &Dim (14,1)] "Mulliken gross atomic charge"
                                                         0

0                                     -3.2024555714167935e-01
1                                      1.9412921601456201e-01
2                                     -3.7065786901160713e-01
3                                     -7.6871449423668636e-02
4                                     -1.9767128809158141e-01
5                                     -1.9777335921575379e-01
6                                      1.2180002811907109e-01
7                                      1.3031516892266037e-01
8                                      1.2182722995859852e-01
9                                      1.0261165061050903e-01
10                                     1.1203739184015715e-01
11                                     1.3425149328563835e-01
12                                     1.1203412820117076e-01
13                                     1.3421321593190472e-01
   &VA [&Type "ArrayOfDoubles", &Dim (14,1)] "Mayer's total valence"
                                                         0

0                                      3.8049539526387939e+00
1                                      4.0504717535426966e+00
2                                      2.0974863780277775e+00
3                                      3.6251456583748043e+00
4                                      3.9120461416314862e+00
5                                      3.9120840972795050e+00
6                                      9.7959400301564870e-01
7                                      1.0015695935946878e+00
8                                      9.7959521134480576e-01
9                                      9.6312787644524001e-01
10                                     9.7875583910443842e-01
11                                     9.9272856554736666e-01
12                                     9.7874828064863117e-01
13                                     9.9268536000800667e-01
   &BVA [&Type "ArrayOfDoubles", &Dim (14,1)] "Mayer's bonded valence"
                                                         0

0                                      3.8049539526386962e+00
1                                      4.0504717535427606e+00
2                                      2.0974863780278379e+00
3                                      3.6251456583748167e+00
4                                      3.9120461416314707e+00
5                                      3.9120840972794846e+00
6                                      9.7959400301564281e-01
7                                      1.0015695935946458e+00
8                                      9.7959521134480820e-01
9                                      9.6312787644523778e-01
10                                     9.7875583910444497e-01
11                                     9.9272856554737854e-01
12                                     9.7874828064864206e-01
13                                     9.9268536000801377e-01
   &FA [&Type "ArrayOfDoubles", &Dim (14,1)] "Mayer's free valence"
                                                         0

0                                      0.0000000000000000e+00
1                                      0.0000000000000000e+00
2                                      0.0000000000000000e+00
3                                      0.0000000000000000e+00
4                                      0.0000000000000000e+00
5                                      0.0000000000000000e+00
6                                      0.0000000000000000e+00
7                                      0.0000000000000000e+00
8                                      0.0000000000000000e+00
9                                      0.0000000000000000e+00
10                                     0.0000000000000000e+00
11                                     0.0000000000000000e+00
12                                     0.0000000000000000e+00
13                                     0.0000000000000000e+00
$End
$VdW_Correction
   &GeometryIndex 1
   &ListStatus       OUT
   &VDW [&Type "Double"]      -3.2018203557158879e-03
$End
$Calculation_Info
   &GeometryIndex 1
   &ListStatus       OUT
   &MULT [&Type "Integer"] 1
   &CHARGE [&Type "Integer"] 0
   &NUMOFATOMS [&Type "Integer"] 14
   &NUMOFELECTRONS [&Type "Integer"] 46
   &NUMOFFCELECTRONS [&Type "Integer"] 1
   &NUMOFCORRELECTRONS [&Type "Integer"] 0
   &NUMOFBASISFUNCTS [&Type "Integer"] 234
   &NUMOFAUXCBASISFUNCTS [&Type "Integer"] 0
   &NUMOFAUXJBASISFUNCTS [&Type "Integer"] 268
   &NUMOFAUXJKBASISFUNCTS [&Type "Integer"] 0
   &NUMOFCABSBASISFUNCTS [&Type "Integer"] 0
   &TOTALENERGY [&Type "Double"]      -2.7049420775195745e+02  "Hartrees"
$End
$SCF_Dipole_Moment
   &GeometryIndex 1
   &ListStatus       OUT
   &METHOD [&Type "String"] "SCF"
   &LEVEL [&Type "String"] "Relaxed density"
   &MULT [&Type "Integer"] 1
   &STATE [&Type "Integer"] -1
   &IRREP [&Type "Integer"] 0
   &NATOMS [&Type "Integer"] 14
   &DODIPOLEATOM [&Type "Boolean"] false
   &DIPOLEELECCONTRIB [&Type "ArrayOfDoubles", &Dim (3,1)] "Electronic contribution"
                                                         0

0                                      6.7234126737445743e-01
1                                     -2.8559811711052432e+00
2                                      2.3816647965003933e-03
   &DIPOLENUCCONTRIB [&Type "ArrayOfDoubles", &Dim (3,1)] "Nuclear contribution"
                                                         0

0                                     -9.4942494221661233e-01
1                                      4.0198514238577161e+00
2                                     -3.9873480184096088e-03
   &DIPOLETOTAL [&Type "ArrayOfDoubles", &Dim (3,1)] "Total"
                                                         0

0                                     -2.7708367484215490e-01
1                                      1.1638702527524729e+00
2                                     -1.6056832219092155e-03
   &DIPOLEMAGNITUDE [&Type "Double", &Units "a.u."]       1.1963995596475063e+00
$End
$THERMOCHEMISTRY_Energies
   &GeometryIndex 1
   &ListStatus       OUT
   &TEMPERATURE [&Type "Double"]       2.9814999999999998e+02
   &PRESSURE [&Type "Double"]       1.0000000000000000e+00
   &TOTALMASS [&Type "Double"]       8.4117999999999995e+01
   &SPINDEGENERACY [&Type "Integer"] 1
   &ELENERGY [&Type "Double"]      -2.7049420775195745e+02
   &TRANSENERGY [&Type "Double"]       1.4162714244859817e-03
   &ROTENERGY [&Type "Double"]       1.4162714244859817e-03
   &VIBENERGY [&Type "Double"]       3.6091054753035643e-03
   &NUMOFFREQS [&Type "Integer"] 42
   &FREQSCALINGFACTOR [&Type "Double"]       1.0000000000000000e+00
   &FREQ [&Type "ArrayOfDoubles", &Dim (42,1)] "In cm^-1"
                                                         0

0                                      0.0000000000000000e+00
1                                      0.0000000000000000e+00
2                                      0.0000000000000000e+00
3                                      0.0000000000000000e+00
4                                      0.0000000000000000e+00
5                                      0.0000000000000000e+00
6                                      7.5969965573817376e+01
7                                      1.5814146655250488e+02
8                                      2.4970177209706767e+02
9                                      2.6608215000639007e+02
10                                     3.8283945067950566e+02
11                                     6.0043441080413868e+02
12                                     6.0706723607663230e+02
13                                     7.5930157425399648e+02
14                                     8.1810954962668745e+02
15                                     8.3507136018259826e+02
16                                     8.6930856502187874e+02
17                                     9.3703928080081198e+02
18                                     9.7403891108419793e+02
19                                     1.0435216101706831e+03
20                                     1.0527167946871832e+03
21                                     1.0866719917768016e+03
22                                     1.1125425695102238e+03
23                                     1.1173582484480462e+03
24                                     1.2014585950824880e+03
25                                     1.2140716074207307e+03
26                                     1.2186340812071264e+03
27                                     1.3687744294025267e+03
28                                     1.4195817077491204e+03
29                                     1.4520577466792463e+03
30                                     1.4549866616555598e+03
31                                     1.4671188927363646e+03
32                                     1.4803762022700462e+03
33                                     1.6749274604583757e+03
34                                     3.0070198503395109e+03
35                                     3.0729229756023133e+03
36                                     3.1193658364083244e+03
37                                     3.1196634907539919e+03
38                                     3.1340178416999788e+03
39                                     3.1643582436830047e+03
40                                     3.2087057416457519e+03
41                                     3.2238786363906688e+03
   &ZPE [&Type "Double"]       1.1834588046952313e-01
   &INNERENERGYU [&Type "Double"]      -2.7036942022316367e+02
   &ENTHALPYH [&Type "Double"]      -2.7036847601412143e+02
   &QEL [&Type "Double"]       0.0000000000000000e+00
   &QROT [&Type "Double"]       1.2543307334513682e-02
   &QVIB [&Type "Double"]       6.0469133087602605e-03
   &QTRANS [&Type "Double"]       1.8626298527631004e-02
   &ENTROPYS [&Type "Double"]       3.7216519170904946e-02
   &FREEENERGYG [&Type "Double"]      -2.7040569253329232e+02
   &ISLINEAR [&Type "Boolean"] false
$End
$Hessian
   &GeometryIndex 1
   &ListStatus       OUT
   &HESSIAN [&Type "ArrayOfDoubles", &Dim (42,42)] "The Hessian"
                                                         0                           1                           2                           3                           4                           5                           6                           7

0                                      5.2651782232900068e-01        -6.8772182819686584e-02         1.0754362424830825e-04        -1.8334220029167508e-01        -3.8596192453694778e-02        -4.5423479760861289e-06         1.0419003587920792e-02        -1.7118064611721120e-02
1                                     -6.8772182819686584e-02         5.3713453500418473e-01        -1.3412258081033432e-04        -3.6465252543269350e-02        -9.7196197900713543e-02         3.5350844557902338e-06        -3.7853827863340087e-02        -5.0328599618901647e-02
2                                      1.0754362424830825e-04        -1.3412258081033432e-04         5.0376341934387059e-01        -6.0711408165203197e-06         6.1015279028203576e-05        -8.4953786702629777e-02         5.4909350789146102e-05         8.1593245634384824e-05
3                                     -1.8334220029167508e-01        -3.6465252543269350e-02        -6.0711408165203197e-06         5.3538740578205357e-01        -7.8785419367169013e-03         2.0276569896812756e-04        -1.1420752567240507e-01         8.2400630957846551e-03
4                                     -3.8596192453694778e-02        -9.7196197900713543e-02         6.1015279028203576e-05        -7.8785419367169013e-03         8.4039177730768733e-01        -1.0004600773732288e-03         1.6147869983881416e-02        -6.0803901282763440e-01
5                                     -4.5423479760861289e-06         3.5350844557902338e-06        -8.4953786702629777e-02         2.0276569896812756e-04        -1.0004600773732288e-03         2.4296713535278006e-01        -5.4388845907709102e-05         8.3577282568900310e-04
6                                      1.0419003587920792e-02        -3.7853827863340087e-02         5.4909350789146102e-05        -1.1420752567240507e-01         1.6147869983881416e-02        -5.4388845907709102e-05         1.0713222911800661e-01        -2.3192346247109925e-02
7                                     -1.7118064611721120e-02        -5.0328599618901647e-02         8.1593245634384824e-05         8.2400630957846551e-03        -6.0803901282763440e-01         8.3577282568900310e-04        -2.3192346247109925e-02         7.1336718819101352e-01
8                                      1.5389868075693980e-05         8.7349612888082320e-05         2.5974908474939436e-02        -3.7586613162633015e-05         8.5071926797811767e-04        -7.7894615834008668e-02         9.3772670205273761e-05        -1.0654344593700291e-03
9                                     -2.7271028034545550e-02         5.2392320119374544e-03        -2.5410449127865302e-05        -1.7769604566219227e-01         2.5089296612131787e-02        -1.2706987218154118e-04         1.9994509547448663e-03         4.3721572319867071e-02
10                                    -1.4002759413645254e-02         1.1100019251002652e-02        -1.6056189371316856e-05         6.0336945724547966e-02        -1.1675020988546503e-01         1.6128284206034282e-04         3.9946663969405383e-02        -4.5441137269715604e-02
11                                    -9.5596127037007308e-06         3.6915318422861681e-05         1.7442372451538467e-02        -2.3819475127173569e-04         1.4730392356896810e-04        -6.6983510959400958e-02        -7.3014363761472471e-05         8.9079623560121471e-05
12                                    -1.5793291874196137e-03         4.2045893777676738e-03         1.6971101139386015e-03        -3.0699510693134216e-02         8.3066010606080130e-04        -2.4914114059150949e-02         1.3342379773096259e-03        -8.9337234337600845e-03
13                                     1.2142593374474043e-03         5.2334439533910674e-04        -3.2139022128885803e-03        -5.5265670152114784e-03         1.1788340372995232e-02         1.5678576897910773e-02         3.0633596641609076e-03        -7.1653412603605339e-03
14                                     6.1392034782753739e-04        -1.6151850998202444e-03         7.0578927330542664e-06         7.4722155240049618e-03        -1.1379280115358797e-03        -3.7336928619186847e-03        -1.8336741184062501e-03         2.4690902638403265e-03
15                                    -1.5712836144798851e-03         4.1918322657318848e-03        -1.7223103637819947e-03        -3.0714759431695878e-02         1.0065372990706806e-03         2.4921076802473255e-02         1.3352827538724698e-03        -8.9592005224754488e-03
16                                     1.1971675541791688e-03         5.5134280873441951e-04         3.2162633951558334e-03        -5.5932668895053179e-03         1.1700507154215114e-02        -1.5753926043091476e-02         3.0731348370176595e-03        -7.1962235985964379e-03
17                                    -6.1937949312040712e-04         1.6074749961434323e-03        -3.2729535671692907e-05        -7.4146249287662565e-03         1.0435710628469985e-03        -3.6849199062312329e-03         1.8110684657651800e-03        -2.4122554981172994e-03
18                                    -4.7680501939157141e-02         1.7871973964998802e-03        -2.1781030225963621e-03         4.3198865846400111e-03        -1.4576585964801381e-02        -2.5994144390297149e-02        -3.0847058081595801e-03        -3.0114325517911914e-03
19                                     3.5408682448453471e-03        -1.3188974297347919e-01        -1.2989003785908487e-01         1.7990899629823174e-03        -1.5652326869801766e-02        -1.6446679522684898e-02        -4.7067450665584177e-03        -1.4980398392409463e-03
20                                     4.6756989045106112e-04        -1.2646499688348922e-01        -2.0684128849934091e-01         1.1824272150401521e-03         6.6090153510114241e-04         2.4064885706214434e-04        -1.8905970319097799e-04         1.2747923458557957e-03
21                                    -2.2676372909362161e-01         1.2628334769346677e-01        -3.0321699473746967e-04        -2.5389013769798470e-02         2.1043636295781591e-02        -4.5917159808905009e-05         5.5298597960932658e-03         1.5193829114783231e-04
22                                     1.3064428977116968e-01        -1.3927487868508612e-01         2.2669909463206785e-04        -1.7476784093121596e-02         1.2504337460594900e-02        -3.3694892634698599e-05         1.5430228236797971e-03         1.5986643113387652e-03
23                                    -3.1143485482085101e-04         2.2146095789930210e-04        -4.7303978704260168e-02         1.0663722509923827e-05        -4.3619978439944995e-07        -2.0568437181298265e-03         3.1438433996987444e-06        -7.3903255731299811e-06
24                                    -4.7685151354271045e-02         1.6330821345997496e-03         2.3760599736709596e-03         4.2917059411148031e-03        -1.4493102643966940e-02         2.6038406491076461e-02        -3.0810724544013440e-03        -3.0209977914852906e-03
25                                     3.3709889176541203e-03        -1.3114866516796858e-01         1.2967731598101706e-01         1.7809084657177954e-03        -1.5602335525653550e-02         1.6492258997091898e-02        -4.7032399784971597e-03        -1.5098655152214254e-03
26                                    -2.6917754541900922e-04         1.2625643924422802e-01        -2.0759138841531269e-01        -1.1861605585085852e-03        -6.3817814875881634e-04         2.2474708335745459e-04         1.9979470514912582e-04        -1.2760347207562833e-03
27                                    -2.5358938000972055e-04        -3.6199217038785508e-04         3.7447791061484505e-06         9.5253415316359242e-03         2.6140507306657072e-02        -6.9775657304618817e-05        -6.9833957326957564e-03         5.6214211557957276e-03
28                                    -8.3263328717886895e-04         9.9174151876096905e-04        -3.7202758298353499e-06        -7.1318344052661714e-03        -1.2569383407024936e-02         1.9029138404186017e-05         4.5932746067090455e-03        -1.5598410724092003e-03
29                                     2.6768606863182113e-06        -1.8672086791512677e-06         3.3103606831609106e-04         2.9830969570973154e-05         8.6533645693412549e-06        -3.9915941627543128e-03        -1.0924751535279278e-05         1.5100993690672831e-05
30                                    -6.0203893295518365e-04         1.8434554029725554e-04         5.5361511381112516e-04         1.5172490372460819e-03        -2.8217082243909590e-03        -4.4366652696028706e-03        -7.2658721040180969e-04         1.1136645581122668e-03
31                                    -3.2864908214646073e-04         8.6569626234046272e-05         6.0995686313523954e-04         1.6679785003368877e-03        -4.0002089118020018e-03        -3.5596457666219753e-03         5.6209886544717706e-04         2.5309676208474918e-03
32                                     1.6602906753704848e-04        -7.6515494306976083e-05        -1.6171478066105205e-04         1.6925512655538415e-03        -7.2671688621854264e-04        -4.6521762782504892e-04         3.8419395645042527e-04         6.1220335814212660e-04
33                                     2.0707297919957655e-04        -1.1208652213269549e-04        -5.7531832198471006e-04         2.7433489029500815e-03        -4.5786917507366666e-03         1.5946075636450690e-03         5.3032907428102378e-04         2.1627914187321191e-03
34                                    -7.9473539108046443e-06        -3.1602455293944405e-04        -1.5061044054135743e-04         2.3275038831605090e-03        -1.3067950651092057e-03         1.3204350027160440e-03         4.7053724074087432e-04         1.3623110814273715e-03
35                                    -1.7123490277224989e-04         3.7375313410144967e-04        -2.3710835456636177e-04         1.3842888908817755e-04        -3.2355877779244851e-03         4.1328235173447868e-04         1.1315257024186723e-03         1.3749751981496925e-03
36                                    -5.9970283458075880e-04         1.7877700577285114e-04        -5.5566777090961049e-04         1.5251947469309478e-03        -2.7930440213502685e-03         4.4536214633461415e-03        -7.3092787857923197e-04         1.1166092784169754e-03
37                                    -3.2695262068005914e-04         8.3538479549619387e-05        -6.1220185267186664e-04         1.6624421587783896e-03        -3.9730391287744072e-03         3.5749599445573750e-03         5.5268155754029623e-04         2.5248417704245765e-03
38                                    -1.6300915773370087e-04         7.4341438395455692e-05        -1.6007579397866518e-04        -1.6960333230395684e-03         7.4553121476410387e-04        -4.8919253818190589e-04        -3.8374073894960575e-04        -6.1971601047169662e-04
39                                     2.0465576659469569e-04        -1.1149440786284404e-04         5.7628032741604456e-04         2.7389229943296533e-03        -4.5904930555488296e-03        -1.5631366587212038e-03         5.3382149441411086e-04         2.1522484146187454e-03
40                                    -7.7592820258952366e-06        -3.1698218471725662e-04         1.5255965763819480e-04         2.3271675394056709e-03        -1.2954527735135925e-03        -1.3170421597051213e-03         4.5897223279070358e-04         1.3540880270285563e-03
41                                     1.7204303669423639e-04        -3.7333462447129923e-04        -2.3672344497632021e-04        -1.5093572772888024e-04         3.2472091829644605e-03         4.0756066614634187e-04        -1.1315812971392039e-03        -1.3814226444821137e-03
                                                         8                           9                          10                          11                          12                          13                          14                          15

0                                      1.5389868075693980e-05        -2.7271028034545550e-02        -1.4002759413645254e-02        -9.5596127037007308e-06        -1.5793291874196137e-03         1.2142593374474043e-03         6.1392034782753739e-04        -1.5712836144798851e-03
1                                      8.7349612888082320e-05         5.2392320119374544e-03         1.1100019251002652e-02         3.6915318422861681e-05         4.2045893777676738e-03         5.2334439533910674e-04        -1.6151850998202444e-03         4.1918322657318848e-03
2                                      2.5974908474939436e-02        -2.5410449127865302e-05        -1.6056189371316856e-05         1.7442372451538467e-02         1.6971101139386015e-03        -3.2139022128885803e-03         7.0578927330542664e-06        -1.7223103637819947e-03
3                                     -3.7586613162633015e-05        -1.7769604566219227e-01         6.0336945724547966e-02        -2.3819475127173569e-04        -3.0699510693134216e-02        -5.5265670152114784e-03         7.4722155240049618e-03        -3.0714759431695878e-02
4                                      8.5071926797811767e-04         2.5089296612131787e-02        -1.1675020988546503e-01         1.4730392356896810e-04         8.3066010606080130e-04         1.1788340372995232e-02        -1.1379280115358797e-03         1.0065372990706806e-03
5                                     -7.7894615834008668e-02        -1.2706987218154118e-04         1.6128284206034282e-04        -6.6983510959400958e-02        -2.4914114059150949e-02         1.5678576897910773e-02        -3.7336928619186847e-03         2.4921076802473255e-02
6                                      9.3772670205273761e-05         1.9994509547448663e-03         3.9946663969405383e-02        -7.3014363761472471e-05         1.3342379773096259e-03         3.0633596641609076e-03        -1.8336741184062501e-03         1.3352827538724698e-03
7                                     -1.0654344593700291e-03         4.3721572319867071e-02        -4.5441137269715604e-02         8.9079623560121471e-05        -8.9337234337600845e-03        -7.1653412603605339e-03         2.4690902638403265e-03        -8.9592005224754488e-03
8                                      3.5052639137359849e-02        -1.0148361922138135e-04         9.0955942308011418e-05         1.1515921730505516e-02         3.7182661654242910e-03        -8.6266247830425031e-04         7.9748604456513026e-04        -3.6698036062052272e-03
9                                     -1.0148361922138135e-04         5.1671637825910210e-01         9.2710047639371976e-03         1.9637392684901823e-05        -1.1237790310990542e-01        -2.2430970713802064e-02        -9.2084052165096436e-02        -1.1219038892299223e-01
10                                     9.0955942308011418e-05         9.2710047639371976e-03         6.6746366716022942e-01        -1.2495511043959242e-03        -3.3409558313925516e-02        -8.9106621572704409e-02        -4.5817181265501689e-02        -3.3121301911538496e-02
11                                     1.1515921730505516e-02         1.9637392684901823e-05        -1.2495511043959242e-03         1.9064500621108507e-01        -4.3388405130264013e-02        -1.9781397554961510e-02        -5.4300725337532982e-02         4.3618933997164759e-02
12                                     3.7182661654242910e-03        -1.1237790310990542e-01        -3.3409558313925516e-02        -4.3388405130264013e-02         3.6876859607879542e-01        -1.6237841129683711e-01         1.3449019743453955e-01        -3.0974624322838630e-02
13                                    -8.6266247830425031e-04        -2.2430970713802064e-02        -8.9106621572704409e-02        -1.9781397554961510e-02        -1.6237841129683711e-01         5.7978926252341823e-01         6.8746104070856906e-02         2.5487830427311758e-02
14                                     7.9748604456513026e-04        -9.2084052165096436e-02        -4.5817181265501689e-02        -5.4300725337532982e-02         1.3449019743453955e-01         6.8746104070856906e-02         5.4168198155391067e-01         2.0812658055833856e-02
15                                    -3.6698036062052272e-03        -1.1219038892299223e-01        -3.3121301911538496e-02         4.3618933997164759e-02        -3.0974624322838630e-02         2.5487830427311758e-02         2.0812658055833856e-02         3.6844598183647270e-01
16                                     9.0684972622133756e-04        -2.1833325686616018e-02        -8.8640211639672256e-02         1.9972916030620503e-02         2.5376689358084074e-02        -6.4283824181748855e-02         1.0375511572869622e-02        -1.6324022434063540e-01
