
$orca_hessian_file

$act_atom
  0

$act_coord
  0

$act_energy
        0.000000

$multiplicity
  1

$hessian
42
                    0                  1                  2                  3                  4        
    0      5.2651782233E-01  -6.8772182820E-02   1.0754362425E-04  -1.8334220029E-01  -3.8596192454E-02
    1     -6.8772182820E-02   5.3713453500E-01  -1.3412258081E-04  -3.6465252543E-02  -9.7196197901E-02
    2      1.0754362425E-04  -1.3412258081E-04   5.0376341934E-01  -6.0711408165E-06   6.1015279028E-05
    3     -1.8334220029E-01  -3.6465252543E-02  -6.0711408165E-06   5.3538740578E-01  -7.8785419367E-03
    4     -3.8596192454E-02  -9.7196197901E-02   6.1015279028E-05  -7.8785419367E-03   8.4039177731E-01
    5     -4.5423479761E-06   3.5350844558E-06  -8.4953786703E-02   2.0276569897E-04  -1.0004600774E-03
    6      1.0419003588E-02  -3.7853827863E-02   5.4909350789E-05  -1.1420752567E-01   1.6147869984E-02
    7     -1.7118064612E-02  -5.0328599619E-02   8.1593245634E-05   8.2400630958E-03  -6.0803901283E-01
    8      1.5389868076E-05   8.7349612888E-05   2.5974908475E-02  -3.7586613163E-05   8.5071926798E-04
    9     -2.7271028035E-02   5.2392320119E-03  -2.5410449128E-05  -1.7769604566E-01   2.5089296612E-02
   10     -1.4002759414E-02   1.1100019251E-02  -1.6056189371E-05   6.0336945725E-02  -1.1675020989E-01
   11     -9.5596127037E-06   3.6915318423E-05   1.7442372452E-02  -2.3819475127E-04   1.4730392357E-04
   12     -1.5793291874E-03   4.2045893778E-03   1.6971101139E-03  -3.0699510693E-02   8.3066010606E-04
   13      1.2142593374E-03   5.2334439534E-04  -3.2139022129E-03  -5.5265670152E-03   1.1788340373E-02
   14      6.1392034783E-04  -1.6151850998E-03   7.0578927331E-06   7.4722155240E-03  -1.1379280115E-03
   15     -1.5712836145E-03   4.1918322657E-03  -1.7223103638E-03  -3.0714759432E-02   1.0065372991E-03
   16      1.1971675542E-03   5.5134280873E-04   3.2162633952E-03  -5.5932668895E-03   1.1700507154E-02
   17     -6.1937949312E-04   1.6074749961E-03  -3.2729535672E-05  -7.4146249288E-03   1.0435710628E-03
   18     -4.7680501939E-02   1.7871973965E-03  -2.1781030226E-03   4.3198865846E-03  -1.4576585965E-02
   19      3.5408682448E-03  -1.3188974297E-01  -1.2989003786E-01   1.7990899630E-03  -1.5652326870E-02
   20      4.6756989045E-04  -1.2646499688E-01  -2.0684128850E-01   1.1824272150E-03   6.6090153510E-04
   21     -2.2676372909E-01   1.2628334769E-01  -3.0321699474E-04  -2.5389013770E-02   2.1043636296E-02
   22      1.3064428977E-01  -1.3927487869E-01   2.2669909463E-04  -1.7476784093E-02   1.2504337461E-02
   23     -3.1143485482E-04   2.2146095790E-04  -4.7303978704E-02   1.0663722510E-05  -4.3619978440E-07
   24     -4.7685151354E-02   1.6330821346E-03   2.3760599737E-03   4.2917059411E-03  -1.4493102644E-02
   25      3.3709889177E-03  -1.3114866517E-01   1.2967731598E-01   1.7809084657E-03  -1.5602335526E-02
   26     -2.6917754542E-04   1.2625643924E-01  -2.0759138842E-01  -1.1861605585E-03  -6.3817814876E-04
   27     -2.5358938001E-04  -3.6199217039E-04   3.7447791061E-06   9.5253415316E-03   2.6140507307E-02
   28     -8.3263328718E-04   9.9174151876E-04  -3.7202758298E-06  -7.1318344053E-03  -1.2569383407E-02
   29      2.6768606863E-06  -1.8672086792E-06   3.3103606832E-04   2.9830969571E-05   8.6533645693E-06
   30     -6.0203893296E-04   1.8434554030E-04   5.5361511381E-04   1.5172490372E-03  -2.8217082244E-03
   31     -3.2864908215E-04   8.6569626234E-05   6.0995686314E-04   1.6679785003E-03  -4.0002089118E-03
   32      1.6602906754E-04  -7.6515494307E-05  -1.6171478066E-04   1.6925512656E-03  -7.2671688622E-04
   33      2.0707297920E-04  -1.1208652213E-04  -5.7531832198E-04   2.7433489030E-03  -4.5786917507E-03
   34     -7.9473539108E-06  -3.1602455294E-04  -1.5061044054E-04   2.3275038832E-03  -1.3067950651E-03
   35     -1.7123490277E-04   3.7375313410E-04  -2.3710835457E-04   1.3842888909E-04  -3.2355877779E-03
   36     -5.9970283458E-04   1.7877700577E-04  -5.5566777091E-04   1.5251947469E-03  -2.7930440214E-03
   37     -3.2695262068E-04   8.3538479550E-05  -6.1220185267E-04   1.6624421588E-03  -3.9730391288E-03
   38     -1.6300915773E-04   7.4341438395E-05  -1.6007579398E-04  -1.6960333230E-03   7.4553121476E-04
   39      2.0465576659E-04  -1.1149440786E-04   5.7628032742E-04   2.7389229943E-03  -4.5904930555E-03
   40     -7.7592820259E-06  -3.1698218472E-04   1.5255965764E-04   2.3271675394E-03  -1.2954527735E-03
   41      1.7204303669E-04  -3.7333462447E-04  -2.3672344498E-04  -1.5093572773E-04   3.2472091830E-03
                    5                  6                  7                  8                  9        
    0     -4.5423479761E-06   1.0419003588E-02  -1.7118064612E-02   1.5389868076E-05  -2.7271028035E-02
    1      3.5350844558E-06  -3.7853827863E-02  -5.0328599619E-02   8.7349612888E-05   5.2392320119E-03
    2     -8.4953786703E-02   5.4909350789E-05   8.1593245634E-05   2.5974908475E-02  -2.5410449128E-05
    3      2.0276569897E-04  -1.1420752567E-01   8.2400630958E-03  -3.7586613163E-05  -1.7769604566E-01
    4     -1.0004600774E-03   1.6147869984E-02  -6.0803901283E-01   8.5071926798E-04   2.5089296612E-02
    5      2.4296713535E-01  -5.4388845908E-05   8.3577282569E-04  -7.7894615834E-02  -1.2706987218E-04
    6     -5.4388845908E-05   1.0713222912E-01  -2.3192346247E-02   9.3772670205E-05   1.9994509547E-03
    7      8.3577282569E-04  -2.3192346247E-02   7.1336718819E-01  -1.0654344594E-03   4.3721572320E-02
    8     -7.7894615834E-02   9.3772670205E-05  -1.0654344594E-03   3.5052639137E-02  -1.0148361922E-04
    9     -1.2706987218E-04   1.9994509547E-03   4.3721572320E-02  -1.0148361922E-04   5.1671637826E-01
   10      1.6128284206E-04   3.9946663969E-02  -4.5441137270E-02   9.0955942308E-05   9.2710047639E-03
   11     -6.6983510959E-02  -7.3014363761E-05   8.9079623560E-05   1.1515921731E-02   1.9637392685E-05
   12     -2.4914114059E-02   1.3342379773E-03  -8.9337234338E-03   3.7182661654E-03  -1.1237790311E-01
   13      1.5678576898E-02   3.0633596642E-03  -7.1653412604E-03  -8.6266247830E-04  -2.2430970714E-02
   14     -3.7336928619E-03  -1.8336741184E-03   2.4690902638E-03   7.9748604457E-04  -9.2084052165E-02
   15      2.4921076802E-02   1.3352827539E-03  -8.9592005225E-03  -3.6698036062E-03  -1.1219038892E-01
   16     -1.5753926043E-02   3.0731348370E-03  -7.1962235986E-03   9.0684972622E-04  -2.1833325687E-02
   17     -3.6849199062E-03   1.8110684658E-03  -2.4122554981E-03   8.2186347143E-04   9.2240114108E-02
   18     -2.5994144390E-02  -3.0847058082E-03  -3.0114325518E-03   3.6360197890E-03  -1.4265874829E-03
   19     -1.6446679523E-02  -4.7067450666E-03  -1.4980398392E-03   2.8635726185E-03   8.4683105484E-04
   20      2.4064885706E-04  -1.8905970319E-04   1.2747923459E-03  -6.5483263841E-04  -8.1901735189E-05
   21     -4.5917159809E-05   5.5298597961E-03   1.5193829115E-04   3.2577720789E-06  -2.4050522576E-03
   22     -3.3694892635E-05   1.5430228237E-03   1.5986643113E-03  -1.8145285689E-06  -1.7295294927E-03
   23     -2.0568437181E-03   3.1438433997E-06  -7.3903255731E-06  -1.1450536342E-03   3.3031514441E-06
   24      2.6038406491E-02  -3.0810724544E-03  -3.0209977915E-03  -3.6295417541E-03  -1.4259983269E-03
   25      1.6492258997E-02  -4.7032399785E-03  -1.5098655152E-03  -2.8687053761E-03   8.4661910548E-04
   26      2.2474708336E-04   1.9979470515E-04  -1.2760347208E-03  -6.4321586387E-04   7.8445770231E-05
   27     -6.9775657305E-05  -6.9833957327E-03   5.6214211558E-03  -9.2243941652E-06  -4.9938161311E-02
   28      1.9029138404E-05   4.5932746067E-03  -1.5598410724E-03   1.2495058441E-05  -1.0735447001E-02
   29     -3.9915941628E-03  -1.0924751535E-05   1.5100993691E-05   3.5595870691E-03  -1.6319934038E-06
   30     -4.4366652696E-03  -7.2658721040E-04   1.1136645581E-03   4.0589863267E-04  -1.7812385941E-02
   31     -3.5596457666E-03   5.6209886545E-04   2.5309676208E-03   1.2273408601E-03  -1.4037475446E-02
   32     -4.6521762783E-04   3.8419395645E-04   6.1220335814E-04   9.8940067857E-04  -1.2875634258E-03
   33      1.5946075636E-03   5.3032907428E-04   2.1627914187E-03   6.8261453415E-04   8.1801912734E-04
   34      1.3204350027E-03   4.7053724074E-04   1.3623110814E-03   3.4708465009E-04  -1.2090166851E-04
   35      4.1328235173E-04   1.1315257024E-03   1.3749751981E-03   3.0655922091E-04  -9.7405148136E-04
   36      4.4536214633E-03  -7.3092787858E-04   1.1166092784E-03  -4.1155134371E-04  -1.7806367601E-02
   37      3.5749599446E-03   5.5268155754E-04   2.5248417704E-03  -1.2341109240E-03  -1.4021856676E-02
   38     -4.8919253818E-04  -3.8374073895E-04  -6.1971601047E-04   9.9966338946E-04   1.3753264387E-03
   39     -1.5631366587E-03   5.3382149441E-04   2.1522484146E-03  -6.9805297634E-04   8.1607030908E-04
   40     -1.3170421597E-03   4.5897223279E-04   1.3540880270E-03  -3.4399416609E-04  -1.0806957509E-04
   41      4.0756066615E-04  -1.1315812971E-03  -1.3814226445E-03   3.1968875365E-04   9.6703851807E-04
                   10                 11                 12                 13                 14        
    0     -1.4002759414E-02  -9.5596127037E-06  -1.5793291874E-03   1.2142593374E-03   6.1392034783E-04
    1      1.1100019251E-02   3.6915318423E-05   4.2045893778E-03   5.2334439534E-04  -1.6151850998E-03
    2     -1.6056189371E-05   1.7442372452E-02   1.6971101139E-03  -3.2139022129E-03   7.0578927331E-06
    3      6.0336945725E-02  -2.3819475127E-04  -3.0699510693E-02  -5.5265670152E-03   7.4722155240E-03
    4     -1.1675020989E-01   1.4730392357E-04   8.3066010606E-04   1.1788340373E-02  -1.1379280115E-03
    5      1.6128284206E-04  -6.6983510959E-02  -2.4914114059E-02   1.5678576898E-02  -3.7336928619E-03
    6      3.9946663969E-02  -7.3014363761E-05   1.3342379773E-03   3.0633596642E-03  -1.8336741184E-03
    7     -4.5441137270E-02   8.9079623560E-05  -8.9337234338E-03  -7.1653412604E-03   2.4690902638E-03
    8      9.0955942308E-05   1.1515921731E-02   3.7182661654E-03  -8.6266247830E-04   7.9748604457E-04
    9      9.2710047639E-03   1.9637392685E-05  -1.1237790311E-01  -2.2430970714E-02  -9.2084052165E-02
   10      6.6746366716E-01  -1.2495511044E-03  -3.3409558314E-02  -8.9106621573E-02  -4.5817181266E-02
   11     -1.2495511044E-03   1.9064500621E-01  -4.3388405130E-02  -1.9781397555E-02  -5.4300725338E-02
   12     -3.3409558314E-02  -4.3388405130E-02   3.6876859608E-01  -1.6237841130E-01   1.3449019743E-01
   13     -8.9106621573E-02  -1.9781397555E-02  -1.6237841130E-01   5.7978926252E-01   6.8746104071E-02
   14     -4.5817181266E-02  -5.4300725338E-02   1.3449019743E-01   6.8746104071E-02   5.4168198155E-01
   15     -3.3121301912E-02   4.3618933997E-02  -3.0974624323E-02   2.5487830427E-02   2.0812658056E-02
   16     -8.8640211640E-02   1.9972916031E-02   2.5376689358E-02  -6.4283824182E-02   1.0375511573E-02
   17      4.6033558792E-02  -5.4724185596E-02  -2.1147611595E-02  -1.1450217420E-02  -2.4414544528E-01
   18      8.1847062645E-05   2.6079508485E-03   1.4822563436E-03  -7.4387373523E-05  -9.4101054640E-05
   19      7.9712905775E-04   2.1673022264E-03  -2.7967163365E-05  -1.9521852203E-04   1.8555860528E-04
   20     -5.9865755780E-04   5.2894376696E-04  -1.8528073717E-04   3.3640352739E-04   1.1176246226E-04
   21     -4.5569547789E-03   1.2493434591E-07  -7.9314800851E-04   2.3972843854E-04   4.4969211122E-04
   22     -2.4756290561E-03   6.4694125737E-06  -6.2123146542E-04   2.2729187765E-04   1.1617278017E-04
   23      7.4704854055E-06   3.0339292626E-03   3.2556200749E-04  -2.8637709602E-04   5.1384466387E-05
   24      7.1992090521E-05  -2.5994323851E-03  -1.4335153220E-04   9.4605728004E-04  -5.5139485782E-04
   25      7.8753508889E-04  -2.1704740356E-03  -4.0693501155E-04   9.1966940544E-05   6.2572097246E-05
   26      6.0188715280E-04   5.2703239217E-04   8.9942435149E-05   2.7498776117E-05  -2.2209453014E-05
   27     -1.0969854767E-02   1.1539618019E-05  -4.1410966143E-03  -1.6704336892E-02   1.3871563797E-03
   28     -3.3321245815E-01   8.1718698217E-04  -1.3606219869E-05  -4.5288871798E-03   1.2452477423E-03
   29      8.0672129431E-04  -3.2453492286E-02   1.3474765937E-03  -2.3579074433E-02  -1.6743166846E-03
   30      1.7077744245E-02  -1.1995629647E-02  -1.4272131348E-01   1.1796263108E-01  -8.4725399318E-02
   31      9.4324036811E-03  -9.5638958105E-03   1.2064819673E-01  -1.6905749168E-01   8.4851263218E-02
   32     -6.8813632687E-04  -3.8480665084E-03  -8.3984940203E-02   8.0494779981E-02  -1.0724844483E-01
   33     -2.3970449544E-02  -1.2287717781E-02  -5.0977564272E-02   5.9897048423E-02   2.3323997330E-02
   34     -1.1737855738E-02  -5.7814991266E-03   5.6816873033E-02  -2.6271730697E-01  -1.1559130932E-01
   35      1.5708696584E-04  -3.7093846687E-03   1.9871511774E-02  -1.1212084093E-01  -1.0393253518E-01
   36      1.7135167973E-02   1.1911348200E-02   7.2916352542E-03  -1.1661201629E-02  -5.2885191388E-03
   37      9.4815377939E-03   9.4985343446E-03   1.2500293048E-03  -4.1165444430E-03   9.1968370908E-05
   38      5.9384789326E-04  -3.9188185839E-03   1.7413871597E-02  -1.8361730206E-02  -1.3668552553E-02
   39     -2.3887466709E-02   1.2421718043E-02  -4.4688844330E-03   9.9178166956E-03  -4.0497568896E-03
   40     -1.1698168724E-02   5.8196812355E-03  -3.2884614345E-03   8.7510296978E-03  -3.9739011562E-03
   41     -9.1800389530E-05  -3.7550218753E-03  -5.2565260380E-03   2.4364855204E-02  -1.3923750243E-02
                   15                 16                 17                 18                 19        
    0     -1.5712836145E-03   1.1971675542E-03  -6.1937949312E-04  -4.7680501939E-02   3.5408682448E-03
    1      4.1918322657E-03   5.5134280873E-04   1.6074749961E-03   1.7871973965E-03  -1.3188974297E-01
    2     -1.7223103638E-03   3.2162633952E-03  -3.2729535672E-05  -2.1781030226E-03  -1.2989003786E-01
    3     -3.0714759432E-02  -5.5932668895E-03  -7.4146249288E-03   4.3198865846E-03   1.7990899630E-03
    4      1.0065372991E-03   1.1700507154E-02   1.0435710628E-03  -1.4576585965E-02  -1.5652326870E-02
    5      2.4921076802E-02  -1.5753926043E-02  -3.6849199062E-03  -2.5994144390E-02  -1.6446679523E-02
    6      1.3352827539E-03   3.0731348370E-03   1.8110684658E-03  -3.0847058082E-03  -4.7067450666E-03
    7     -8.9592005225E-03  -7.1962235986E-03  -2.4122554981E-03  -3.0114325518E-03  -1.4980398392E-03
    8     -3.6698036062E-03   9.0684972622E-04   8.2186347143E-04   3.6360197890E-03   2.8635726185E-03
    9     -1.1219038892E-01  -2.1833325687E-02   9.2240114108E-02  -1.4265874829E-03   8.4683105484E-04
   10     -3.3121301912E-02  -8.8640211640E-02   4.6033558792E-02   8.1847062645E-05   7.9712905775E-04
   11      4.3618933997E-02   1.9972916031E-02  -5.4724185596E-02   2.6079508485E-03   2.1673022264E-03
   12     -3.0974624323E-02   2.5376689358E-02  -2.1147611595E-02   1.4822563436E-03  -2.7967163365E-05
   13      2.5487830427E-02  -6.4283824182E-02  -1.1450217420E-02  -7.4387373523E-05  -1.9521852203E-04
   14      2.0812658056E-02   1.0375511573E-02  -2.4414544528E-01  -9.4101054640E-05   1.8555860528E-04
   15      3.6844598184E-01  -1.6324022434E-01  -1.3335026822E-01  -1.4422318722E-04  -4.1117038129E-04
   16     -1.6324022434E-01   5.7894401482E-01  -6.8794549375E-02   9.4940167621E-04   9.1134089636E-05
   17     -1.3335026822E-01  -6.8794549375E-02   5.4269626740E-01   5.4406211316E-04  -6.4646481758E-05
   18     -1.4422318722E-04   9.4940167621E-04   5.4406211316E-04   4.6246418087E-02   3.8295967533E-04
   19     -4.1117038129E-04   9.1134089636E-05  -6.4646481758E-05   3.8295967533E-04   1.4591264582E-01
   20     -8.9847635695E-05  -2.8862352161E-05  -2.1557178663E-05  -4.2652619457E-04   1.3835639050E-01
   21     -7.9109331534E-04   2.3256460975E-04  -4.5004733066E-04   1.8231473184E-03  -2.4067822915E-03
   22     -6.1863673297E-04   2.2518863568E-04  -1.1771077371E-04   1.3496238625E-02  -9.3980826153E-03
   23     -3.3006884217E-04   2.8336917041E-04   4.6561528925E-05   2.1644559866E-02  -1.3404694729E-02
   24      1.4852899042E-03  -7.2477143087E-05   9.3950951833E-05  -7.1541288235E-04   7.7767124550E-04
   25     -2.5094546816E-05  -1.9505675959E-04  -1.8057368965E-04   7.9912535717E-04   1.1616518863E-02
   26      1.8568239960E-04  -3.3558308132E-04   1.1346305737E-04   5.3172884371E-04   1.6424945642E-02
   27     -4.1464906699E-03  -1.6699090838E-02  -1.2923478435E-03  -6.2922526169E-04  -3.3750524704E-05
   28     -2.6415695185E-05  -4.4091164389E-03  -1.2296484241E-03   3.8200033624E-04   1.9894019597E-04
   29     -1.3269496003E-03   2.3615420294E-02  -1.7929853006E-03  -1.9126558389E-04  -6.7075216391E-05
   30      7.2821650657E-03  -1.1615779644E-02   5.3418625254E-03   5.7072677442E-05   7.9225128348E-05
   31      1.1514498408E-03  -4.0129426712E-03  -1.4628143891E-04   1.0157450126E-04   7.8404823781E-05
   32     -1.7441884651E-02   1.8316895496E-02  -1.3768352506E-02  -1.6710621948E-05   1.9773467810E-05
   33     -4.4576888422E-03   9.9235877366E-03   3.9893729000E-03  -1.1208422942E-04   1.3714156510E-04
   34     -3.2555825650E-03   8.6328071825E-03   3.8457379869E-03  -9.0519849478E-05  -1.9464553453E-05
   35      5.2654152512E-03  -2.4505047049E-02  -1.3820251878E-02   1.1007163301E-05   3.8999719584E-05
   36     -1.4253914676E-01   1.1837707890E-01   8.4060124463E-02  -2.4500599649E-04  -6.3050758232E-05
   37      1.2105355515E-01  -1.7003082114E-01  -8.4604692752E-02  -1.9794577934E-04   8.7046122404E-06
   38      8.3307603902E-02  -8.0243831805E-02  -1.0645223420E-01  -3.4465845195E-06  -5.7704299439E-05
   39     -5.1019020495E-02   5.9874264723E-02  -2.3729861092E-02   1.0896577600E-04   8.1537932582E-05
   40      5.6816696866E-02  -2.6137679826E-01   1.1645691613E-01  -2.5331735225E-05  -5.0602091540E-05
   41     -2.0256652521E-02   1.1298789091E-01  -1.0523549408E-01  -6.5839333983E-05  -1.1476099755E-04
                   20                 21                 22                 23                 24        
    0      4.6756989045E-04  -2.2676372909E-01   1.3064428977E-01  -3.1143485482E-04  -4.7685151354E-02
    1     -1.2646499688E-01   1.2628334769E-01  -1.3927487869E-01   2.2146095790E-04   1.6330821346E-03
    2     -2.0684128850E-01  -3.0321699474E-04   2.2669909463E-04  -4.7303978704E-02   2.3760599737E-03
    3      1.1824272150E-03  -2.5389013770E-02  -1.7476784093E-02   1.0663722510E-05   4.2917059411E-03
    4      6.6090153510E-04   2.1043636296E-02   1.2504337461E-02  -4.3619978440E-07  -1.4493102644E-02
    5      2.4064885706E-04  -4.5917159809E-05  -3.3694892635E-05  -2.0568437181E-03   2.6038406491E-02
    6     -1.8905970319E-04   5.5298597961E-03   1.5430228237E-03   3.1438433997E-06  -3.0810724544E-03
    7      1.2747923459E-03   1.5193829115E-04   1.5986643113E-03  -7.3903255731E-06  -3.0209977915E-03
    8     -6.5483263841E-04   3.2577720789E-06  -1.8145285689E-06  -1.1450536342E-03  -3.6295417541E-03
    9     -8.1901735189E-05  -2.4050522576E-03  -1.7295294927E-03   3.3031514441E-06  -1.4259983269E-03
   10     -5.9865755780E-04  -4.5569547789E-03  -2.4756290561E-03   7.4704854055E-06   7.1992090521E-05
   11      5.2894376696E-04   1.2493434591E-07   6.4694125737E-06   3.0339292626E-03  -2.5994323851E-03
   12     -1.8528073717E-04  -7.9314800851E-04  -6.2123146542E-04   3.2556200749E-04  -1.4335153220E-04
   13      3.3640352739E-04   2.3972843854E-04   2.2729187765E-04  -2.8637709602E-04   9.4605728004E-04
   14      1.1176246226E-04   4.4969211122E-04   1.1617278017E-04   5.1384466387E-05  -5.5139485782E-04
   15     -8.9847635695E-05  -7.9109331534E-04  -6.1863673297E-04  -3.3006884217E-04   1.4852899042E-03
   16     -2.8862352161E-05   2.3256460975E-04   2.2518863568E-04   2.8336917041E-04  -7.2477143087E-05
   17     -2.1557178663E-05  -4.5004733066E-04  -1.1771077371E-04   4.6561528925E-05   9.3950951833E-05
   18     -4.2652619457E-04   1.8231473184E-03   1.3496238625E-02   2.1644559866E-02  -7.1541288235E-04
   19      1.3835639050E-01  -2.4067822915E-03  -9.3980826153E-03  -1.3404694729E-02   7.7767124550E-04
   20      2.2670361741E-01  -1.1692561914E-05   2.4831482195E-03   1.1249925211E-03  -5.0929491706E-04
   21     -1.1692561914E-05   2.4679152402E-01  -1.3832348447E-01   3.3602672944E-04   1.8494347850E-03
   22      2.4831482195E-03  -1.3832348447E-01   1.4559152263E-01  -2.4138899443E-04   1.3434233082E-02
   23      1.1249925211E-03   3.3602672944E-04  -2.4138899443E-04   4.5566375879E-02  -2.1682666211E-02
   24     -5.0929491706E-04   1.8494347850E-03   1.3434233082E-02  -2.1682666211E-02   4.6248880072E-02
   25     -1.6519121233E-02  -2.4228798656E-03  -9.3647357050E-03   1.3429374208E-02   5.5591208703E-04
   26     -2.0970923705E-02   1.9708054409E-05  -2.4348045553E-03   1.0682914559E-03   1.9481935267E-04
   27     -2.8947130535E-04   5.1047953102E-04  -1.6411428035E-04   6.6860840828E-07  -6.3369420088E-04
   28      3.8034786184E-04  -1.4649850405E-04   3.1019978279E-04  -2.6287963479E-06   3.8280755829E-04
   29     -2.1470984533E-04   8.2677766002E-07  -1.8088614878E-06  -2.6089266740E-04   1.8855592365E-04
   30     -3.3353820049E-05  -1.8550891526E-04  -1.4733196587E-04   1.4369925772E-04  -2.4440829040E-04
   31     -2.7366878232E-05  -1.1612479427E-04  -5.4191581811E-05   6.5889898624E-05  -1.9806127019E-04
   32      1.0604223520E-05   4.4878336918E-05   4.3335656716E-05  -3.5837212308E-05   4.1352972219E-06
   33      1.6937632753E-04   3.8264940806E-06   5.3339287019E-05  -3.6452567089E-05   1.0964968845E-04
   34      7.7580772801E-05   7.0279176972E-05   8.2249425310E-05   1.9751379380E-05  -2.4573308670E-05
   35     -1.3862200897E-06  -1.1620970441E-04  -7.4337316818E-05  -2.6950285431E-05   6.5393155120E-05
   36     -4.2266634784E-05  -1.8435479291E-04  -1.4697313240E-04  -1.4317547783E-04   5.6865141583E-05
   37      2.3429255037E-06  -1.1554526544E-04  -5.4249434933E-05  -6.5696044194E-05   1.0163497780E-04
   38     -1.8020590649E-05  -4.3722573706E-05  -4.2937200084E-05  -3.5368865233E-05   1.6276781078E-05
   39      3.4129975102E-05   3.6282065688E-06   5.3022476467E-05   3.6352142702E-05  -1.1273649061E-04
   40      5.6153533337E-05   7.0715035596E-05   8.2312956329E-05  -1.9872794793E-05  -9.0454578799E-05
   41      2.1494368567E-06   1.1611023306E-04   7.3840839845E-05  -2.6610026367E-05  -1.0341472772E-05
                   25                 26                 27                 28                 29        
    0      3.3709889177E-03  -2.6917754542E-04  -2.5358938001E-04  -8.3263328718E-04   2.6768606863E-06
    1     -1.3114866517E-01   1.2625643924E-01  -3.6199217039E-04   9.9174151876E-04  -1.8672086792E-06
    2      1.2967731598E-01  -2.0759138842E-01   3.7447791061E-06  -3.7202758298E-06   3.3103606832E-04
    3      1.7809084657E-03  -1.1861605585E-03   9.5253415316E-03  -7.1318344053E-03   2.9830969571E-05
    4     -1.5602335526E-02  -6.3817814876E-04   2.6140507307E-02  -1.2569383407E-02   8.6533645693E-06
    5      1.6492258997E-02   2.2474708336E-04  -6.9775657305E-05   1.9029138404E-05  -3.9915941628E-03
    6     -4.7032399785E-03   1.9979470515E-04  -6.9833957327E-03   4.5932746067E-03  -1.0924751535E-05
    7     -1.5098655152E-03  -1.2760347208E-03   5.6214211558E-03  -1.5598410724E-03   1.5100993691E-05
    8     -2.8687053761E-03  -6.4321586387E-04  -9.2243941652E-06   1.2495058441E-05   3.5595870691E-03
    9      8.4661910548E-04   7.8445770231E-05  -4.9938161311E-02  -1.0735447001E-02  -1.6319934038E-06
   10      7.8753508889E-04   6.0188715280E-04  -1.0969854767E-02  -3.3321245815E-01   8.0672129431E-04
   11     -2.1704740356E-03   5.2703239217E-04   1.1539618019E-05   8.1718698217E-04  -3.2453492286E-02
   12     -4.0693501155E-04   8.9942435149E-05  -4.1410966143E-03  -1.3606219869E-05   1.3474765937E-03
   13      9.1966940544E-05   2.7498776117E-05  -1.6704336892E-02  -4.5288871798E-03  -2.3579074433E-02
   14      6.2572097246E-05  -2.2209453014E-05   1.3871563797E-03   1.2452477423E-03  -1.6743166846E-03
   15     -2.5094546816E-05   1.8568239960E-04  -4.1464906699E-03  -2.6415695185E-05  -1.3269496003E-03
   16     -1.9505675959E-04  -3.3558308132E-04  -1.6699090838E-02  -4.4091164389E-03   2.3615420294E-02
   17     -1.8057368965E-04   1.1346305737E-04  -1.2923478435E-03  -1.2296484241E-03  -1.7929853006E-03
   18      7.9912535717E-04   5.3172884371E-04  -6.2922526169E-04   3.8200033624E-04  -1.9126558389E-04
   19      1.1616518863E-02   1.6424945642E-02  -3.3750524704E-05   1.9894019597E-04  -6.7075216391E-05
   20     -1.6519121233E-02  -2.0970923705E-02  -2.8947130535E-04   3.8034786184E-04  -2.1470984533E-04
   21     -2.4228798656E-03   1.9708054409E-05   5.1047953102E-04  -1.4649850405E-04   8.2677766002E-07
   22     -9.3647357050E-03  -2.4348045553E-03  -1.6411428035E-04   3.1019978279E-04  -1.8088614878E-06
   23      1.3429374208E-02   1.0682914559E-03   6.6860840828E-07  -2.6287963479E-06  -2.6089266740E-04
   24      5.5591208703E-04   1.9481935267E-04  -6.3369420088E-04   3.8280755829E-04   1.8855592365E-04
   25      1.4510666266E-01  -1.3811888677E-01  -3.2551890130E-05   2.0051138728E-04   6.7068761806E-05
   26     -1.3811888677E-01   2.2751181809E-01   2.8875229961E-04  -3.8332696547E-04  -2.1125372776E-04
   27     -3.2551890130E-05   2.8875229961E-04   5.7863533175E-02   1.4689097997E-02  -3.8373673591E-05
   28      2.0051138728E-04  -3.8332696547E-04   1.4689097997E-02   3.5264594313E-01  -8.5752316034E-04
   29      6.7068761806E-05  -2.1125372776E-04  -3.8373673591E-05  -8.5752316034E-04   3.5493807923E-02
   30     -6.2879157878E-05   4.2229761270E-05   1.5927153803E-03   1.3034725037E-04   2.2116728958E-03
   31      9.0978891164E-06  -2.6504720732E-06  -1.1224450628E-05   8.9479672357E-04   1.3574899122E-03
   32      5.7809903528E-05  -1.8215709585E-05  -1.0408361753E-03  -1.2769750989E-04   5.5865877579E-04
   33      8.1536720074E-05  -3.4569732539E-05  -2.1817214175E-03  -6.6859949021E-04  -4.0320350678E-03
   34     -4.9835503122E-05  -5.5986679274E-05  -7.7860624659E-04   6.9229694057E-05  -2.1751043846E-03
   35      1.1483204348E-04   2.3210248226E-06   9.2136123296E-04   5.6786376773E-04   4.9749574614E-05
   36      7.8854327556E-05   3.3700467369E-05   1.5931355806E-03   1.1811323284E-04  -2.2144330654E-03
   37      7.7939304603E-05   2.7445372631E-05  -6.6464855696E-06   8.8989674678E-04  -1.3598289250E-03
   38     -1.9885651949E-05   1.0512605638E-05   1.0407858459E-03   1.2682226587E-04   5.6754881265E-04
   39      1.3591175029E-04  -1.6982258144E-04  -2.1778306103E-03  -6.4661144751E-04   4.0345299163E-03
   40     -1.9737956674E-05  -7.7633595388E-05  -7.8285284688E-04   7.8427067300E-05   2.1743729612E-03
   41     -3.8716432470E-05  -9.7883776516E-07  -9.1393591592E-04  -5.6699307669E-04   3.8856450979E-05
                   30                 31                 32                 33                 34        
    0     -6.0203893296E-04  -3.2864908215E-04   1.6602906754E-04   2.0707297920E-04  -7.9473539108E-06
    1      1.8434554030E-04   8.6569626234E-05  -7.6515494307E-05  -1.1208652213E-04  -3.1602455294E-04
    2      5.5361511381E-04   6.0995686314E-04  -1.6171478066E-04  -5.7531832198E-04  -1.5061044054E-04
    3      1.5172490372E-03   1.6679785003E-03   1.6925512656E-03   2.7433489030E-03   2.3275038832E-03
    4     -2.8217082244E-03  -4.0002089118E-03  -7.2671688622E-04  -4.5786917507E-03  -1.3067950651E-03
    5     -4.4366652696E-03  -3.5596457666E-03  -4.6521762783E-04   1.5946075636E-03   1.3204350027E-03
    6     -7.2658721040E-04   5.6209886545E-04   3.8419395645E-04   5.3032907428E-04   4.7053724074E-04
    7      1.1136645581E-03   2.5309676208E-03   6.1220335814E-04   2.1627914187E-03   1.3623110814E-03
    8      4.0589863267E-04   1.2273408601E-03   9.8940067857E-04   6.8261453415E-04   3.4708465009E-04
    9     -1.7812385941E-02  -1.4037475446E-02  -1.2875634258E-03   8.1801912734E-04  -1.2090166851E-04
   10      1.7077744245E-02   9.4324036811E-03  -6.8813632687E-04  -2.3970449544E-02  -1.1737855738E-02
   11     -1.1995629647E-02  -9.5638958105E-03  -3.8480665084E-03  -1.2287717781E-02  -5.7814991266E-03
   12     -1.4272131348E-01   1.2064819673E-01  -8.3984940203E-02  -5.0977564272E-02   5.6816873033E-02
   13      1.1796263108E-01  -1.6905749168E-01   8.0494779981E-02   5.9897048423E-02  -2.6271730697E-01
   14     -8.4725399318E-02   8.4851263218E-02  -1.0724844483E-01   2.3323997330E-02  -1.1559130932E-01
   15      7.2821650657E-03   1.1514498408E-03  -1.7441884651E-02  -4.4576888422E-03  -3.2555825650E-03
   16     -1.1615779644E-02  -4.0129426712E-03   1.8316895496E-02   9.9235877366E-03   8.6328071825E-03
   17      5.3418625254E-03  -1.4628143891E-04  -1.3768352506E-02   3.9893729000E-03   3.8457379869E-03
   18      5.7072677442E-05   1.0157450126E-04  -1.6710621948E-05  -1.1208422942E-04  -9.0519849478E-05
   19      7.9225128348E-05   7.8404823781E-05   1.9773467810E-05   1.3714156510E-04  -1.9464553453E-05
   20     -3.3353820049E-05  -2.7366878232E-05   1.0604223520E-05   1.6937632753E-04   7.7580772801E-05
   21     -1.8550891526E-04  -1.1612479427E-04   4.4878336918E-05   3.8264940806E-06   7.0279176972E-05
   22     -1.4733196587E-04  -5.4191581811E-05   4.3335656716E-05   5.3339287019E-05   8.2249425310E-05
   23      1.4369925772E-04   6.5889898624E-05  -3.5837212308E-05  -3.6452567089E-05   1.9751379380E-05
   24     -2.4440829040E-04  -1.9806127019E-04   4.1352972219E-06   1.0964968845E-04  -2.4573308670E-05
   25     -6.2879157878E-05   9.0978891164E-06   5.7809903528E-05   8.1536720074E-05  -4.9835503122E-05
   26      4.2229761270E-05  -2.6504720732E-06  -1.8215709585E-05  -3.4569732539E-05  -5.5986679274E-05
   27      1.5927153803E-03  -1.1224450628E-05  -1.0408361753E-03  -2.1817214175E-03  -7.7860624659E-04
   28      1.3034725037E-04   8.9479672357E-04  -1.2769750989E-04  -6.6859949021E-04   6.9229694057E-05
   29      2.2116728958E-03   1.3574899122E-03   5.5865877579E-04  -4.0320350678E-03  -2.1751043846E-03
   30      1.5287592828E-01  -1.2216620883E-01   9.2469832060E-02  -2.0497207160E-03   4.8647829480E-04
   31     -1.2216620883E-01   1.7255498178E-01  -8.8942419448E-02   1.2921709244E-02  -1.0241227736E-02
   32      9.2469832060E-02  -8.8942419448E-02   1.1689424784E-01   9.8001322845E-03  -7.5434824558E-03
   33     -2.0497207160E-03   1.2921709244E-02   9.8001322845E-03   5.4280839429E-02  -5.5695587790E-02
   34      4.8647829480E-04  -1.0241227736E-02  -7.5434824558E-03  -5.5695587790E-02   2.7521437442E-01
   35     -1.5361887414E-03   1.3919041064E-02   8.6372742306E-03  -2.3214759579E-02   1.2394021420E-01
   36     -3.2505313174E-04  -5.8520323707E-04   1.6222363210E-03   1.3410612959E-03   4.0271206129E-04
   37     -5.9308950376E-04   1.0276013019E-03   9.8223063525E-04   3.5658711737E-04   7.5846439059E-04
   38     -1.6168731345E-03  -9.7579199596E-04   2.1193243964E-03   2.4094241069E-03   2.3513733003E-03
   39      1.3418861778E-03   3.4399853416E-04  -2.4162692426E-03  -2.5536751395E-04  -5.4970505341E-04
   40      4.1850211045E-04   7.5123912493E-04  -2.3759711978E-03  -5.5928627002E-04   2.6907392764E-04
   41      3.1795154143E-03   1.1409808147E-03  -3.6636609706E-03  -1.8203193917E-03  -5.9803804005E-04
                   35                 36                 37                 38                 39        
    0     -1.7123490277E-04  -5.9970283458E-04  -3.2695262068E-04  -1.6300915773E-04   2.0465576659E-04
    1      3.7375313410E-04   1.7877700577E-04   8.3538479550E-05   7.4341438395E-05  -1.1149440786E-04
    2     -2.3710835457E-04  -5.5566777091E-04  -6.1220185267E-04  -1.6007579398E-04   5.7628032742E-04
    3      1.3842888909E-04   1.5251947469E-03   1.6624421588E-03  -1.6960333230E-03   2.7389229943E-03
    4     -3.2355877779E-03  -2.7930440214E-03  -3.9730391288E-03   7.4553121476E-04  -4.5904930555E-03
    5      4.1328235173E-04   4.4536214633E-03   3.5749599446E-03  -4.8919253818E-04  -1.5631366587E-03
    6      1.1315257024E-03  -7.3092787858E-04   5.5268155754E-04  -3.8374073895E-04   5.3382149441E-04
    7      1.3749751981E-03   1.1166092784E-03   2.5248417704E-03  -6.1971601047E-04   2.1522484146E-03
    8      3.0655922091E-04  -4.1155134371E-04  -1.2341109240E-03   9.9966338946E-04  -6.9805297634E-04
    9     -9.7405148136E-04  -1.7806367601E-02  -1.4021856676E-02   1.3753264387E-03   8.1607030908E-04
   10      1.5708696584E-04   1.7135167973E-02   9.4815377939E-03   5.9384789326E-04  -2.3887466709E-02
   11     -3.7093846687E-03   1.1911348200E-02   9.4985343446E-03  -3.9188185839E-03   1.2421718043E-02
   12      1.9871511774E-02   7.2916352542E-03   1.2500293048E-03   1.7413871597E-02  -4.4688844330E-03
   13     -1.1212084093E-01  -1.1661201629E-02  -4.1165444430E-03  -1.8361730206E-02   9.9178166956E-03
   14     -1.0393253518E-01  -5.2885191388E-03   9.1968370908E-05  -1.3668552553E-02  -4.0497568896E-03
   15      5.2654152512E-03  -1.4253914676E-01   1.2105355515E-01   8.3307603902E-02  -5.1019020495E-02
   16     -2.4505047049E-02   1.1837707890E-01  -1.7003082114E-01  -8.0243831805E-02   5.9874264723E-02
   17     -1.3820251878E-02   8.4060124463E-02  -8.4604692752E-02  -1.0645223420E-01  -2.3729861092E-02
   18      1.1007163301E-05  -2.4500599649E-04  -1.9794577934E-04  -3.4465845195E-06   1.0896577600E-04
   19      3.8999719584E-05  -6.3050758232E-05   8.7046122404E-06  -5.7704299439E-05   8.1537932582E-05
   20     -1.3862200897E-06  -4.2266634784E-05   2.3429255037E-06  -1.8020590649E-05   3.4129975102E-05
   21     -1.1620970441E-04  -1.8435479291E-04  -1.1554526544E-04  -4.3722573706E-05   3.6282065688E-06
   22     -7.4337316818E-05  -1.4697313240E-04  -5.4249434933E-05  -4.2937200084E-05   5.3022476467E-05
   23     -2.6950285431E-05  -1.4317547783E-04  -6.5696044194E-05  -3.5368865233E-05   3.6352142702E-05
   24      6.5393155120E-05   5.6865141583E-05   1.0163497780E-04   1.6276781078E-05  -1.1273649061E-04
   25      1.1483204348E-04   7.8854327556E-05   7.7939304603E-05  -1.9885651949E-05   1.3591175029E-04
   26      2.3210248226E-06   3.3700467369E-05   2.7445372631E-05   1.0512605638E-05  -1.6982258144E-04
   27      9.2136123296E-04   1.5931355806E-03  -6.6464855696E-06   1.0407858459E-03  -2.1778306103E-03
   28      5.6786376773E-04   1.1811323284E-04   8.8989674678E-04   1.2682226587E-04  -6.4661144751E-04
   29      4.9749574614E-05  -2.2144330654E-03  -1.3598289250E-03   5.6754881265E-04   4.0345299163E-03
   30     -1.5361887414E-03  -3.2505313174E-04  -5.9308950376E-04  -1.6168731345E-03   1.3418861778E-03
   31      1.3919041064E-02  -5.8520323707E-04   1.0276013019E-03  -9.7579199596E-04   3.4399853416E-04
   32      8.6372742306E-03   1.6222363210E-03   9.8223063525E-04   2.1193243964E-03  -2.4162692426E-03
   33     -2.3214759579E-02   1.3410612959E-03   3.5658711737E-04   2.4094241069E-03  -2.5536751395E-04
   34      1.2394021420E-01   4.0271206129E-04   7.5846439059E-04   2.3513733003E-03  -5.4970505341E-04
   35      1.1392428430E-01  -3.1857813635E-03  -1.1663943652E-03  -3.6702102418E-03   1.8252299994E-03
   36     -3.1857813635E-03   1.5267892959E-01  -1.2261498374E-01  -9.1786807420E-02  -2.0562626174E-03
   37     -1.1663943652E-03  -1.2261498374E-01   1.7360286251E-01   8.8729637495E-02   1.2854213680E-02
   38     -3.6702102418E-03  -9.1786807420E-02   8.8729637495E-02   1.1603546776E-01  -9.8662072910E-03
   39      1.8252299994E-03  -2.0562626174E-03   1.2854213680E-02  -9.8662072910E-03   5.4342151436E-02
   40      6.0929449056E-04   5.0301986203E-04  -1.0280732763E-02   7.6553476016E-03  -5.5680050728E-02
   41      2.0643561299E-03   1.5437228521E-03  -1.3819498265E-02   8.6799564001E-03   2.3596283986E-02
                   40                 41        
     0     -7.7592820259E-06   1.7204303669E-04
     1     -3.1698218472E-04  -3.7333462447E-04
     2      1.5255965764E-04  -2.3672344498E-04
     3      2.3271675394E-03  -1.5093572773E-04
     4     -1.2954527735E-03   3.2472091830E-03
     5     -1.3170421597E-03   4.0756066615E-04
     6      4.5897223279E-04  -1.1315812971E-03
     7      1.3540880270E-03  -1.3814226445E-03
     8     -3.4399416609E-04   3.1968875365E-04
     9     -1.0806957509E-04   9.6703851807E-04
    10     -1.1698168724E-02  -9.1800389530E-05
    11      5.8196812355E-03  -3.7550218753E-03
    12     -3.2884614345E-03  -5.2565260380E-03
    13      8.7510296978E-03   2.4364855204E-02
    14     -3.9739011562E-03  -1.3923750243E-02
    15      5.6816696866E-02  -2.0256652521E-02
    16     -2.6137679826E-01   1.1298789091E-01
    17      1.1645691613E-01  -1.0523549408E-01
    18     -2.5331735225E-05  -6.5839333983E-05
    19     -5.0602091540E-05  -1.1476099755E-04
    20      5.6153533337E-05   2.1494368567E-06
    21      7.0715035596E-05   1.1611023306E-04
    22      8.2312956329E-05   7.3840839845E-05
    23     -1.9872794793E-05  -2.6610026367E-05
    24     -9.0454578799E-05  -1.0341472772E-05
    25     -1.9737956674E-05  -3.8716432470E-05
    26     -7.7633595388E-05  -9.7883776516E-07
    27     -7.8285284688E-04  -9.1393591592E-04
    28      7.8427067300E-05  -5.6699307669E-04
    29      2.1743729612E-03   3.8856450979E-05
    30      4.1850211045E-04   3.1795154143E-03
    31      7.5123912493E-04   1.1409808147E-03
    32     -2.3759711978E-03  -3.6636609706E-03
    33     -5.5928627002E-04  -1.8203193917E-03
    34      2.6907392764E-04  -5.9803804005E-04
    35      6.0929449056E-04   2.0643561299E-03
    36      5.0301986203E-04   1.5437228521E-03
    37     -1.0280732763E-02  -1.3819498265E-02
    38      7.6553476016E-03   8.6799564001E-03
    39     -5.5680050728E-02   2.3596283986E-02
    40      2.7375230395E-01  -1.2482306151E-01
    41     -1.2482306151E-01   1.1532967164E-01

$vibrational_frequencies
42
    0        0.0000000000000000
    1        0.0000000000000000
    2        0.0000000000000000
    3        0.0000000000000000
    4        0.0000000000000000
    5        0.0000000000000000
    6       75.9699655738173760
    7      158.1414665525048804
    8      249.7017720970676748
    9      266.0821500063900658
   10      382.8394506795056600
   11      600.4344108041386789
   12      607.0672360766322981
   13      759.3015742539964776
   14      818.1095496266874534
   15      835.0713601825982551
   16      869.3085650218787350
   17      937.0392808008119800
   18      974.0389110841979345
   19     1043.5216101706830614
   20     1052.7167946871832100
   21     1086.6719917768016330
   22     1112.5425695102237569
   23     1117.3582484480461972
   24     1201.4585950824880456
   25     1214.0716074207307429
   26     1218.6340812071264281
   27     1368.7744294025267209
   28     1419.5817077491203690
   29     1452.0577466792462928
   30     1454.9866616555598284
   31     1467.1188927363646144
   32     1480.3762022700461785
   33     1674.9274604583756627
   34     3007.0198503395108673
   35     3072.9229756023132722
   36     3119.3658364083244123
   37     3119.6634907539919368
   38     3134.0178416999788169
   39     3164.3582436830047300
   40     3208.7057416457519139
   41     3223.8786363906688166

$normal_modes
42 42
                    0                  1                  2                  3                  4        
    0      0.0000000000E+00   0.0000000000E+00   0.0000000000E+00   0.0000000000E+00   0.0000000000E+00
    1      0.0000000000E+00   0.0000000000E+00   0.0000000000E+00   0.0000000000E+00   0.0000000000E+00
    2      0.0000000000E+00   0.0000000000E+00   0.0000000000E+00   0.0000000000E+00   0.0000000000E+00
    3      0.0000000000E+00   0.0000000000E+00   0.0000000000E+00   0.0000000000E+00   0.0000000000E+00
    4      0.0000000000E+00   0.0000000000E+00   0.0000000000E+00   0.0000000000E+00   0.0000000000E+00
