*************************************************
******************* ORCA 6.0.0 ******************
*************************************************
$Calculation_Status
   &GeometryIndex 1
   &ListStatus       OUT
   &VERSION [&Type "String"] "6.0.0"
   &PROGNAME [&Type "String"] "LeanSCF"
   &STATUS [&Type "String"] "NORMAL TERMINATION"
$End
$Geometry
   &GeometryIndex 1
   &ListStatus       OUT
   &NATOMS [&Type "Integer"] 14
   &NCORELESSECP [&Type "Integer"] 0
   &NGHOSTATOMS [&Type "Integer"] 0
   &CartesianCoordinates [&Type "Coordinates", &Dim(14,4), &Units "Bohr"] 
              C      3.840347587585    1.440017804712   -0.000244345369
              C      1.469986573683   -0.148768784757   -0.000128886125
              O      1.538677736170   -2.449799493566    0.001019987240
              C     -0.965605085944    1.254614449728   -0.000966477188
              C     -3.163857682719    0.043679158394   -1.401889234011
              C     -3.163524957694    0.045822020336    1.402475774579
              H      3.859956967463    2.674406284894   -1.663607171269
              H      3.858470225238    2.677326261181    1.660959393024
              H      5.509827401801    0.233185161917    0.001503219125
              H     -0.860647100738    3.302913195402   -0.002450511246
              H     -4.432733557130    1.312296280543   -2.390481530306
              H     -2.726268279457   -1.726230751008   -2.337961012672
              H     -4.432135384543    1.315950477794    2.389470915919
              H     -2.725714920780   -1.722647739173    2.341162298694
$End
$SCF_Energy
   &GeometryIndex 1
   &ListStatus       OUT
   &SCF_ENERGY [&Type "Double"]      -2.7049688247264066e+02
$End
$DFT_Energy
   &GeometryIndex 1
   &ListStatus       OUT
   &NALPHAEL [&Type "Integer"] 23
   &NBETAEL [&Type "Integer"] 23
   &NTOTALEL [&Type "Integer"] 46
   &EEXCHANGE [&Type "Double"]      -3.7130586366216079e+01
   &ECORR [&Type "Double"]      -1.4632424042425751e+00
   &ECNL [&Type "Double"]       0.0000000000000000e+00
   &EXC [&Type "Double"]      -3.8593828770458657e+01
   &EEMBED [&Type "Double"]       0.0000000000000000e+00
   &FINALEN [&Type "Double"]      -2.7049688247264066e+02  "No Van der Waals correction"
$End
$Mulliken_Population_Analysis
   &GeometryIndex 1
   &ListStatus       OUT
   &NATOMS [&Type "Integer"] 14
   &ATNO [&Type "ArrayOfIntegers", &Dim (14,1)] 
                                                         0

0                                                        6
1                                                        6
2                                                        8
3                                                        6
4                                                        6
5                                                        6
6                                                        1
7                                                        1
8                                                        1
9                                                        1
10                                                       1
11                                                       1
12                                                       1
13                                                       1
   &ATOMICCHARGES [&Type "ArrayOfDoubles", &Dim (14,1)] 
                                                         0

0                                     -3.2551417213891831e-01
1                                      1.9286609716238523e-01
2                                     -3.5325207862175745e-01
3                                     -8.0004707662500785e-02
4                                     -2.0025078443514843e-01
5                                     -2.0027693804003999e-01
6                                      1.2196145265085656e-01
7                                      1.2195842182623917e-01
8                                      1.2932318288505429e-01
9                                      1.0282942295566433e-01
10                                     1.1228535262898665e-01
11                                     1.3289711371507540e-01
12                                     1.1229070949113784e-01
13                                     1.3288692758297471e-01
$End
$Loewdin_Population_Analysis
   &GeometryIndex 1
   &ListStatus       OUT
   &NATOMS [&Type "Integer"] 14
   &ATNO [&Type "ArrayOfIntegers", &Dim (14,1)] 
                                                         0

0                                                        6
1                                                        6
2                                                        8
3                                                        6
4                                                        6
5                                                        6
6                                                        1
7                                                        1
8                                                        1
9                                                        1
10                                                       1
11                                                       1
12                                                       1
13                                                       1
   &ATOMICCHARGES [&Type "ArrayOfDoubles", &Dim (14,1)] 
                                                         0

0                                     -2.6074897916163664e-01
1                                     -3.5112117496445183e-01
2                                      1.1355986559533982e-01
3                                     -1.9481307095788836e-01
4                                     -1.9813316847403595e-01
5                                     -1.9811180415216967e-01
6                                      1.3636774830862042e-01
7                                      1.3635327820163123e-01
8                                      1.3005412615132161e-01
9                                      1.4579869236277576e-01
10                                     1.3017578810856190e-01
11                                     1.4022488113475229e-01
12                                     1.3017438622067079e-01
13                                     1.4021943162652839e-01
$End
$Mayer_Population_Analysis
   &GeometryIndex 1
   &ListStatus       OUT
   &NATOMS [&Type "Integer"] 14 "Total number of atoms"
   &BONDTHRESH [&Type "Double"]       1.0000000000000001e-01  "The threshold for printing"
   &NBONDORDERSPRINT [&Type "Integer"] 14 "The number of bond orders larger than threshold"
   &BONDORDERS [&Type "ArrayOfDoubles", &Dim (14,1)] "The bond orders"
                                                         0

0                                      9.7189003726728151e-01
1                                      9.4823157510364975e-01
2                                      9.4826256537787612e-01
3                                      9.7525602024088598e-01
4                                      2.0085467366100267e+00
5                                      9.6810387967328704e-01
6                                      8.9546976078835705e-01
7                                      8.9543596895304145e-01
8                                      9.5299263886286056e-01
9                                      9.9958889528181583e-01
10                                     9.6328877977380600e-01
11                                     9.5808020029626684e-01
12                                     9.6328170717395689e-01
13                                     9.5809212591270831e-01
   &COMPONENTS [&Type "ArrayOfIntegers", &Dim (14,4)] "The indices and atomic numbers of the bonding atoms"
                                                         0                           1                           2                           3

0                                                        0                           6                           1                           6
1                                                        0                           6                           6                           1
2                                                        0                           6                           7                           1
3                                                        0                           6                           8                           1
4                                                        1                           6                           2                           8
5                                                        1                           6                           3                           6
6                                                        3                           6                           4                           6
7                                                        3                           6                           5                           6
8                                                        3                           6                           9                           1
9                                                        4                           6                           5                           6
10                                                       4                           6                          10                           1
11                                                       4                           6                          11                           1
12                                                       5                           6                          12                           1
13                                                       5                           6                          13                           1
   &ATNO [&Type "ArrayOfIntegers", &Dim (14,1)] "Atomic number of the elements"
                                                         0

0                                                        6
1                                                        6
2                                                        8
3                                                        6
4                                                        6
5                                                        6
6                                                        1
7                                                        1
8                                                        1
9                                                        1
10                                                       1
11                                                       1
12                                                       1
13                                                       1
   &NA [&Type "ArrayOfDoubles", &Dim (14,1)] "Mulliken gross atomic population"
                                                         0

0                                      6.3255141721389148e+00
1                                      5.8071339028376396e+00
2                                      8.3532520786217184e+00
3                                      6.0800047076624839e+00
4                                      6.2002507844351564e+00
5                                      6.2002769380400178e+00
6                                      8.7803854734914466e-01
7                                      8.7804157817375894e-01
8                                      8.7067681711494516e-01
9                                      8.9717057704433689e-01
10                                     8.8771464737101324e-01
11                                     8.6710288628492538e-01
12                                     8.8770929050886171e-01
13                                     8.6711307241702584e-01
   &ZA [&Type "ArrayOfDoubles", &Dim (14,1)] "Total nuclear charge"
                                                         0

0                                      6.0000000000000000e+00
1                                      6.0000000000000000e+00
2                                      8.0000000000000000e+00
3                                      6.0000000000000000e+00
4                                      6.0000000000000000e+00
5                                      6.0000000000000000e+00
6                                      1.0000000000000000e+00
7                                      1.0000000000000000e+00
8                                      1.0000000000000000e+00
9                                      1.0000000000000000e+00
10                                     1.0000000000000000e+00
11                                     1.0000000000000000e+00
12                                     1.0000000000000000e+00
13                                     1.0000000000000000e+00
   &QA [&Type "ArrayOfDoubles", &Dim (14,1)] "Mulliken gross atomic charge"
                                                         0

0                                     -3.2551417213891476e-01
1                                      1.9286609716236036e-01
2                                     -3.5325207862171837e-01
3                                     -8.0004707662483909e-02
4                                     -2.0025078443515643e-01
5                                     -2.0027693804001778e-01
6                                      1.2196145265085534e-01
7                                      1.2195842182624106e-01
8                                      1.2932318288505484e-01
9                                      1.0282942295566311e-01
10                                     1.1228535262898676e-01
11                                     1.3289711371507462e-01
12                                     1.1229070949113829e-01
13                                     1.3288692758297416e-01
   &VA [&Type "ArrayOfDoubles", &Dim (14,1)] "Mayer's total valence"
                                                         0

0                                      3.8052909610008556e+00
1                                      4.0510878460464301e+00
2                                      2.1141111935027213e+00
3                                      3.6308848536864877e+00
4                                      3.9097944460016683e+00
5                                      3.9098234959366156e+00
6                                      9.7987901068447680e-01
7                                      9.7987502142790073e-01
8                                      1.0011306378401892e+00
9                                      9.6324726524477178e-01
10                                     9.7897612334870932e-01
11                                     9.9282315401544485e-01
12                                     9.7897285560675562e-01
13                                     9.9280672501032541e-01
   &BVA [&Type "ArrayOfDoubles", &Dim (14,1)] "Mayer's bonded valence"
                                                         0

0                                      3.8052909610008192e+00
1                                      4.0510878460465314e+00
2                                      2.1141111935028567e+00
3                                      3.6308848536864851e+00
4                                      3.9097944460016332e+00
5                                      3.9098234959366494e+00
6                                      9.7987901068444827e-01
7                                      9.7987502142790639e-01
8                                      1.0011306378401745e+00
9                                      9.6324726524476201e-01
10                                     9.7897612334867479e-01
11                                     9.9282315401543175e-01
12                                     9.7897285560674918e-01
13                                     9.9280672501032108e-01
   &FA [&Type "ArrayOfDoubles", &Dim (14,1)] "Mayer's free valence"
                                                         0

0                                      0.0000000000000000e+00
1                                      0.0000000000000000e+00
2                                      0.0000000000000000e+00
3                                      0.0000000000000000e+00
4                                      0.0000000000000000e+00
5                                      0.0000000000000000e+00
6                                      0.0000000000000000e+00
7                                      0.0000000000000000e+00
8                                      0.0000000000000000e+00
9                                      0.0000000000000000e+00
10                                     0.0000000000000000e+00
11                                     0.0000000000000000e+00
12                                     0.0000000000000000e+00
13                                     0.0000000000000000e+00
$End
$VdW_Correction
   &GeometryIndex 1
   &ListStatus       OUT
   &VDW [&Type "Double"]      -3.1987539601319014e-03
$End
$Calculation_Info
   &GeometryIndex 1
   &ListStatus       OUT
   &MULT [&Type "Integer"] 1
   &CHARGE [&Type "Integer"] 0
   &NUMOFATOMS [&Type "Integer"] 14
   &NUMOFELECTRONS [&Type "Integer"] 46
   &NUMOFFCELECTRONS [&Type "Integer"] 1
   &NUMOFCORRELECTRONS [&Type "Integer"] 0
   &NUMOFBASISFUNCTS [&Type "Integer"] 234
   &NUMOFAUXCBASISFUNCTS [&Type "Integer"] 0
   &NUMOFAUXJBASISFUNCTS [&Type "Integer"] 268
   &NUMOFAUXJKBASISFUNCTS [&Type "Integer"] 0
   &NUMOFCABSBASISFUNCTS [&Type "Integer"] 0
   &TOTALENERGY [&Type "Double"]      -2.7049473762990078e+02  "Hartrees"
$End
$SCF_Dipole_Moment
   &GeometryIndex 1
   &ListStatus       OUT
   &METHOD [&Type "String"] "SCF"
   &LEVEL [&Type "String"] "Relaxed density"
   &MULT [&Type "Integer"] 1
   &STATE [&Type "Integer"] -1
   &IRREP [&Type "Integer"] 0
   &NATOMS [&Type "Integer"] 14
   &DODIPOLEATOM [&Type "Boolean"] false
   &DIPOLEELECCONTRIB [&Type "ArrayOfDoubles", &Dim (3,1)] "Electronic contribution"
                                                         0

0                                      6.5420673497508974e-01
1                                     -2.8338870804289340e+00
2                                      5.0030437416152991e-04
   &DIPOLENUCCONTRIB [&Type "ArrayOfDoubles", &Dim (3,1)] "Nuclear contribution"
                                                         0

0                                     -9.0074888275395804e-01
1                                      3.9579337995513324e+00
2                                     -9.6632728496848230e-04
   &DIPOLETOTAL [&Type "ArrayOfDoubles", &Dim (3,1)] "Total"
                                                         0

0                                     -2.4654214777886829e-01
1                                      1.1240467191223984e+00
2                                     -4.6602291080695239e-04
   &DIPOLEMAGNITUDE [&Type "Double", &Units "a.u."]       1.1507668202457866e+00
$End
$THERMOCHEMISTRY_Energies
   &GeometryIndex 1
   &ListStatus       OUT
   &TEMPERATURE [&Type "Double"]       2.9814999999999998e+02
   &PRESSURE [&Type "Double"]       1.0000000000000000e+00
   &TOTALMASS [&Type "Double"]       8.4117999999999995e+01
   &SPINDEGENERACY [&Type "Integer"] 1
   &ELENERGY [&Type "Double"]      -2.7049473762990078e+02
   &TRANSENERGY [&Type "Double"]       1.4162714244859817e-03
   &ROTENERGY [&Type "Double"]       1.4162714244859817e-03
   &VIBENERGY [&Type "Double"]       3.6384978083208726e-03
   &NUMOFFREQS [&Type "Integer"] 42
   &FREQSCALINGFACTOR [&Type "Double"]       1.0000000000000000e+00
   &FREQ [&Type "ArrayOfDoubles", &Dim (42,1)] "In cm^-1"
                                                         0

0                                      0.0000000000000000e+00
1                                      0.0000000000000000e+00
2                                      0.0000000000000000e+00
3                                      0.0000000000000000e+00
4                                      0.0000000000000000e+00
5                                      0.0000000000000000e+00
6                                      7.8868150970151447e+01
7                                      1.4994246277347682e+02
8                                      2.4967641769941744e+02
9                                      2.6384468563355898e+02
10                                     3.7954011196788650e+02
11                                     5.9296431806362716e+02
12                                     5.9973761597721705e+02
13                                     7.5235984645492420e+02
14                                     8.1646435893315652e+02
15                                     8.3972656498500817e+02
16                                     8.7376185908420246e+02
17                                     9.2648439105430145e+02
18                                     9.6263287807412678e+02
19                                     1.0410715033415393e+03
20                                     1.0494478066022359e+03
21                                     1.0851477506294075e+03
22                                     1.1094962820918749e+03
23                                     1.1194996789752706e+03
24                                     1.1867234694553074e+03
25                                     1.2134357417744250e+03
26                                     1.2185251387539763e+03
27                                     1.3636347778463592e+03
28                                     1.4021455518895166e+03
29                                     1.4508522987662468e+03
30                                     1.4562355306207724e+03
31                                     1.4670423215179517e+03
32                                     1.4792998178527241e+03
33                                     1.7425640367301180e+03
34                                     3.0087588968821269e+03
35                                     3.0762500365689193e+03
36                                     3.1209233392538990e+03
37                                     3.1209819051218196e+03
38                                     3.1371520964091674e+03
39                                     3.1531415475654339e+03
40                                     3.2114070795857642e+03
41                                     3.2262013166966663e+03
   &ZPE [&Type "Double"]       1.1829599925585087e-01
   &INNERENERGYU [&Type "Double"]      -2.7036997058998764e+02
   &ENTHALPYH [&Type "Double"]      -2.7036902638094540e+02
   &QEL [&Type "Double"]       0.0000000000000000e+00
   &QROT [&Type "Double"]       1.2542585694484212e-02
   &QVIB [&Type "Double"]       6.1121187937725084e-03
   &QTRANS [&Type "Double"]       1.8626298527631004e-02
   &ENTROPYS [&Type "Double"]       3.7281003015887722e-02
   &FREEENERGYG [&Type "Double"]      -2.7040630738396129e+02
   &ISLINEAR [&Type "Boolean"] false
$End
$Hessian
   &GeometryIndex 1
   &ListStatus       OUT
   &HESSIAN [&Type "ArrayOfDoubles", &Dim (42,42)] "The Hessian"
                                                         0                           1                           2                           3                           4                           5                           6                           7

0                                      5.0892208451050069e-01        -7.5238363623031518e-02         5.8057726065055115e-05        -1.7182869391068925e-01        -3.0466525457801666e-02         2.1876012932525051e-07         1.0062677815360528e-02        -1.8116281242685016e-02
1                                     -7.5238363623031518e-02         5.3613597328113904e-01        -1.8179782811454849e-05        -2.7782761506928481e-02        -9.2112656010500477e-02        -1.4318929921673566e-06        -3.8732854763573091e-02        -5.0043439856008280e-02
2                                      5.8057726065055115e-05        -1.8179782811454849e-05         5.0820491354783803e-01        -2.2026747367879080e-05        -8.2935712325169784e-06        -8.6567460211130626e-02         1.3945166584639203e-05         3.2420632630747570e-05
3                                     -1.7182869391068925e-01        -2.7782761506928481e-02        -2.2026747367879080e-05         5.0522551001803118e-01        -6.7095541294254733e-03         4.4759010275615655e-05        -1.0893311111886073e-01         6.8996175333743137e-03
4                                     -3.0466525457801666e-02        -9.2112656010500477e-02        -8.2935712325169784e-06        -6.7095541294254733e-03         8.9881496626086577e-01        -3.5128003344844186e-04         1.4013824895468874e-02        -6.7769344011982624e-01
5                                      2.1876012932525051e-07        -1.4318929921673566e-06        -8.6567460211130626e-02         4.4759010275615655e-05        -3.5128003344844186e-04         2.3868088967315493e-01        -1.7719993826084166e-05         3.0732938047323534e-04
6                                      1.0062677815360528e-02        -3.8732854763573091e-02         1.3945166584639203e-05        -1.0893311111886073e-01         1.4013824895468874e-02        -1.7719993826084166e-05         1.0269479059670618e-01        -2.1057847657713125e-02
7                                     -1.8116281242685016e-02        -5.0043439856008280e-02         3.2420632630747570e-05         6.8996175333743137e-03        -6.7769344011982624e-01         3.0732938047323534e-04        -2.1057847657713125e-02         7.8410426094103214e-01
8                                     -6.6886406208818369e-08         2.8029451259442891e-05         2.6191630628918994e-02        -1.1152592838486302e-05         3.1049332682332254e-04        -7.1545411154835453e-02         2.7162525018373566e-05        -3.6897860030988671e-04
9                                     -2.5914817014205421e-02         5.6451855462887335e-03        -3.7717884237906486e-06        -1.6470825416551915e-01         1.8150993058009671e-02        -2.2301562776815765e-05         2.3838748647325714e-03         4.3970327363231997e-02
10                                    -1.3525288881796667e-02         1.1124941857295949e-02        -2.1260591061484209e-06         5.1017156524250415e-02        -1.1247306846674866e-01         4.3502790440391185e-05         4.0444194621328595e-02        -4.6696403252720349e-02
11                                    -5.8511825853871735e-06        -3.6961322996216362e-07         1.7528841156272935e-02        -3.8173856711979558e-05         4.9963958027791364e-05        -6.8093049167972999e-02        -2.0765841366095137e-05         1.9369509673852910e-05
12                                    -1.5994472039640127e-03         4.0423966756366735e-03         1.7836699256743441e-03        -3.0262253754946844e-02         9.1955177301424821e-04        -2.5025643664833404e-02         1.0743329540253074e-03        -8.8895669551037181e-03
13                                     1.2220386367464979e-03         4.7961408800210143e-04        -3.2648323289413304e-03        -5.5309177749789029e-03         1.1875206721342355e-02         1.5618583103442447e-02         3.1819618860993489e-03        -7.3589336494959880e-03
14                                     5.9769062489458541e-04        -1.4817695218439344e-03        -4.8408802440416226e-05         6.7042633377422008e-03        -1.0440733169228382e-03        -3.7087172517340228e-03        -1.8162110100142926e-03         2.2729892953446927e-03
15                                    -1.5963000589869127e-03         4.0385039305144109e-03        -1.7944610803914865e-03        -3.0258594751748358e-02         9.6964825376062410e-04         2.5022899796922154e-02         1.0739300377027722e-03        -8.8979774238004752e-03
16                                     1.2174047039809003e-03         4.8604357809949776e-04         3.2625646743332467e-03        -5.5444963724672718e-03         1.1851549043887816e-02        -1.5641550020295547e-02         3.1850575726931566e-03        -7.3655357198223860e-03
17                                    -5.9925321929101298e-04         1.4798697783860752e-03        -6.1022916526698082e-05        -6.6914039447111516e-03         1.0174887233835479e-03        -3.6932113022399467e-03         1.8108436151404255e-03        -2.2574522097655279e-03
18                                    -4.7392798727146399e-02        -1.7770264001470081e-04         4.8453842085903007e-03         4.4047812092125310e-03        -1.4202377618465727e-02         2.6054676589566360e-02        -3.2402132523292977e-03        -3.1134066173861626e-03
19                                     1.7044114159469976e-03        -1.3118551020707980e-01         1.2968700694108784e-01         2.0960657022651031e-03        -1.4849240014410814e-02         1.5711467102115642e-02        -4.6959372283078013e-03        -1.5122306397870287e-03
20                                     1.8043154976363500e-03         1.2630694052237801e-01        -2.0899305143403502e-01        -1.1586528148977253e-03        -8.7790689980386328e-04         5.6402659362261550e-04         1.3295275643564934e-04        -1.2643284343960941e-03
21                                    -4.7398253768374143e-02        -6.2254933547088026e-05        -4.6922165234472603e-03         4.4315316626299932e-03        -1.4241883912631117e-02        -2.6025728110041856e-02        -3.2465680160052397e-03        -3.1152445634309561e-03
22                                     1.8192474053379468e-03        -1.3163648993355570e-01        -1.2982337400220068e-01         2.1171450514648957e-03        -1.4871743926666826e-02        -1.5677520909292652e-02        -4.7018216899248439e-03        -1.5087214383519626e-03
23                                    -1.6646618880415288e-03        -1.2644629350463199e-01        -2.0855593511620529e-01         1.1634726478814972e-03         8.9396392998747874e-04         5.6819434663471719e-04        -1.2812370715894659e-04         1.2626259265157980e-03
24                                    -2.2236451859954609e-01         1.2851724387291502e-01        -1.8971199467746237e-04        -2.5876670284675142e-02         2.1376076165846563e-02        -2.5694161519901717e-05         5.6763411500906809e-03         2.6820686435079233e-06
25                                     1.3271173654200516e-01        -1.4378159804105209e-01         1.3595096982403279e-04        -1.7189848311870821e-02         1.2217522618858161e-02        -2.1320963168007962e-05         1.5405053697916081e-03         1.6200105042971959e-03
26                                    -1.9272032278764547e-04         1.3338642154260921e-04        -4.7231757879008324e-02         7.6959249009124328e-06         3.1929474952574789e-06        -1.8748151092245775e-03         9.7155990260812240e-07        -4.5053488530412301e-06
27                                    -1.6497241285089691e-04        -5.5956461082510732e-04         1.0763265885531672e-06         1.0140068006630221e-02         2.5224924951980855e-02        -1.9002210080439124e-05        -7.1317407817817983e-03         5.9036061846263008e-03
28                                    -6.3685088628631604e-04         9.5105618816212004e-04        -1.7016872113525462e-06        -7.4008709270833167e-03        -1.1530159364419586e-02         6.2543370017660399e-06         4.5391784502252638e-03        -1.6977112165245849e-03
29                                     4.5709462175498514e-07         4.5555305572918609e-07         3.4992569863767788e-04         7.3469080198724002e-06        -1.3176702055128466e-06        -4.2746254841102543e-03        -2.5197588278097299e-06         4.4309641450744960e-06
30                                    -6.0250795537970196e-04         2.2312053367374175e-04         5.4761977218185053e-04         1.3982022817813661e-03        -2.8027676740275823e-03        -4.3807670458794572e-03        -7.0449876584400379e-04         1.0644978841657339e-03
31                                    -3.4114261985552998e-04         1.2273898285488369e-04         6.1452007613563091e-04         1.6166726816689355e-03        -4.1529180181742297e-03        -3.6252930736006307e-03         5.8248015183977558e-04         2.6074567597488153e-03
32                                     1.8115579128509854e-04        -7.5354607924081867e-05        -1.6384340232921530e-04         1.7235258179071795e-03        -7.2501723755137061e-04        -4.2808535966609512e-04         3.9910406595186762e-04         6.2980727952014880e-04
33                                     2.3999393117298364e-04        -5.6726986915086924e-05        -6.1018296860625490e-04         2.4334591199705905e-03        -4.7552019298151707e-03         1.4494260842283575e-03         4.9694146362592485e-04         2.1692963906158342e-03
34                                    -1.5646037974473628e-05        -3.3133273012241147e-04        -1.4890838138556463e-04         2.4363151090814467e-03        -1.4669438433104615e-03         1.3497299789120365e-03         5.3686045082564256e-04         1.4706903358774719e-03
35                                    -1.7049051769079965e-04         4.0704266019383692e-04        -2.4499133581171628e-04         5.1802872206731417e-05        -3.4471416404199141e-03         4.0448090889254307e-04         1.1806602179162073e-03         1.4618067845582460e-03
36                                    -6.0174206502241470e-04         2.2213202444687930e-04        -5.4770739994531518e-04         1.3999710432539391e-03        -2.7949444727670431e-03         4.3847721781892285e-03        -7.0581485789552320e-04         1.0648471980080334e-03
37                                    -3.4072208365627560e-04         1.2196519334574168e-04        -6.1470816483711384e-04         1.6154237203525280e-03        -4.1454199683044479e-03         3.6304427151729228e-03         5.7967609796839934e-04         2.6056042084162019e-03
38                                    -1.8031215835463254e-04         7.4949853910888115e-05        -1.6353413879875782e-04        -1.7251937816266047e-03         7.3015370946595982e-04        -4.3415312457924650e-04        -3.9890383450605512e-04        -6.3181055689523133e-04
39                                     2.3929545913089551e-04        -5.6567904007306583e-05         6.1099378962415631e-04         2.4340546449296663e-03        -4.7581745094205782e-03        -1.4403630800568781e-03         4.9905791047262830e-04         2.1672404199385422e-03
40                                    -1.5803485563097540e-05        -3.3130639058059907e-04         1.4912575518548159e-04         2.4364633065701502e-03        -1.4636549125924547e-03        -1.3498663771951750e-03         5.3293126079338206e-04         1.4683931431652072e-03
41                                     1.7079226807559592e-04        -4.0674038876382110e-04        -2.4530579538160175e-04        -5.5795371076390078e-05         3.4507276368352796e-03         4.0193664318843213e-04        -1.1812497891676259e-03        -1.4638875694935067e-03
                                                         8                           9                          10                          11                          12                          13                          14                          15

0                                     -6.6886406208818369e-08        -2.5914817014205421e-02        -1.3525288881796667e-02        -5.8511825853871735e-06        -1.5994472039640127e-03         1.2220386367464979e-03         5.9769062489458541e-04        -1.5963000589869127e-03
1                                      2.8029451259442891e-05         5.6451855462887335e-03         1.1124941857295949e-02        -3.6961322996216362e-07         4.0423966756366735e-03         4.7961408800210143e-04        -1.4817695218439344e-03         4.0385039305144109e-03
2                                      2.6191630628918994e-02        -3.7717884237906486e-06        -2.1260591061484209e-06         1.7528841156272935e-02         1.7836699256743441e-03        -3.2648323289413304e-03        -4.8408802440416226e-05        -1.7944610803914865e-03
3                                     -1.1152592838486302e-05        -1.6470825416551915e-01         5.1017156524250415e-02        -3.8173856711979558e-05        -3.0262253754946844e-02        -5.5309177749789029e-03         6.7042633377422008e-03        -3.0258594751748358e-02
4                                      3.1049332682332254e-04         1.8150993058009671e-02        -1.1247306846674866e-01         4.9963958027791364e-05         9.1955177301424821e-04         1.1875206721342355e-02        -1.0440733169228382e-03         9.6964825376062410e-04
5                                     -7.1545411154835453e-02        -2.2301562776815765e-05         4.3502790440391185e-05        -6.8093049167972999e-02        -2.5025643664833404e-02         1.5618583103442447e-02        -3.7087172517340228e-03         2.5022899796922154e-02
6                                      2.7162525018373566e-05         2.3838748647325714e-03         4.0444194621328595e-02        -2.0765841366095137e-05         1.0743329540253074e-03         3.1819618860993489e-03        -1.8162110100142926e-03         1.0739300377027722e-03
7                                     -3.6897860030988671e-04         4.3970327363231997e-02        -4.6696403252720349e-02         1.9369509673852910e-05        -8.8895669551037181e-03        -7.3589336494959880e-03         2.2729892953446927e-03        -8.8979774238004752e-03
8                                      2.8387275367741424e-02        -2.6631745197273466e-05         2.4006495854822290e-05         1.1738004906654609e-02         3.6677182513930790e-03        -8.0300970289791948e-04         8.0612071138230898e-04        -3.6537057893561626e-03
9                                     -2.6631745197273466e-05         5.0307789666995750e-01         1.8520188340798542e-02        -1.3746629358461424e-05        -1.1364117167355287e-01        -2.3864808824011468e-02        -9.2522642671057850e-02        -1.1357621402404713e-01
10                                     2.4006495854822290e-05         1.8520188340798542e-02         6.6604179018820520e-01        -3.3613743430027350e-04        -3.4409622088861030e-02        -9.0531517731180733e-02        -4.6854018269266919e-02        -3.4327733802514686e-02
11                                     1.1738004906654609e-02        -1.3746629358461424e-05        -3.3613743430027350e-04         1.9399525575818444e-01        -4.5381601564805807e-02        -2.1067433286353604e-02        -5.5338716203628756e-02         4.5448637099876107e-02
12                                     3.6677182513930790e-03        -1.1364117167355287e-01        -3.4409622088861030e-02        -4.5381601564805807e-02         3.7872967409422165e-01        -1.6589108838174374e-01         1.3689006672497445e-01        -3.2504834022698416e-02
13                                    -8.0300970289791948e-04        -2.3864808824011468e-02        -9.0531517731180733e-02        -2.1067433286353604e-02        -1.6589108838174374e-01         5.7521049030758631e-01         6.9203069890772267e-02         2.5671460982290575e-02
14                                     8.0612071138230898e-04        -9.2522642671057850e-02        -4.6854018269266919e-02        -5.5338716203628756e-02         1.3689006672497445e-01         6.9203069890772267e-02         5.3638088717125032e-01         2.0618496806709293e-02
15                                    -3.6537057893561626e-03        -1.1357621402404713e-01        -3.4327733802514686e-02         4.5448637099876107e-02        -3.2504834022698416e-02         2.5671460982290575e-02         2.0618496806709293e-02         3.7862171740605466e-01
16                                     8.1544494930515274e-04        -2.3705509120086756e-02        -9.0404835268407591e-02         2.1123682528065558e-02         2.5641815287514708e-02        -6.3126006794297029e-02         1.1168159421244191e-02        -1.6612475590397341e-01
