
$orca_hessian_file

$act_atom
  0

$act_coord
  0

$act_energy
        0.000000

$multiplicity
  1

$hessian
42
                    0                  1                  2                  3                  4        
    0      5.0892208451E-01  -7.5238363623E-02   5.8057726065E-05  -1.7182869391E-01  -3.0466525458E-02
    1     -7.5238363623E-02   5.3613597328E-01  -1.8179782811E-05  -2.7782761507E-02  -9.2112656011E-02
    2      5.8057726065E-05  -1.8179782811E-05   5.0820491355E-01  -2.2026747368E-05  -8.2935712325E-06
    3     -1.7182869391E-01  -2.7782761507E-02  -2.2026747368E-05   5.0522551002E-01  -6.7095541294E-03
    4     -3.0466525458E-02  -9.2112656011E-02  -8.2935712325E-06  -6.7095541294E-03   8.9881496626E-01
    5      2.1876012933E-07  -1.4318929922E-06  -8.6567460211E-02   4.4759010276E-05  -3.5128003345E-04
    6      1.0062677815E-02  -3.8732854764E-02   1.3945166585E-05  -1.0893311112E-01   1.4013824895E-02
    7     -1.8116281243E-02  -5.0043439856E-02   3.2420632631E-05   6.8996175334E-03  -6.7769344012E-01
    8     -6.6886406209E-08   2.8029451259E-05   2.6191630629E-02  -1.1152592838E-05   3.1049332682E-04
    9     -2.5914817014E-02   5.6451855463E-03  -3.7717884238E-06  -1.6470825417E-01   1.8150993058E-02
   10     -1.3525288882E-02   1.1124941857E-02  -2.1260591061E-06   5.1017156524E-02  -1.1247306847E-01
   11     -5.8511825854E-06  -3.6961322996E-07   1.7528841156E-02  -3.8173856712E-05   4.9963958028E-05
   12     -1.5994472040E-03   4.0423966756E-03   1.7836699257E-03  -3.0262253755E-02   9.1955177301E-04
   13      1.2220386367E-03   4.7961408800E-04  -3.2648323289E-03  -5.5309177750E-03   1.1875206721E-02
   14      5.9769062489E-04  -1.4817695218E-03  -4.8408802440E-05   6.7042633377E-03  -1.0440733169E-03
   15     -1.5963000590E-03   4.0385039305E-03  -1.7944610804E-03  -3.0258594752E-02   9.6964825376E-04
   16      1.2174047040E-03   4.8604357810E-04   3.2625646743E-03  -5.5444963725E-03   1.1851549044E-02
   17     -5.9925321929E-04   1.4798697784E-03  -6.1022916527E-05  -6.6914039447E-03   1.0174887234E-03
   18     -4.7392798727E-02  -1.7770264001E-04   4.8453842086E-03   4.4047812092E-03  -1.4202377618E-02
   19      1.7044114159E-03  -1.3118551021E-01   1.2968700694E-01   2.0960657023E-03  -1.4849240014E-02
   20      1.8043154976E-03   1.2630694052E-01  -2.0899305143E-01  -1.1586528149E-03  -8.7790689980E-04
   21     -4.7398253768E-02  -6.2254933547E-05  -4.6922165234E-03   4.4315316626E-03  -1.4241883913E-02
   22      1.8192474053E-03  -1.3163648993E-01  -1.2982337400E-01   2.1171450515E-03  -1.4871743927E-02
   23     -1.6646618880E-03  -1.2644629350E-01  -2.0855593512E-01   1.1634726479E-03   8.9396392999E-04
   24     -2.2236451860E-01   1.2851724387E-01  -1.8971199468E-04  -2.5876670285E-02   2.1376076166E-02
   25      1.3271173654E-01  -1.4378159804E-01   1.3595096982E-04  -1.7189848312E-02   1.2217522619E-02
   26     -1.9272032279E-04   1.3338642154E-04  -4.7231757879E-02   7.6959249009E-06   3.1929474953E-06
   27     -1.6497241285E-04  -5.5956461083E-04   1.0763265886E-06   1.0140068007E-02   2.5224924952E-02
   28     -6.3685088629E-04   9.5105618816E-04  -1.7016872114E-06  -7.4008709271E-03  -1.1530159364E-02
   29      4.5709462175E-07   4.5555305573E-07   3.4992569864E-04   7.3469080199E-06  -1.3176702055E-06
   30     -6.0250795538E-04   2.2312053367E-04   5.4761977218E-04   1.3982022818E-03  -2.8027676740E-03
   31     -3.4114261986E-04   1.2273898285E-04   6.1452007614E-04   1.6166726817E-03  -4.1529180182E-03
   32      1.8115579129E-04  -7.5354607924E-05  -1.6384340233E-04   1.7235258179E-03  -7.2501723755E-04
   33      2.3999393117E-04  -5.6726986915E-05  -6.1018296861E-04   2.4334591200E-03  -4.7552019298E-03
   34     -1.5646037974E-05  -3.3133273012E-04  -1.4890838139E-04   2.4363151091E-03  -1.4669438433E-03
   35     -1.7049051769E-04   4.0704266019E-04  -2.4499133581E-04   5.1802872207E-05  -3.4471416404E-03
   36     -6.0174206502E-04   2.2213202445E-04  -5.4770739995E-04   1.3999710433E-03  -2.7949444728E-03
   37     -3.4072208366E-04   1.2196519335E-04  -6.1470816484E-04   1.6154237204E-03  -4.1454199683E-03
   38     -1.8031215835E-04   7.4949853911E-05  -1.6353413880E-04  -1.7251937816E-03   7.3015370947E-04
   39      2.3929545913E-04  -5.6567904007E-05   6.1099378962E-04   2.4340546449E-03  -4.7581745094E-03
   40     -1.5803485563E-05  -3.3130639058E-04   1.4912575519E-04   2.4364633066E-03  -1.4636549126E-03
   41      1.7079226808E-04  -4.0674038876E-04  -2.4530579538E-04  -5.5795371076E-05   3.4507276368E-03
                    5                  6                  7                  8                  9        
    0      2.1876012933E-07   1.0062677815E-02  -1.8116281243E-02  -6.6886406209E-08  -2.5914817014E-02
    1     -1.4318929922E-06  -3.8732854764E-02  -5.0043439856E-02   2.8029451259E-05   5.6451855463E-03
    2     -8.6567460211E-02   1.3945166585E-05   3.2420632631E-05   2.6191630629E-02  -3.7717884238E-06
    3      4.4759010276E-05  -1.0893311112E-01   6.8996175334E-03  -1.1152592838E-05  -1.6470825417E-01
    4     -3.5128003345E-04   1.4013824895E-02  -6.7769344012E-01   3.1049332682E-04   1.8150993058E-02
    5      2.3868088967E-01  -1.7719993826E-05   3.0732938047E-04  -7.1545411155E-02  -2.2301562777E-05
    6     -1.7719993826E-05   1.0269479060E-01  -2.1057847658E-02   2.7162525018E-05   2.3838748647E-03
    7      3.0732938047E-04  -2.1057847658E-02   7.8410426094E-01  -3.6897860031E-04   4.3970327363E-02
    8     -7.1545411155E-02   2.7162525018E-05  -3.6897860031E-04   2.8387275368E-02  -2.6631745197E-05
    9     -2.2301562777E-05   2.3838748647E-03   4.3970327363E-02  -2.6631745197E-05   5.0307789667E-01
   10      4.3502790440E-05   4.0444194621E-02  -4.6696403253E-02   2.4006495855E-05   1.8520188341E-02
   11     -6.8093049168E-02  -2.0765841366E-05   1.9369509674E-05   1.1738004907E-02  -1.3746629358E-05
   12     -2.5025643665E-02   1.0743329540E-03  -8.8895669551E-03   3.6677182514E-03  -1.1364117167E-01
   13      1.5618583103E-02   3.1819618861E-03  -7.3589336495E-03  -8.0300970290E-04  -2.3864808824E-02
   14     -3.7087172517E-03  -1.8162110100E-03   2.2729892953E-03   8.0612071138E-04  -9.2522642671E-02
   15      2.5022899797E-02   1.0739300377E-03  -8.8979774238E-03  -3.6537057894E-03  -1.1357621402E-01
   16     -1.5641550020E-02   3.1850575727E-03  -7.3655357198E-03   8.1544494931E-04  -2.3705509120E-02
   17     -3.6932113022E-03   1.8108436151E-03  -2.2574522098E-03   8.1107022172E-04   9.2566838040E-02
   18      2.6054676590E-02  -3.2402132523E-03  -3.1134066174E-03  -3.7280565792E-03  -1.3013728946E-03
   19      1.5711467102E-02  -4.6959372283E-03  -1.5122306398E-03  -2.8070408950E-03   6.9902988998E-04
   20      5.6402659362E-04   1.3295275644E-04  -1.2643284344E-03  -7.1865743414E-04   1.3394435567E-04
   21     -2.6025728110E-02  -3.2465680160E-03  -3.1152445634E-03   3.7294288947E-03  -1.3008555768E-03
   22     -1.5677520909E-02  -4.7018216899E-03  -1.5087214384E-03   2.7991346211E-03   7.0032435981E-04
   23      5.6819434663E-04  -1.2812370716E-04   1.2626259265E-03  -7.2123936570E-04  -1.3516241050E-04
   24     -2.5694161520E-05   5.6763411501E-03   2.6820686435E-06   3.6675543883E-06  -2.4438556169E-03
   25     -2.1320963168E-05   1.5405053698E-03   1.6200105043E-03   4.6782681239E-07  -1.7241473611E-03
   26     -1.8748151092E-03   9.7155990261E-07  -4.5053488530E-06  -1.1189112912E-03   1.5474665130E-06
   27     -1.9002210080E-05  -7.1317407818E-03   5.9036061846E-03  -2.3975167202E-06  -5.0001286825E-02
   28      6.2543370018E-06   4.5391784502E-03  -1.6977112165E-03   3.0655023040E-06  -9.5966090887E-03
   29     -4.2746254841E-03  -2.5197588278E-06   4.4309641451E-06   3.5273165626E-03   5.9024311408E-07
   30     -4.3807670459E-03  -7.0449876584E-04   1.0644978842E-03   4.0852809714E-04  -1.7325625044E-02
   31     -3.6252930736E-03   5.8248015184E-04   2.6074567597E-03   1.2644797623E-03  -1.4253993015E-02
   32     -4.2808535967E-04   3.9910406595E-04   6.2980727952E-04   1.0039666621E-03  -1.0433124223E-03
   33      1.4494260842E-03   4.9694146363E-04   2.1692963906E-03   6.9253120477E-04   1.0372104989E-03
   34      1.3497299789E-03   5.3686045083E-04   1.4706903359E-03   3.8472112391E-04  -1.4848687570E-04
   35      4.0448090889E-04   1.1806602179E-03   1.4618067846E-03   3.1383675724E-04  -1.0476870980E-03
   36      4.3847721782E-03  -7.0581485790E-04   1.0648471980E-03  -4.0971973583E-04  -1.7321423617E-02
   37      3.6304427152E-03   5.7967609797E-04   2.6056042084E-03  -1.2667515910E-03  -1.4249148007E-02
   38     -4.3415312458E-04  -3.9890383451E-04  -6.3181055690E-04   1.0067944953E-03   1.0663092507E-03
   39     -1.4403630801E-03   4.9905791047E-04   2.1672404199E-03  -6.9745165394E-04   1.0358944183E-03
   40     -1.3498663772E-03   5.3293126079E-04   1.4683931432E-03  -3.8387932352E-04  -1.4496959097E-04
   41      4.0193664319E-04  -1.1812497892E-03  -1.4638875695E-03   3.1820293223E-04   1.0458013116E-03
                   10                 11                 12                 13                 14        
    0     -1.3525288882E-02  -5.8511825854E-06  -1.5994472040E-03   1.2220386367E-03   5.9769062489E-04
    1      1.1124941857E-02  -3.6961322996E-07   4.0423966756E-03   4.7961408800E-04  -1.4817695218E-03
    2     -2.1260591061E-06   1.7528841156E-02   1.7836699257E-03  -3.2648323289E-03  -4.8408802440E-05
    3      5.1017156524E-02  -3.8173856712E-05  -3.0262253755E-02  -5.5309177750E-03   6.7042633377E-03
    4     -1.1247306847E-01   4.9963958028E-05   9.1955177301E-04   1.1875206721E-02  -1.0440733169E-03
    5      4.3502790440E-05  -6.8093049168E-02  -2.5025643665E-02   1.5618583103E-02  -3.7087172517E-03
    6      4.0444194621E-02  -2.0765841366E-05   1.0743329540E-03   3.1819618861E-03  -1.8162110100E-03
    7     -4.6696403253E-02   1.9369509674E-05  -8.8895669551E-03  -7.3589336495E-03   2.2729892953E-03
    8      2.4006495855E-05   1.1738004907E-02   3.6677182514E-03  -8.0300970290E-04   8.0612071138E-04
    9      1.8520188341E-02  -1.3746629358E-05  -1.1364117167E-01  -2.3864808824E-02  -9.2522642671E-02
   10      6.6604179019E-01  -3.3613743430E-04  -3.4409622089E-02  -9.0531517731E-02  -4.6854018269E-02
   11     -3.3613743430E-04   1.9399525576E-01  -4.5381601565E-02  -2.1067433286E-02  -5.5338716204E-02
   12     -3.4409622089E-02  -4.5381601565E-02   3.7872967409E-01  -1.6589108838E-01   1.3689006672E-01
   13     -9.0531517731E-02  -2.1067433286E-02  -1.6589108838E-01   5.7521049031E-01   6.9203069891E-02
   14     -4.6854018269E-02  -5.5338716204E-02   1.3689006672E-01   6.9203069891E-02   5.3638088717E-01
   15     -3.4327733803E-02   4.5448637100E-02  -3.2504834023E-02   2.5671460982E-02   2.0618496807E-02
   16     -9.0404835268E-02   2.1123682528E-02   2.5641815288E-02  -6.3126006794E-02   1.1168159421E-02
   17      4.6914601633E-02  -5.5458988754E-02  -2.0715159245E-02  -1.1449875444E-02  -2.3957461435E-01
   18      1.9617006025E-04  -2.7564012975E-03  -1.8546285846E-04   9.5051323613E-04  -5.0946221039E-04
   19      7.9163356862E-04  -2.0615281403E-03  -3.8874625574E-04   1.0937974899E-04   6.4091259210E-05
   20      5.8882181654E-04   4.3425832104E-04   8.4572802091E-05   3.1002625669E-05  -2.4648042028E-05
   21      1.9941541307E-04   2.7526912225E-03   1.4300851174E-03  -9.9162914870E-05  -8.2683639238E-05
   22      7.9359500419E-04   2.0594694300E-03  -1.1393323322E-05  -1.9987717677E-04   1.6949381366E-04
   23     -5.8857194025E-04   4.3307581252E-04  -1.8879853658E-04   3.2038570515E-04   1.1015650889E-04
   24     -4.6128769997E-03   6.5660728083E-07  -8.0150093243E-04   2.5158896954E-04   4.2458434762E-04
   25     -2.3971296604E-03   4.6466194054E-06  -6.1033823387E-04   2.1519479516E-04   1.0122494552E-04
   26      1.4894705928E-06   2.9089574956E-03   3.3034025313E-04  -2.8338319753E-04   4.4440206839E-05
   27     -9.0478320026E-03   4.0497309996E-06  -3.9961936614E-03  -1.6780642432E-02   1.4434808232E-03
   28     -3.3110094132E-01   2.1550465087E-04   1.7241607611E-05  -4.6512709395E-03   1.2726885799E-03
   29      2.1527939938E-04  -3.2637536059E-02   1.5355609231E-03  -2.3614822722E-02  -1.6009233259E-03
   30      1.6788503481E-02  -1.1520259765E-02  -1.4812186662E-01   1.1818318740E-01  -8.7338117493E-02
   31      9.7185153695E-03  -9.7377758186E-03   1.2072893723E-01  -1.6356636727E-01   8.3131161891E-02
   32     -7.1306078475E-04  -3.9454915132E-03  -8.6436846411E-02   7.9079759897E-02  -1.0760383979E-01
   33     -2.4032627560E-02  -1.2210786849E-02  -5.3066883664E-02   6.4245141672E-02   2.4896088222E-02
   34     -1.2305310234E-02  -6.2029535546E-03   6.1013212446E-02  -2.6285468323E-01  -1.1413001057E-01
   35     -5.3946249507E-05  -3.7934579076E-03   2.1330145600E-02  -1.1040074978E-01  -1.0169382036E-01
   36      1.6802501693E-02   1.1496834564E-02   7.4631939030E-03  -1.1413895444E-02  -5.2889993312E-03
   37      9.7317087020E-03   9.7194876699E-03   1.3364892922E-03  -4.2449536099E-03   3.4244586401E-05
   38      6.8754753262E-04  -3.9643548638E-03   1.7791681107E-02  -1.7846808984E-02  -1.3596514829E-02
   39     -2.4010525473E-02   1.2244943421E-02  -4.5176716765E-03   9.8369412919E-03  -4.0924819584E-03
   40     -1.2292978756E-02   6.2144514294E-03  -3.4612073828E-03   8.6437247408E-03  -3.9026288153E-03
   41      7.2233651205E-05  -3.8067989812E-03  -5.5897787395E-03   2.4473491030E-02  -1.4151401648E-02
                   15                 16                 17                 18                 19        
    0     -1.5963000590E-03   1.2174047040E-03  -5.9925321929E-04  -4.7392798727E-02   1.7044114159E-03
    1      4.0385039305E-03   4.8604357810E-04   1.4798697784E-03  -1.7770264001E-04  -1.3118551021E-01
    2     -1.7944610804E-03   3.2625646743E-03  -6.1022916527E-05   4.8453842086E-03   1.2968700694E-01
    3     -3.0258594752E-02  -5.5444963725E-03  -6.6914039447E-03   4.4047812092E-03   2.0960657023E-03
    4      9.6964825376E-04   1.1851549044E-02   1.0174887234E-03  -1.4202377618E-02  -1.4849240014E-02
    5      2.5022899797E-02  -1.5641550020E-02  -3.6932113022E-03   2.6054676590E-02   1.5711467102E-02
    6      1.0739300377E-03   3.1850575727E-03   1.8108436151E-03  -3.2402132523E-03  -4.6959372283E-03
    7     -8.8979774238E-03  -7.3655357198E-03  -2.2574522098E-03  -3.1134066174E-03  -1.5122306398E-03
    8     -3.6537057894E-03   8.1544494931E-04   8.1107022172E-04  -3.7280565792E-03  -2.8070408950E-03
    9     -1.1357621402E-01  -2.3705509120E-02   9.2566838040E-02  -1.3013728946E-03   6.9902988998E-04
   10     -3.4327733803E-02  -9.0404835268E-02   4.6914601633E-02   1.9617006025E-04   7.9163356862E-04
   11      4.5448637100E-02   2.1123682528E-02  -5.5458988754E-02  -2.7564012975E-03  -2.0615281403E-03
   12     -3.2504834023E-02   2.5641815288E-02  -2.0715159245E-02  -1.8546285846E-04  -3.8874625574E-04
   13      2.5671460982E-02  -6.3126006794E-02  -1.1449875444E-02   9.5051323613E-04   1.0937974899E-04
   14      2.0618496807E-02   1.1168159421E-02  -2.3957461435E-01  -5.0946221039E-04   6.4091259210E-05
   15      3.7862171741E-01  -1.6612475590E-01  -1.3658176794E-01   1.4309178488E-03  -1.0861180581E-05
   16     -1.6612475590E-01   5.7498686084E-01  -6.9212858953E-02  -9.9099237663E-05  -2.0126934073E-04
   17     -1.3658176794E-01  -6.9212858953E-02   5.3665251260E-01   8.3164696120E-05  -1.6831300762E-04
   18      1.4309178488E-03  -9.9099237663E-05   8.3164696120E-05   4.5747994650E-02   2.0737643683E-03
   19     -1.0861180581E-05  -2.0126934073E-04  -1.6831300762E-04   2.0737643683E-03   1.4458275247E-01
   20      1.8969118057E-04  -3.1997107929E-04   1.1084433556E-04  -1.9974362853E-03  -1.3801407894E-01
   21     -1.8549053852E-04   9.5072834477E-04   5.0722259851E-04  -6.9655020959E-04   9.2304957080E-04
   22     -3.8947766543E-04   1.0879625406E-04  -6.4125109444E-05   9.0625182573E-04   1.1599658764E-02
   23     -8.4293314177E-05  -3.0618243541E-05  -2.4205311031E-05  -6.4943055401E-04  -1.6468774746E-02
   24     -8.0037097863E-04   2.5061382548E-04  -4.2498328422E-04   2.0056066984E-03  -2.5711329931E-03
   25     -6.1012040171E-04   2.1546659031E-04  -1.0161394830E-04   1.3306426082E-02  -9.5213755032E-03
   26     -3.3046514077E-04   2.8319420324E-04   4.4279229977E-05  -2.1603877310E-02   1.3870979208E-02
   27     -3.9980353499E-03  -1.6776661949E-02  -1.4175739291E-03  -6.2010441632E-04  -5.0373461923E-05
   28      1.3994107785E-05  -4.6204757948E-03  -1.2680849878E-03   3.7054279149E-04   1.7613456164E-04
   29     -1.5301804575E-03   2.3625766307E-02  -1.6323461153E-03   1.7611500904E-04   5.9266729106E-05
   30      7.4599251338E-03  -1.1401692555E-02   5.3023363113E-03  -2.3626200051E-04  -6.3735459117E-05
   31      1.3093853069E-03  -4.2179575167E-03  -4.8269750814E-05  -1.9592186593E-04   7.5621890068E-06
   32     -1.7800142533E-02   1.7835122814E-02  -1.3621572979E-02   7.2694118767E-06   5.4514158665E-05
   33     -4.5146974980E-03   9.8372093331E-03   4.0763311160E-03   1.2444827971E-04   8.4923618095E-05
   34     -3.4521040046E-03   8.6124588556E-03   3.8688413658E-03  -3.1057126061E-05  -5.3111439637E-05
   35      5.5925403687E-03  -2.4510622342E-02  -1.4123042347E-02   7.3119816375E-05   1.1485276281E-04
   36     -1.4807415069E-01   1.1829628988E-01   8.7167033650E-02   6.3388302040E-05   7.3100803101E-05
   37      1.2083768515E-01  -1.6381532057E-01  -8.3077260401E-02   1.0874632227E-04   7.8292873396E-05
   38      8.6262430115E-02  -7.9025323181E-02  -1.0740178623E-01   1.7524996349E-05  -1.8174382612E-05
   39     -5.3077802516E-02   6.4234627120E-02  -2.5007054718E-02  -1.0437262923E-04   1.2790507717E-04
   40      6.1010821721E-02  -2.6250977415E-01   1.1436147877E-01  -9.4313447412E-05  -2.2677029433E-05
   41     -2.1436252852E-02   1.1063258246E-01  -1.0202791608E-01  -1.0377858784E-05  -3.9921162732E-05
                   20                 21                 22                 23                 24        
    0      1.8043154976E-03  -4.7398253768E-02   1.8192474053E-03  -1.6646618880E-03  -2.2236451860E-01
    1      1.2630694052E-01  -6.2254933547E-05  -1.3163648993E-01  -1.2644629350E-01   1.2851724387E-01
    2     -2.0899305143E-01  -4.6922165234E-03  -1.2982337400E-01  -2.0855593512E-01  -1.8971199468E-04
    3     -1.1586528149E-03   4.4315316626E-03   2.1171450515E-03   1.1634726479E-03  -2.5876670285E-02
    4     -8.7790689980E-04  -1.4241883913E-02  -1.4871743927E-02   8.9396392999E-04   2.1376076166E-02
    5      5.6402659362E-04  -2.6025728110E-02  -1.5677520909E-02   5.6819434663E-04  -2.5694161520E-05
    6      1.3295275644E-04  -3.2465680160E-03  -4.7018216899E-03  -1.2812370716E-04   5.6763411501E-03
    7     -1.2643284344E-03  -3.1152445634E-03  -1.5087214384E-03   1.2626259265E-03   2.6820686435E-06
    8     -7.1865743414E-04   3.7294288947E-03   2.7991346211E-03  -7.2123936570E-04   3.6675543883E-06
    9      1.3394435567E-04  -1.3008555768E-03   7.0032435981E-04  -1.3516241050E-04  -2.4438556169E-03
   10      5.8882181654E-04   1.9941541307E-04   7.9359500419E-04  -5.8857194025E-04  -4.6128769997E-03
   11      4.3425832104E-04   2.7526912225E-03   2.0594694300E-03   4.3307581252E-04   6.5660728083E-07
   12      8.4572802091E-05   1.4300851174E-03  -1.1393323322E-05  -1.8879853658E-04  -8.0150093243E-04
   13      3.1002625669E-05  -9.9162914870E-05  -1.9987717677E-04   3.2038570515E-04   2.5158896954E-04
   14     -2.4648042028E-05  -8.2683639238E-05   1.6949381366E-04   1.1015650889E-04   4.2458434762E-04
   15      1.8969118057E-04  -1.8549053852E-04  -3.8947766543E-04  -8.4293314177E-05  -8.0037097863E-04
   16     -3.1997107929E-04   9.5072834477E-04   1.0879625406E-04  -3.0618243541E-05   2.5061382548E-04
   17      1.1084433556E-04   5.0722259851E-04  -6.4125109444E-05  -2.4205311031E-05  -4.2498328422E-04
   18     -1.9974362853E-03  -6.9655020959E-04   9.0625182573E-04  -6.4943055401E-04   2.0056066984E-03
   19     -1.3801407894E-01   9.2304957080E-04   1.1599658764E-02  -1.6468774746E-02  -2.5711329931E-03
   20      2.2858975066E-01   6.6671092561E-04   1.6413375892E-02  -2.0779223591E-02   6.5756924990E-06
   21      6.6671092561E-04   4.5752371295E-02   1.9478520545E-03   1.8260989182E-03   1.9866426740E-03
   22      1.6413375892E-02   1.9478520545E-03   1.4506725855E-01   1.3816389008E-01  -2.5591578341E-03
   23     -2.0779223591E-02   1.8260989182E-03   1.3816389008E-01   2.2811497139E-01  -1.2147147709E-06
   24      6.5756924990E-06   1.9866426740E-03  -2.5591578341E-03  -1.2147147709E-06   2.4247889957E-01
   25     -2.3859903677E-03   1.3339168867E-02  -9.5398069678E-03   2.4166198779E-03  -1.4041214972E-01
   26      1.0205948669E-03   2.1580789405E-02  -1.3854959000E-02   1.0583978007E-03   2.0565865369E-04
   27      2.5866053075E-04  -6.2060466822E-04  -5.0368820252E-05  -2.5937957477E-04   5.2971406246E-04
   28     -3.5494859730E-04   3.6988396198E-04   1.7732644570E-04   3.5496152573E-04  -1.3526544764E-04
   29     -2.0138453499E-04  -1.7698148065E-04  -5.9734811514E-05  -2.0157043703E-04   2.2165169648E-07
   30      4.0945918349E-05   6.3356101635E-05   7.3052630428E-05  -3.1140720335E-05  -1.9653479952E-04
   31     -2.8838272318E-06   1.0873254316E-04   7.8273258174E-05  -2.7253640269E-05  -1.2655268279E-04
   32     -1.6462793077E-05  -1.7603048802E-05   1.8189949593E-05   1.0724167255E-05   4.7450436947E-05
   33     -3.1388123308E-05  -1.0400470931E-04   1.2856041299E-04   1.6399439383E-04   1.2601534940E-06
   34     -5.3558766810E-05  -9.4491106580E-05  -2.2502124337E-05   7.8117190247E-05   7.0426177139E-05
   35      3.5419069800E-06   1.0708258109E-05   4.0053424081E-05  -4.4773191324E-07  -1.2613013112E-04
   36      3.1092167731E-05  -2.3611481909E-04  -6.3901216086E-05  -4.1042244379E-05  -1.9628064456E-04
   37      2.7247830699E-05  -1.9575764037E-04   7.5385162441E-06   2.7400935302E-06  -1.2648696581E-04
   38      1.0688172889E-05  -6.9990060693E-06  -5.4550536873E-05  -1.6410573291E-05  -4.7169795107E-05
   39     -1.6419723679E-04   1.2445545555E-04   8.4860286052E-05   3.1471708107E-05   1.2675524209E-06
   40     -7.8068663519E-05  -3.1209160739E-05  -5.3305225408E-05   5.3723818000E-05   7.0456804082E-05
   41     -2.7702366616E-07  -7.3228417854E-05  -1.1485891122E-04   3.5120984540E-06   1.2602764646E-04
                   25                 26                 27                 28                 29        
    0      1.3271173654E-01  -1.9272032279E-04  -1.6497241285E-04  -6.3685088629E-04   4.5709462175E-07
    1     -1.4378159804E-01   1.3338642154E-04  -5.5956461083E-04   9.5105618816E-04   4.5555305573E-07
    2      1.3595096982E-04  -4.7231757879E-02   1.0763265886E-06  -1.7016872114E-06   3.4992569864E-04
    3     -1.7189848312E-02   7.6959249009E-06   1.0140068007E-02  -7.4008709271E-03   7.3469080199E-06
    4      1.2217522619E-02   3.1929474953E-06   2.5224924952E-02  -1.1530159364E-02  -1.3176702055E-06
    5     -2.1320963168E-05  -1.8748151092E-03  -1.9002210080E-05   6.2543370018E-06  -4.2746254841E-03
    6      1.5405053698E-03   9.7155990261E-07  -7.1317407818E-03   4.5391784502E-03  -2.5197588278E-06
    7      1.6200105043E-03  -4.5053488530E-06   5.9036061846E-03  -1.6977112165E-03   4.4309641451E-06
    8      4.6782681239E-07  -1.1189112912E-03  -2.3975167202E-06   3.0655023040E-06   3.5273165626E-03
    9     -1.7241473611E-03   1.5474665130E-06  -5.0001286825E-02  -9.5966090887E-03   5.9024311408E-07
   10     -2.3971296604E-03   1.4894705928E-06  -9.0478320026E-03  -3.3110094132E-01   2.1527939938E-04
   11      4.6466194054E-06   2.9089574956E-03   4.0497309996E-06   2.1550465087E-04  -3.2637536059E-02
   12     -6.1033823387E-04   3.3034025313E-04  -3.9961936614E-03   1.7241607611E-05   1.5355609231E-03
   13      2.1519479516E-04  -2.8338319753E-04  -1.6780642432E-02  -4.6512709395E-03  -2.3614822722E-02
   14      1.0122494552E-04   4.4440206839E-05   1.4434808232E-03   1.2726885799E-03  -1.6009233259E-03
   15     -6.1012040171E-04  -3.3046514077E-04  -3.9980353499E-03   1.3994107785E-05  -1.5301804575E-03
   16      2.1546659031E-04   2.8319420324E-04  -1.6776661949E-02  -4.6204757948E-03   2.3625766307E-02
   17     -1.0161394830E-04   4.4279229977E-05  -1.4175739291E-03  -1.2680849878E-03  -1.6323461153E-03
   18      1.3306426082E-02  -2.1603877310E-02  -6.2010441632E-04   3.7054279149E-04   1.7611500904E-04
   19     -9.5213755032E-03   1.3870979208E-02  -5.0373461923E-05   1.7613456164E-04   5.9266729106E-05
   20     -2.3859903677E-03   1.0205948669E-03   2.5866053075E-04  -3.5494859730E-04  -2.0138453499E-04
   21      1.3339168867E-02   2.1580789405E-02  -6.2060466822E-04   3.6988396198E-04  -1.7698148065E-04
   22     -9.5398069678E-03  -1.3854959000E-02  -5.0368820252E-05   1.7732644570E-04  -5.9734811514E-05
   23      2.4166198779E-03   1.0583978007E-03  -2.5937957477E-04   3.5496152573E-04  -2.0157043703E-04
   24     -1.4041214972E-01   2.0565865369E-04   5.2971406246E-04  -1.3526544764E-04   2.2165169648E-07
   25      1.5062668893E-01  -1.4924365805E-04  -1.4903909826E-04   2.9128620383E-04  -4.9834652829E-07
   26     -1.4924365805E-04   4.5515645228E-02   2.8685311729E-07  -1.0053346613E-07  -2.4929964236E-04
   27     -1.4903909826E-04   2.8685311729E-07   5.7035744226E-02   1.3664687844E-02  -1.0941166634E-05
   28      2.9128620383E-04  -1.0053346613E-07   1.3664687844E-02   3.5014056828E-01  -2.2770916292E-04
   29     -4.9834652829E-07  -2.4929964236E-04  -1.0941166634E-05  -2.2770916292E-04   3.5777381746E-02
   30     -1.4659206473E-04   1.3947092668E-04   1.6059452991E-03   1.3024287672E-04   2.1601397632E-03
   31     -5.6912910055E-05   6.7670538317E-05   7.5633070632E-05   8.9018426989E-04   1.4264368515E-03
   32      4.3978702111E-05  -3.3990977303E-05  -1.0256962145E-03  -1.3582722226E-04   5.5305212737E-04
   33      4.7745281918E-05  -3.9264123420E-05  -2.1928075161E-03  -6.9183875766E-04  -4.0173643868E-03
   34      8.3884622469E-05   1.7896909602E-05  -8.0778847276E-04   4.1349048156E-05  -2.2514858182E-03
   35     -7.6099336472E-05  -2.4992610905E-05   9.0651693140E-04   5.7771097331E-04   1.8877853252E-05
   36     -1.4665769098E-04  -1.3953138284E-04   1.6057214592E-03   1.2717694830E-04  -2.1607787726E-03
   37     -5.7073046249E-05  -6.7670772228E-05   7.6811217937E-05   8.8880215124E-04  -1.4272486376E-03
   38     -4.3917085352E-05  -3.3784609528E-05   1.0255264532E-03   1.3549671124E-04   5.5532477349E-04
   39      4.7845496761E-05   3.9158727352E-05  -2.1914474225E-03  -6.8628013152E-04   4.0182740090E-03
   40      8.3841866800E-05  -1.8042128381E-05  -8.0862577095E-04   4.3851485088E-05   2.2513250303E-03
   41      7.5889703031E-05  -2.4762708086E-05  -9.0454661613E-04  -5.7745375438E-04   1.5806837806E-05
                   30                 31                 32                 33                 34        
    0     -6.0250795538E-04  -3.4114261986E-04   1.8115579129E-04   2.3999393117E-04  -1.5646037974E-05
    1      2.2312053367E-04   1.2273898285E-04  -7.5354607924E-05  -5.6726986915E-05  -3.3133273012E-04
    2      5.4761977218E-04   6.1452007614E-04  -1.6384340233E-04  -6.1018296861E-04  -1.4890838139E-04
    3      1.3982022818E-03   1.6166726817E-03   1.7235258179E-03   2.4334591200E-03   2.4363151091E-03
    4     -2.8027676740E-03  -4.1529180182E-03  -7.2501723755E-04  -4.7552019298E-03  -1.4669438433E-03
    5     -4.3807670459E-03  -3.6252930736E-03  -4.2808535967E-04   1.4494260842E-03   1.3497299789E-03
    6     -7.0449876584E-04   5.8248015184E-04   3.9910406595E-04   4.9694146363E-04   5.3686045083E-04
    7      1.0644978842E-03   2.6074567597E-03   6.2980727952E-04   2.1692963906E-03   1.4706903359E-03
    8      4.0852809714E-04   1.2644797623E-03   1.0039666621E-03   6.9253120477E-04   3.8472112391E-04
    9     -1.7325625044E-02  -1.4253993015E-02  -1.0433124223E-03   1.0372104989E-03  -1.4848687570E-04
   10      1.6788503481E-02   9.7185153695E-03  -7.1306078475E-04  -2.4032627560E-02  -1.2305310234E-02
   11     -1.1520259765E-02  -9.7377758186E-03  -3.9454915132E-03  -1.2210786849E-02  -6.2029535546E-03
   12     -1.4812186662E-01   1.2072893723E-01  -8.6436846411E-02  -5.3066883664E-02   6.1013212446E-02
   13      1.1818318740E-01  -1.6356636727E-01   7.9079759897E-02   6.4245141672E-02  -2.6285468323E-01
   14     -8.7338117493E-02   8.3131161891E-02  -1.0760383979E-01   2.4896088222E-02  -1.1413001057E-01
   15      7.4599251338E-03   1.3093853069E-03  -1.7800142533E-02  -4.5146974980E-03  -3.4521040046E-03
   16     -1.1401692555E-02  -4.2179575167E-03   1.7835122814E-02   9.8372093331E-03   8.6124588556E-03
   17      5.3023363113E-03  -4.8269750814E-05  -1.3621572979E-02   4.0763311160E-03   3.8688413658E-03
   18     -2.3626200051E-04  -1.9592186593E-04   7.2694118767E-06   1.2444827971E-04  -3.1057126061E-05
   19     -6.3735459117E-05   7.5621890068E-06   5.4514158665E-05   8.4923618095E-05  -5.3111439637E-05
   20      4.0945918349E-05  -2.8838272318E-06  -1.6462793077E-05  -3.1388123308E-05  -5.3558766810E-05
   21      6.3356101635E-05   1.0873254316E-04  -1.7603048802E-05  -1.0400470931E-04  -9.4491106580E-05
   22      7.3052630428E-05   7.8273258174E-05   1.8189949593E-05   1.2856041299E-04  -2.2502124337E-05
   23     -3.1140720335E-05  -2.7253640269E-05   1.0724167255E-05   1.6399439383E-04   7.8117190247E-05
   24     -1.9653479952E-04  -1.2655268279E-04   4.7450436947E-05   1.2601534940E-06   7.0426177139E-05
   25     -1.4659206473E-04  -5.6912910055E-05   4.3978702111E-05   4.7745281918E-05   8.3884622469E-05
   26      1.3947092668E-04   6.7670538317E-05  -3.3990977303E-05  -3.9264123420E-05   1.7896909602E-05
   27      1.6059452991E-03   7.5633070632E-05  -1.0256962145E-03  -2.1928075161E-03  -8.0778847276E-04
   28      1.3024287672E-04   8.9018426989E-04  -1.3582722226E-04  -6.9183875766E-04   4.1349048156E-05
   29      2.1601397632E-03   1.4264368515E-03   5.5305212737E-04  -4.0173643868E-03  -2.2514858182E-03
   30      1.5796485747E-01  -1.2236570971E-01   9.4873701260E-02  -2.3076759610E-03   5.3941292149E-04
   31     -1.2236570971E-01   1.6669723848E-01  -8.7379351192E-02   1.3040576916E-02  -9.8752944995E-03
   32      9.4873701260E-02  -8.7379351192E-02   1.1717825340E-01   9.8384022006E-03  -7.1878958811E-03
   33     -2.3076759610E-03   1.3040576916E-02   9.8384022006E-03   5.6760861525E-02  -5.9867652126E-02
   34      5.3941292149E-04  -9.8752944995E-03  -7.1878958811E-03  -5.9867652126E-02   2.7566390690E-01
   35     -1.7466852877E-03   1.4033659308E-02   8.5793566266E-03  -2.4732077442E-02   1.2248778228E-01
   36     -3.1637119493E-04  -5.8193043142E-04   1.6098655906E-03   1.3187862817E-03   4.0526427492E-04
   37     -5.8402315908E-04   9.9828670336E-04   9.8502230964E-04   3.5920998995E-04   7.5106317337E-04
   38     -1.6084220320E-03  -9.8316164954E-04   2.1656601723E-03   2.3622197260E-03   2.3750703418E-03
   39      1.3190560562E-03   3.5600720961E-04  -2.3642077270E-03  -2.2689190500E-04  -5.4514897091E-04
   40      4.0932810211E-04   7.4919420681E-04  -2.3815423560E-03  -5.4773291298E-04   2.8582516449E-04
   41      3.1599840773E-03   1.2177146952E-03  -3.6777263444E-03  -1.8622763215E-03  -5.8709615760E-04
                   35                 36                 37                 38                 39        
    0     -1.7049051769E-04  -6.0174206502E-04  -3.4072208366E-04  -1.8031215835E-04   2.3929545913E-04
    1      4.0704266019E-04   2.2213202445E-04   1.2196519335E-04   7.4949853911E-05  -5.6567904007E-05
    2     -2.4499133581E-04  -5.4770739995E-04  -6.1470816484E-04  -1.6353413880E-04   6.1099378962E-04
    3      5.1802872207E-05   1.3999710433E-03   1.6154237204E-03  -1.7251937816E-03   2.4340546449E-03
    4     -3.4471416404E-03  -2.7949444728E-03  -4.1454199683E-03   7.3015370947E-04  -4.7581745094E-03
    5      4.0448090889E-04   4.3847721782E-03   3.6304427152E-03  -4.3415312458E-04  -1.4403630801E-03
    6      1.1806602179E-03  -7.0581485790E-04   5.7967609797E-04  -3.9890383451E-04   4.9905791047E-04
    7      1.4618067846E-03   1.0648471980E-03   2.6056042084E-03  -6.3181055690E-04   2.1672404199E-03
    8      3.1383675724E-04  -4.0971973583E-04  -1.2667515910E-03   1.0067944953E-03  -6.9745165394E-04
    9     -1.0476870980E-03  -1.7321423617E-02  -1.4249148007E-02   1.0663092507E-03   1.0358944183E-03
   10     -5.3946249507E-05   1.6802501693E-02   9.7317087020E-03   6.8754753262E-04  -2.4010525473E-02
   11     -3.7934579076E-03   1.1496834564E-02   9.7194876699E-03  -3.9643548638E-03   1.2244943421E-02
   12      2.1330145600E-02   7.4631939030E-03   1.3364892922E-03   1.7791681107E-02  -4.5176716765E-03
   13     -1.1040074978E-01  -1.1413895444E-02  -4.2449536099E-03  -1.7846808984E-02   9.8369412919E-03
   14     -1.0169382036E-01  -5.2889993312E-03   3.4244586401E-05  -1.3596514829E-02  -4.0924819584E-03
   15      5.5925403687E-03  -1.4807415069E-01   1.2083768515E-01   8.6262430115E-02  -5.3077802516E-02
   16     -2.4510622342E-02   1.1829628988E-01  -1.6381532057E-01  -7.9025323181E-02   6.4234627120E-02
   17     -1.4123042347E-02   8.7167033650E-02  -8.3077260401E-02  -1.0740178623E-01  -2.5007054718E-02
   18      7.3119816375E-05   6.3388302040E-05   1.0874632227E-04   1.7524996349E-05  -1.0437262923E-04
   19      1.1485276281E-04   7.3100803101E-05   7.8292873396E-05  -1.8174382612E-05   1.2790507717E-04
   20      3.5419069800E-06   3.1092167731E-05   2.7247830699E-05   1.0688172889E-05  -1.6419723679E-04
   21      1.0708258109E-05  -2.3611481909E-04  -1.9575764037E-04  -6.9990060693E-06   1.2445545555E-04
   22      4.0053424081E-05  -6.3901216086E-05   7.5385162441E-06  -5.4550536873E-05   8.4860286052E-05
   23     -4.4773191324E-07  -4.1042244379E-05   2.7400935302E-06  -1.6410573291E-05   3.1471708107E-05
   24     -1.2613013112E-04  -1.9628064456E-04  -1.2648696581E-04  -4.7169795107E-05   1.2675524209E-06
   25     -7.6099336472E-05  -1.4665769098E-04  -5.7073046249E-05  -4.3917085352E-05   4.7845496761E-05
   26     -2.4992610905E-05  -1.3953138284E-04  -6.7670772228E-05  -3.3784609528E-05   3.9158727352E-05
   27      9.0651693140E-04   1.6057214592E-03   7.6811217937E-05   1.0255264532E-03  -2.1914474225E-03
   28      5.7771097331E-04   1.2717694830E-04   8.8880215124E-04   1.3549671124E-04  -6.8628013152E-04
   29      1.8877853252E-05  -2.1607787726E-03  -1.4272486376E-03   5.5532477349E-04   4.0182740090E-03
   30     -1.7466852877E-03  -3.1637119493E-04  -5.8402315908E-04  -1.6084220320E-03   1.3190560562E-03
   31      1.4033659308E-02  -5.8193043142E-04   9.9828670336E-04  -9.8316164954E-04   3.5600720961E-04
   32      8.5793566266E-03   1.6098655906E-03   9.8502230964E-04   2.1656601723E-03  -2.3642077270E-03
   33     -2.4732077442E-02   1.3187862817E-03   3.5920998995E-04   2.3622197260E-03  -2.2689190500E-04
   34      1.2248778228E-01   4.0526427492E-04   7.5106317337E-04   2.3750703418E-03  -5.4514897091E-04
   35      1.1221292245E-01  -3.1616547449E-03  -1.2244811795E-03  -3.6794074289E-03   1.8635784238E-03
   36     -3.1616547449E-03   1.5791003353E-01  -1.2248749245E-01  -9.4696043293E-02  -2.3091966318E-03
   37     -1.2244811795E-03  -1.2248749245E-01   1.6696642080E-01   8.7335589608E-02   1.3022708357E-02
   38     -3.6794074289E-03  -9.4696043293E-02   8.7335589608E-02   1.1696002111E-01  -9.8555957894E-03
   39      1.8635784238E-03  -2.3091966318E-03   1.3022708357E-02  -9.8555957894E-03   5.6774301284E-02
   40      5.8988226318E-04   5.4438904921E-04  -9.8869151291E-03   7.2167845617E-03  -5.9860983381E-02
   41      2.0271432195E-03   1.7488267948E-03  -1.4008500009E-02   8.5914570811E-03   2.4837502976E-02
                   40                 41        
     0     -1.5803485563E-05   1.7079226808E-04
     1     -3.3130639058E-04  -4.0674038876E-04
     2      1.4912575519E-04  -2.4530579538E-04
     3      2.4364633066E-03  -5.5795371076E-05
     4     -1.4636549126E-03   3.4507276368E-03
     5     -1.3498663772E-03   4.0193664319E-04
     6      5.3293126079E-04  -1.1812497892E-03
     7      1.4683931432E-03  -1.4638875695E-03
     8     -3.8387932352E-04   3.1820293223E-04
     9     -1.4496959097E-04   1.0458013116E-03
    10     -1.2292978756E-02   7.2233651205E-05
    11      6.2144514294E-03  -3.8067989812E-03
    12     -3.4612073828E-03  -5.5897787395E-03
    13      8.6437247408E-03   2.4473491030E-02
    14     -3.9026288153E-03  -1.4151401648E-02
    15      6.1010821721E-02  -2.1436252852E-02
    16     -2.6250977415E-01   1.1063258246E-01
    17      1.1436147877E-01  -1.0202791608E-01
    18     -9.4313447412E-05  -1.0377858784E-05
    19     -2.2677029433E-05  -3.9921162732E-05
    20     -7.8068663519E-05  -2.7702366616E-07
    21     -3.1209160739E-05  -7.3228417854E-05
    22     -5.3305225408E-05  -1.1485891122E-04
    23      5.3723818000E-05   3.5120984540E-06
    24      7.0456804082E-05   1.2602764646E-04
    25      8.3841866800E-05   7.5889703031E-05
    26     -1.8042128381E-05  -2.4762708086E-05
    27     -8.0862577095E-04  -9.0454661613E-04
    28      4.3851485088E-05  -5.7745375438E-04
    29      2.2513250303E-03   1.5806837806E-05
    30      4.0932810211E-04   3.1599840773E-03
    31      7.4919420681E-04   1.2177146952E-03
    32     -2.3815423560E-03  -3.6777263444E-03
    33     -5.4773291298E-04  -1.8622763215E-03
    34      2.8582516449E-04  -5.8709615760E-04
    35      5.8988226318E-04   2.0271432195E-03
    36      5.4438904921E-04   1.7488267948E-03
    37     -9.8869151291E-03  -1.4008500009E-02
    38      7.2167845617E-03   8.5914570811E-03
    39     -5.9860983381E-02   2.4837502976E-02
    40      2.7528578099E-01  -1.2272346260E-01
    41     -1.2272346260E-01   1.1257612977E-01

$vibrational_frequencies
42
    0        0.0000000000000000
    1        0.0000000000000000
    2        0.0000000000000000
    3        0.0000000000000000
    4        0.0000000000000000
    5        0.0000000000000000
    6       78.8681509701514472
    7      149.9424627734768194
    8      249.6764176994174420
    9      263.8446856335589814
   10      379.5401119678865030
   11      592.9643180636271609
   12      599.7376159772170467
   13      752.3598464549241953
   14      816.4643589331565181
   15      839.7265649850081672
   16      873.7618590842024560
   17      926.4843910543014545
   18      962.6328780741267792
   19     1041.0715033415392554
   20     1049.4478066022359144
   21     1085.1477506294074828
   22     1109.4962820918749458
   23     1119.4996789752706263
   24     1186.7234694553073950
   25     1213.4357417744249688
   26     1218.5251387539763073
   27     1363.6347778463591567
   28     1402.1455518895165824
   29     1450.8522987662468040
   30     1456.2355306207723515
   31     1467.0423215179516774
   32     1479.2998178527241180
   33     1742.5640367301180049
   34     3008.7588968821269191
   35     3076.2500365689193131
   36     3120.9233392538990302
   37     3120.9819051218196364
   38     3137.1520964091673704
   39     3153.1415475654339389
   40     3211.4070795857642224
   41     3226.2013166966662538

$normal_modes
42 42
                    0                  1                  2                  3                  4        
    0      0.0000000000E+00   0.0000000000E+00   0.0000000000E+00   0.0000000000E+00   0.0000000000E+00
    1      0.0000000000E+00   0.0000000000E+00   0.0000000000E+00   0.0000000000E+00   0.0000000000E+00
    2      0.0000000000E+00   0.0000000000E+00   0.0000000000E+00   0.0000000000E+00   0.0000000000E+00
    3      0.0000000000E+00   0.0000000000E+00   0.0000000000E+00   0.0000000000E+00   0.0000000000E+00
    4      0.0000000000E+00   0.0000000000E+00   0.0000000000E+00   0.0000000000E+00   0.0000000000E+00
