*************************************************
******************* ORCA 6.0.0 ******************
*************************************************
$Calculation_Status
   &GeometryIndex 1
   &ListStatus       OUT
   &VERSION [&Type "String"] "6.0.0"
   &PROGNAME [&Type "String"] "LeanSCF"
   &STATUS [&Type "String"] "NORMAL TERMINATION"
$End
$Geometry
   &GeometryIndex 1
   &ListStatus       OUT
   &NATOMS [&Type "Integer"] 8
   &NCORELESSECP [&Type "Integer"] 0
   &NGHOSTATOMS [&Type "Integer"] 0
   &CartesianCoordinates [&Type "Coordinates", &Dim(8,4), &Units "Bohr"] 
              C      1.366801384972    1.047134656990   -0.457000176513
              C     -1.366429933978    1.046994874515    0.457445451927
              Cl    -3.440722353008    1.279734538975   -2.237160004686
              Cl    -2.139566155990   -1.673321522188    2.322958486910
              Cl     3.441107170979    1.278554262519    2.237696615476
              Cl     2.139776633876   -1.672374256146   -2.323747932475
              H      1.694132160151    2.723080986668   -1.616396777646
              H     -1.693674559566    2.722435294838    1.617602376999
$End
$SCF_Energy
   &GeometryIndex 1
   &ListStatus       OUT
   &SCF_ENERGY [&Type "Double"]      -1.9181988658000696e+03
$End
$DFT_Energy
   &GeometryIndex 1
   &ListStatus       OUT
   &NALPHAEL [&Type "Integer"] 41
   &NBETAEL [&Type "Integer"] 41
   &NTOTALEL [&Type "Integer"] 82
   &EEXCHANGE [&Type "Double"]       0.0000000000000000e+00
   &ECORR [&Type "Double"]       0.0000000000000000e+00
   &ECNL [&Type "Double"]       0.0000000000000000e+00
   &EXC [&Type "Double"]      -5.9064838238553136e+01
   &EEMBED [&Type "Double"]       0.0000000000000000e+00
   &FINALEN [&Type "Double"]      -1.9181988658000696e+03  "No Van der Waals correction"
$End
$Mulliken_Population_Analysis
   &GeometryIndex 1
   &ListStatus       OUT
   &NATOMS [&Type "Integer"] 8
   &ATNO [&Type "ArrayOfIntegers", &Dim (8,1)] 
                                                         0

0                                                        6
1                                                        6
2                                                       17
3                                                       17
4                                                       17
5                                                       17
6                                                        1
7                                                        1
   &ATOMICCHARGES [&Type "ArrayOfDoubles", &Dim (8,1)] 
                                                         0

0                                     -8.1246387923128438e-02
1                                     -8.1252876444307454e-02
2                                     -6.6153022740962797e-02
3                                     -4.8324371042227199e-02
4                                     -6.6153877377594483e-02
5                                     -4.8322217802617473e-02
6                                      1.9572438489445432e-01
7                                      1.9572836843640773e-01
$End
$Loewdin_Population_Analysis
   &GeometryIndex 1
   &ListStatus       OUT
   &NATOMS [&Type "Integer"] 8
   &ATNO [&Type "ArrayOfIntegers", &Dim (8,1)] 
                                                         0

0                                                        6
1                                                        6
2                                                       17
3                                                       17
4                                                       17
5                                                       17
6                                                        1
7                                                        1
   &ATOMICCHARGES [&Type "ArrayOfDoubles", &Dim (8,1)] 
                                                         0

0                                     -7.8355880576109893e-01
1                                     -7.8355357012909455e-01
2                                      3.1759729433692385e-01
3                                      3.2914412586567465e-01
4                                      3.1760173033657324e-01
5                                      3.2914659935649127e-01
6                                      1.3681093667957844e-01
7                                      1.3681168931494181e-01
$End
$Mayer_Population_Analysis
   &GeometryIndex 1
   &ListStatus       OUT
   &NATOMS [&Type "Integer"] 8 "Total number of atoms"
   &BONDTHRESH [&Type "Double"]       1.0000000000000001e-01  "The threshold for printing"
   &NBONDORDERSPRINT [&Type "Integer"] 7 "The number of bond orders larger than threshold"
   &BONDORDERS [&Type "ArrayOfDoubles", &Dim (7,1)] "The bond orders"
                                                         0

0                                      9.4658055361720050e-01
1                                      1.1085616598668879e+00
2                                      1.1344822224654434e+00
3                                      9.4148585670748508e-01
4                                      1.1085535267081403e+00
5                                      1.1344897484763619e+00
6                                      9.4148597088780794e-01
   &COMPONENTS [&Type "ArrayOfIntegers", &Dim (7,4)] "The indices and atomic numbers of the bonding atoms"
                                                         0                           1                           2                           3

0                                                        0                           6                           1                           6
1                                                        0                           6                           4                          17
2                                                        0                           6                           5                          17
3                                                        0                           6                           6                           1
4                                                        1                           6                           2                          17
5                                                        1                           6                           3                          17
6                                                        1                           6                           7                           1
   &ATNO [&Type "ArrayOfIntegers", &Dim (8,1)] "Atomic number of the elements"
                                                         0

0                                                        6
1                                                        6
2                                                       17
3                                                       17
4                                                       17
5                                                       17
6                                                        1
7                                                        1
   &NA [&Type "ArrayOfDoubles", &Dim (8,1)] "Mulliken gross atomic population"
                                                         0

0                                      6.0812463879231240e+00
1                                      6.0812528764442799e+00
2                                      1.7066153022740956e+01
3                                      1.7048324371042121e+01
4                                      1.7066153877377605e+01
5                                      1.7048322217802649e+01
6                                      8.0427561510554535e-01
7                                      8.0427163156359116e-01
   &ZA [&Type "ArrayOfDoubles", &Dim (8,1)] "Total nuclear charge"
                                                         0

0                                      6.0000000000000000e+00
1                                      6.0000000000000000e+00
2                                      1.7000000000000000e+01
3                                      1.7000000000000000e+01
4                                      1.7000000000000000e+01
5                                      1.7000000000000000e+01
6                                      1.0000000000000000e+00
7                                      1.0000000000000000e+00
   &QA [&Type "ArrayOfDoubles", &Dim (8,1)] "Mulliken gross atomic charge"
                                                         0

0                                     -8.1246387923123997e-02
1                                     -8.1252876444279920e-02
2                                     -6.6153022740955691e-02
3                                     -4.8324371042120617e-02
4                                     -6.6153877377605141e-02
5                                     -4.8322217802649448e-02
6                                      1.9572438489445465e-01
7                                      1.9572836843640884e-01
   &VA [&Type "ArrayOfDoubles", &Dim (8,1)] "Mayer's total valence"
                                                         0

0                                      4.1756286960553082e+00
1                                      4.1756359375580265e+00
2                                      1.1891470979041923e+00
3                                      1.2014605050311198e+00
4                                      1.1891521211170515e+00
5                                      1.2014570720644981e+00
6                                      9.4145879608291971e-01
7                                      9.4145934756571692e-01
   &BVA [&Type "ArrayOfDoubles", &Dim (8,1)] "Mayer's bonded valence"
                                                         0

0                                      4.1756286960554032e+00
1                                      4.1756359375580621e+00
2                                      1.1891470979041439e+00
3                                      1.2014605050312179e+00
4                                      1.1891521211170542e+00
5                                      1.2014570720644682e+00
6                                      9.4145879608293170e-01
7                                      9.4145934756570826e-01
   &FA [&Type "ArrayOfDoubles", &Dim (8,1)] "Mayer's free valence"
                                                         0

0                                      0.0000000000000000e+00
1                                      0.0000000000000000e+00
2                                      0.0000000000000000e+00
3                                      0.0000000000000000e+00
4                                      0.0000000000000000e+00
5                                      0.0000000000000000e+00
6                                      0.0000000000000000e+00
7                                      0.0000000000000000e+00
$End
$Calculation_Info
   &GeometryIndex 1
   &ListStatus       OUT
   &MULT [&Type "Integer"] 1
   &CHARGE [&Type "Integer"] 0
   &NUMOFATOMS [&Type "Integer"] 8
   &NUMOFELECTRONS [&Type "Integer"] 82
   &NUMOFFCELECTRONS [&Type "Integer"] 1
   &NUMOFCORRELECTRONS [&Type "Integer"] 0
   &NUMOFBASISFUNCTS [&Type "Integer"] 222
   &NUMOFAUXCBASISFUNCTS [&Type "Integer"] 0
   &NUMOFAUXJBASISFUNCTS [&Type "Integer"] 324
   &NUMOFAUXJKBASISFUNCTS [&Type "Integer"] 0
   &NUMOFCABSBASISFUNCTS [&Type "Integer"] 0
   &TOTALENERGY [&Type "Double"]      -1.9181988658000696e+03  "Hartrees"
$End
$SCF_Dipole_Moment
   &GeometryIndex 1
   &ListStatus       OUT
   &METHOD [&Type "String"] "SCF"
   &LEVEL [&Type "String"] "Relaxed density"
   &MULT [&Type "Integer"] 1
   &STATE [&Type "Integer"] -1
   &IRREP [&Type "Integer"] 0
   &NATOMS [&Type "Integer"] 8
   &DODIPOLEATOM [&Type "Boolean"] false
   &DIPOLEELECCONTRIB [&Type "ArrayOfDoubles", &Dim (3,1)] "Electronic contribution"
                                                         0

0                                     -6.6303968674996314e-05
1                                     -2.5706577547993015e+00
2                                     -5.8317432723384538e-04
   &DIPOLENUCCONTRIB [&Type "ArrayOfDoubles", &Dim (3,1)] "Nuclear contribution"
                                                         0

0                                      9.0946005779191097e-05
1                                      3.2927697733418491e+00
2                                      7.5168466474684337e-04
   &DIPOLETOTAL [&Type "ArrayOfDoubles", &Dim (3,1)] "Total"
                                                         0

0                                      2.4642037104194783e-05
1                                      7.2211201854254758e-01
2                                      1.6851033751299799e-04
   &DIPOLEMAGNITUDE [&Type "Double", &Units "a.u."]       7.2211203862458662e-01
$End
$THERMOCHEMISTRY_Energies
   &GeometryIndex 1
   &ListStatus       OUT
   &TEMPERATURE [&Type "Double"]       2.9814999999999998e+02
   &PRESSURE [&Type "Double"]       1.0000000000000000e+00
   &TOTALMASS [&Type "Double"]       1.6785000000000002e+02
   &SPINDEGENERACY [&Type "Integer"] 1
   &ELENERGY [&Type "Double"]      -1.9181988658000696e+03
   &TRANSENERGY [&Type "Double"]       1.4162714244859817e-03
   &ROTENERGY [&Type "Double"]       1.4162714244859817e-03
   &VIBENERGY [&Type "Double"]       3.9532007746850119e-03
   &NUMOFFREQS [&Type "Integer"] 24
   &FREQSCALINGFACTOR [&Type "Double"]       1.0000000000000000e+00
   &FREQ [&Type "ArrayOfDoubles", &Dim (24,1)] "In cm^-1"
                                                         0

0                                      0.0000000000000000e+00
1                                      0.0000000000000000e+00
2                                      0.0000000000000000e+00
3                                      0.0000000000000000e+00
4                                      0.0000000000000000e+00
5                                      0.0000000000000000e+00
6                                      9.3875469631916957e+01
7                                      1.7502413030958050e+02
8                                      1.7727139953887519e+02
9                                      2.3800018478656935e+02
10                                     2.8604313013759690e+02
11                                     3.4320056870963168e+02
12                                     5.4379062758954592e+02
13                                     6.3470041904628829e+02
14                                     7.1362585543259695e+02
15                                     7.7435452037872778e+02
16                                     7.7593428522777822e+02
17                                     1.0443786045415889e+03
18                                     1.2186011244943502e+03
19                                     1.2406658764412296e+03
20                                     1.2762571009128080e+03
21                                     1.3175917044729365e+03
22                                     3.1057048286380473e+03
23                                     3.1120582553905556e+03
   &ZPE [&Type "Double"]       3.8890777496103854e-02
   &INNERENERGYU [&Type "Double"]      -1.9181531892789499e+03
   &ENTHALPYH [&Type "Double"]      -1.9181522450699076e+03
   &QEL [&Type "Double"]       0.0000000000000000e+00
   &QROT [&Type "Double"]       1.3406015050280242e-02
   &QVIB [&Type "Double"]       6.8238552404357861e-03
   &QTRANS [&Type "Double"]       1.9604729851458440e-02
   &ENTROPYS [&Type "Double"]       3.9834600142174464e-02
   &FREEENERGYG [&Type "Double"]      -1.9181920796700499e+03
   &ISLINEAR [&Type "Boolean"] false
$End
$Hessian
   &GeometryIndex 1
   &ListStatus       OUT
   &HESSIAN [&Type "ArrayOfDoubles", &Dim (24,24)] "The Hessian"
                                                         0                           1                           2                           3                           4                           5                           6                           7

0                                      3.6562360890916151e-01         2.0721407498803510e-02        -5.6432977663538803e-02        -1.7414667995451777e-01         1.6056492342506647e-03         4.8410730662527920e-02        -2.1725388244969487e-02         1.9857245383899883e-03
1                                      2.0721407498803510e-02         4.4120025078895103e-01        -1.1726999414656651e-01        -1.6266894526659956e-03        -6.6331547917855296e-02         1.3245939388238639e-03        -7.0237361648211856e-04         3.4311509287832109e-04
2                                     -5.6432977663538803e-02        -1.1726999414656651e-01         3.5128798367739045e-01         4.8405793074177340e-02        -1.3214868259945282e-03        -6.6330837194008244e-02        -2.6760418188386929e-02         1.0662684001595474e-03
3                                     -1.7414667995451777e-01        -1.6266894526659956e-03         4.8405793074177340e-02         3.6561526632027708e-01        -2.0687136142535201e-02        -5.6439004254588143e-02        -6.5254996196451129e-02         1.9238138459120781e-03
4                                      1.6056492342506647e-03        -6.6331547917855296e-02        -1.3214868259945282e-03        -2.0687136142535201e-02         4.4109178625089235e-01         1.1731118558737952e-01        -5.1714964991365926e-03        -3.3790622177076166e-02
5                                      4.8410730662527920e-02         1.3245939388238639e-03        -6.6330837194008244e-02        -5.6439004254588143e-02         1.1731118558737952e-01         3.5139060030272679e-01        -3.4331934742879322e-02        -3.0284541157903824e-03
6                                     -2.1725388244969487e-02        -7.0237361648211856e-04        -2.6760418188386929e-02        -6.5254996196451129e-02        -5.1714964991365926e-03        -3.4331934742879322e-02         9.5785092285200713e-02        -4.3443323142707581e-03
7                                      1.9857245383899883e-03         3.4311509287832109e-04         1.0662684001595474e-03         1.9238138459120781e-03        -3.3790622177076166e-02        -3.0284541157903824e-03        -4.3443323142707581e-03         3.1752301584547712e-02
8                                     -7.3537725264795455e-03        -1.0292715047517569e-03        -7.7200593098587494e-03        -4.1213386992345724e-02        -1.2813682553680653e-02        -8.2936533308058766e-02         7.5343625726457725e-02        -8.1551583667462645e-03
9                                     -5.9066612733749031e-03        -2.3952586206707538e-02         1.4494464933105418e-02        -3.9929543389346581e-02        -1.3384270055477265e-02         8.1348896444449585e-03         3.6985793459510669e-03         9.1313876929219676e-03
10                                    -4.4562690381366385e-03        -1.3303044463494963e-02         8.8216404310846128e-03        -2.1800078558854005e-02        -1.0088053943503958e-01         2.6013541420091851e-02         6.5729437546092270e-03        -5.4605593126870328e-03
11                                     5.5724992472750813e-03         1.5896285104001800e-02        -1.1501281605019571e-02         1.6259818685470079e-02         3.6340210033083131e-02        -5.0405195088665054e-02        -5.5614634725948148e-03         2.0758803698133273e-02
12                                    -6.5253699137928542e-02         5.1875630346518552e-03        -3.4329708647534915e-02        -2.1725345930546296e-02         7.1472580912715139e-04        -2.6760856259099533e-02        -6.1292762972777158e-03        -5.1249414980001642e-04
13                                    -1.9035965333630738e-03        -3.3796206056866167e-02         3.0523979392262589e-03        -1.9806897441832028e-03         3.4380890383921975e-04        -1.0610504056588685e-03         5.1462844872893839e-04         9.5324185852557817e-04
14                                    -4.1214054828872304e-02         1.2837510975000818e-02        -8.2930334166135836e-02        -7.3537183905258985e-03         1.0328200203656370e-03        -7.7204604240038678e-03        -1.0220686903275964e-03        -3.4833707729449583e-04
15                                    -3.9929701128291507e-02         1.3379047975938342e-02         8.1375986231923131e-03        -5.9022673026244421e-03         2.3945537861241130e-02         1.4504703362253644e-02        -2.3644412381023817e-03         2.4141421419709651e-03
16                                     2.1788988651369544e-02        -1.0086349716177331e-01        -2.6039609643189660e-02         4.4514952415919545e-03        -1.3292854145100643e-02        -8.8228755009616966e-03         1.3340708105180523e-03         7.4664977558988078e-06
17                                     1.6264811440972887e-02        -3.6364713118340067e-02        -5.0435189620684037e-02         5.5719488843615963e-03        -1.5897130351962701e-02        -1.1512379140175357e-02        -4.9016570297426201e-04         1.1429893379083676e-03
18                                    -5.3254152886159575e-02        -3.6243695548792421e-02         2.9808503334361951e-02        -5.4076411497135804e-03        -2.3265417813213327e-02         1.6653777734033596e-02         1.0410061511846591e-04        -4.9797311844260129e-05
19                                    -4.0074220429689729e-02        -2.2793521530956223e-01         1.3354244043344210e-01        -3.1061609075055951e-04         6.8259538045192716e-04         1.6060958243453369e-03         6.0048717227464618e-04         5.2239359980203910e-04
20                                     3.2631979486763905e-02         1.3278479928944703e-01        -1.2817255803163716e-01         2.1330466589625265e-03         8.4283107509650641e-03        -4.1934375147874396e-03        -9.2744724615161696e-04        -7.9125993275951751e-04
21                                    -5.4073262839196400e-03         2.3258867295821082e-02         1.6664079346591750e-02        -5.3248792397077263e-02         3.6221988210918002e-02         2.9819383466189495e-02        -4.1136702694695333e-03        -1.0574115553797336e-02
22                                     3.1077509780902401e-04         6.8614502772263233e-04        -1.6043842945993488e-03         4.0050320296310372e-02        -2.2782262686011182e-01        -1.3359047183781264e-01         1.2217433542759774e-03         5.6726628562536567e-03
23                                     2.1334493693827145e-03        -8.4264828311776535e-03        -4.1977237500467699e-03         3.2643812721605603e-02        -1.3283279157057243e-01        -1.2829175763302805e-01        -6.2571228795474717e-03        -1.0680782259776997e-02
                                                         8                           9                          10                          11                          12                          13                          14                          15

0                                     -7.3537725264795455e-03        -5.9066612733749031e-03        -4.4562690381366385e-03         5.5724992472750813e-03        -6.5253699137928542e-02        -1.9035965333630738e-03        -4.1214054828872304e-02        -3.9929701128291507e-02
1                                     -1.0292715047517569e-03        -2.3952586206707538e-02        -1.3303044463494963e-02         1.5896285104001800e-02         5.1875630346518552e-03        -3.3796206056866167e-02         1.2837510975000818e-02         1.3379047975938342e-02
2                                     -7.7200593098587494e-03         1.4494464933105418e-02         8.8216404310846128e-03        -1.1501281605019571e-02        -3.4329708647534915e-02         3.0523979392262589e-03        -8.2930334166135836e-02         8.1375986231923131e-03
3                                     -4.1213386992345724e-02        -3.9929543389346581e-02        -2.1800078558854005e-02         1.6259818685470079e-02        -2.1725345930546296e-02        -1.9806897441832028e-03        -7.3537183905258985e-03        -5.9022673026244421e-03
4                                     -1.2813682553680653e-02        -1.3384270055477265e-02        -1.0088053943503958e-01         3.6340210033083131e-02         7.1472580912715139e-04         3.4380890383921975e-04         1.0328200203656370e-03         2.3945537861241130e-02
5                                     -8.2936533308058766e-02         8.1348896444449585e-03         2.6013541420091851e-02        -5.0405195088665054e-02        -2.6760856259099533e-02        -1.0610504056588685e-03        -7.7204604240038678e-03         1.4504703362253644e-02
6                                      7.5343625726457725e-02         3.6985793459510669e-03         6.5729437546092270e-03        -5.5614634725948148e-03        -6.1292762972777158e-03         5.1462844872893839e-04        -1.0220686903275964e-03        -2.3644412381023817e-03
7                                     -8.1551583667462645e-03         9.1313876929219676e-03        -5.4605593126870328e-03         2.0758803698133273e-02        -5.1249414980001642e-04         9.5324185852557817e-04        -3.4833707729449583e-04         2.4141421419709651e-03
8                                      1.2870215470263721e-01        -7.6786453162997030e-03         1.7704519032910072e-02        -2.4178539390819806e-02        -1.0222406777844195e-03         3.4646992969003960e-04         1.7991624950266607e-03         1.9000146103661474e-03
9                                     -7.6786453162997030e-03         4.7520947213064990e-02         3.1580658325670391e-02        -1.9883785992959556e-02        -2.3660297693188907e-03        -2.4152320278430619e-03         1.8988615968876269e-03        -6.6487608224598531e-04
10                                     1.7704519032910072e-02         3.1580658325670391e-02         1.3726490850254347e-01        -7.2419315312977781e-02        -1.3341127383354121e-03         8.7183773384907556e-06         9.3409069607488203e-05         1.0422006386954243e-03
11                                    -2.4178539390819806e-02        -1.9883785992959556e-02        -7.2419315312977781e-02         8.1615676677919954e-02        -4.9016672756754635e-04        -1.1447712641910761e-03         1.6940341266658806e-03         1.1424619351900736e-03
12                                    -1.0222406777844195e-03        -2.3660297693188907e-03        -1.3341127383354121e-03        -4.9016672756754635e-04         9.5785701738189899e-02         4.3062605076436425e-03         7.5345448137098231e-02         3.6972890167205792e-03
13                                     3.4646992969003960e-04        -2.4152320278430619e-03         8.7183773384907556e-06        -1.1447712641910761e-03         4.3062605076436425e-03         3.1744078918054884e-02         8.1102333761345954e-03        -9.1279071410617155e-03
14                                     1.7991624950266607e-03         1.8988615968876269e-03         9.3409069607488203e-05         1.6940341266658806e-03         7.5345448137098231e-02         8.1102333761345954e-03         1.2871030648056561e-01        -7.6846951891178308e-03
15                                     1.9000146103661474e-03        -6.6487608224598531e-04         1.0422006386954243e-03         1.1424619351900736e-03         3.6972890167205792e-03        -9.1279071410617155e-03        -7.6846951891178308e-03         4.7515991072651163e-02
16                                    -9.4327072846873451e-05        -1.0419870860285461e-03         2.5984157605441274e-03         1.4058470196827407e-03        -6.5708767393561403e-03        -5.4436235100023093e-03        -1.7694527796242025e-02        -3.1566481106247962e-02
17                                     1.6938034691936646e-03         1.1410619337967071e-03        -1.4040244268521311e-03        -5.9713811280971024e-04        -5.5654844225238110e-03        -2.0751294343109416e-02        -2.4196136655751994e-02        -1.9889849099327762e-02
18                                    -1.8004394969496672e-04        -4.3239473168399196e-03        -1.6704405659615775e-03         2.6890762657817138e-03        -4.1129956948455521e-03         1.0583452537341241e-02        -1.9783389598773175e-02         1.9718688377488320e-03
19                                    -2.6832154568070480e-04         8.7047830586318509e-04         1.5584266095543162e-03        -7.1514120952099374e-04        -1.2183714614589503e-03         5.6694168950156432e-03        -4.3338188657509290e-03         7.6533880649560203e-04
20                                     5.9577641756698892e-04         1.0193917789418604e-03        -1.1941683069165198e-04         8.8327934160048927e-06        -6.2569689405599632e-03         1.0692067883574961e-02        -1.7952016206172840e-02         8.7519404546016009e-04
21                                    -1.9788555677815241e-02         1.9715312721102114e-03        -9.9561211610385038e-03         2.6897697702247397e-04         1.0435607500652801e-04         5.0291520459651339e-05        -1.7914467620421979e-04        -4.3238631758562634e-03
22                                     4.3457023972726071e-03        -7.6722960504804587e-04        -2.1786326038758800e-02        -1.2018867333547095e-04        -5.9990183019454930e-04         5.2056461409465983e-04         2.6798685949353494e-04        -8.7073916445118134e-04
23                                    -1.7955765075687198e-02         8.7634450446519123e-04         2.1307917221951911e-02         3.3636105993123146e-03        -9.2726082219286854e-04         7.9067032301888198e-04         5.9544434980639098e-04         1.0187199351870779e-03
                                                        16                          17                          18                          19                          20                          21                          22                          23

0                                      2.1788988651369544e-02         1.6264811440972887e-02        -5.3254152886159575e-02        -4.0074220429689729e-02         3.2631979486763905e-02        -5.4073262839196400e-03         3.1077509780902401e-04         2.1334493693827145e-03
1                                     -1.0086349716177331e-01        -3.6364713118340067e-02        -3.6243695548792421e-02        -2.2793521530956223e-01         1.3278479928944703e-01         2.3258867295821082e-02         6.8614502772263233e-04        -8.4264828311776535e-03
2                                     -2.6039609643189660e-02        -5.0435189620684037e-02         2.9808503334361951e-02         1.3354244043344210e-01        -1.2817255803163716e-01         1.6664079346591750e-02        -1.6043842945993488e-03        -4.1977237500467699e-03
3                                      4.4514952415919545e-03         5.5719488843615963e-03        -5.4076411497135804e-03        -3.1061609075055951e-04         2.1330466589625265e-03        -5.3248792397077263e-02         4.0050320296310372e-02         3.2643812721605603e-02
4                                     -1.3292854145100643e-02        -1.5897130351962701e-02        -2.3265417813213327e-02         6.8259538045192716e-04         8.4283107509650641e-03         3.6221988210918002e-02        -2.2782262686011182e-01        -1.3283279157057243e-01
5                                     -8.8228755009616966e-03        -1.1512379140175357e-02         1.6653777734033596e-02         1.6060958243453369e-03        -4.1934375147874396e-03         2.9819383466189495e-02        -1.3359047183781264e-01        -1.2829175763302805e-01
6                                      1.3340708105180523e-03        -4.9016570297426201e-04         1.0410061511846591e-04         6.0048717227464618e-04        -9.2744724615161696e-04        -4.1136702694695333e-03         1.2217433542759774e-03        -6.2571228795474717e-03
7                                      7.4664977558988078e-06         1.1429893379083676e-03        -4.9797311844260129e-05         5.2239359980203910e-04        -7.9125993275951751e-04        -1.0574115553797336e-02         5.6726628562536567e-03        -1.0680782259776997e-02
8                                     -9.4327072846873451e-05         1.6938034691936646e-03        -1.8004394969496672e-04        -2.6832154568070480e-04         5.9577641756698892e-04        -1.9788555677815241e-02         4.3457023972726071e-03        -1.7955765075687198e-02
9                                     -1.0419870860285461e-03         1.1410619337967071e-03        -4.3239473168399196e-03         8.7047830586318509e-04         1.0193917789418604e-03         1.9715312721102114e-03        -7.6722960504804587e-04         8.7634450446519123e-04
10                                     2.5984157605441274e-03        -1.4040244268521311e-03        -1.6704405659615775e-03         1.5584266095543162e-03        -1.1941683069165198e-04        -9.9561211610385038e-03        -2.1786326038758800e-02         2.1307917221951911e-02
11                                     1.4058470196827407e-03        -5.9713811280971024e-04         2.6890762657817138e-03        -7.1514120952099374e-04         8.8327934160048927e-06         2.6897697702247397e-04        -1.2018867333547095e-04         3.3636105993123146e-03
12                                    -6.5708767393561403e-03        -5.5654844225238110e-03        -4.1129956948455521e-03        -1.2183714614589503e-03        -6.2569689405599632e-03         1.0435607500652801e-04        -5.9990183019454930e-04        -9.2726082219286854e-04
13                                    -5.4436235100023093e-03        -2.0751294343109416e-02         1.0583452537341241e-02         5.6694168950156432e-03         1.0692067883574961e-02         5.0291520459651339e-05         5.2056461409465983e-04         7.9067032301888198e-04
14                                    -1.7694527796242025e-02        -2.4196136655751994e-02        -1.9783389598773175e-02        -4.3338188657509290e-03        -1.7952016206172840e-02        -1.7914467620421979e-04         2.6798685949353494e-04         5.9544434980639098e-04
15                                    -3.1566481106247962e-02        -1.9889849099327762e-02         1.9718688377488320e-03         7.6533880649560203e-04         8.7519404546016009e-04        -4.3238631758562634e-03        -8.7073916445118134e-04         1.0187199351870779e-03
16                                     1.3721313232708970e-01         7.2448487191297123e-02         9.9552787227559867e-03        -2.1777025316694974e-02        -2.1319006958011481e-02         1.6683714928165108e-03         1.5579855481815184e-03         1.1965026133951883e-04
17                                     7.2448487191297123e-02         8.1684398045059489e-02         2.7287005492236628e-04         1.0809005505281813e-04         3.3548196323284936e-03         2.6906586875684573e-03         7.1395815493837755e-04         7.8223828394553894e-06
18                                     9.9552787227559867e-03         2.7287005492236628e-04         6.4450490375840094e-02         4.0028560281845635e-02        -2.9244436643876659e-02         5.7227721885124154e-04         6.9961620114857449e-04        -2.2359138408649523e-04
19                                    -2.1777025316694974e-02         1.0809005505281813e-04         4.0028560281845635e-02         2.4085435143985914e-01        -1.2980739430580512e-01        -6.9921308785966634e-04         4.2505670157410962e-04         1.2532106230595495e-05
20                                    -2.1319006958011481e-02         3.3548196323284936e-03        -2.9244436643876659e-02        -1.2980739430580512e-01         1.4634093247126009e-01        -2.2352495220854260e-04        -1.2582389032356374e-05         1.7650438025811933e-05
21                                     1.6683714928165108e-03         2.6906586875684573e-03         5.7227721885124154e-04        -6.9921308785966634e-04        -2.2352495220854260e-04         6.4445487560354717e-02        -4.0007326533584950e-02        -2.9258112307978965e-02
22                                     1.5579855481815184e-03         7.1395815493837755e-04         6.9961620114857449e-04         4.2505670157410962e-04        -1.2582389032356374e-05        -4.0007326533584950e-02         2.4074653815104405e-01         1.2985463326603072e-01
23                                     1.1965026133951883e-04         7.8223828394553894e-06        -2.2359138408649523e-04         1.2532106230595495e-05         1.7650438025811933e-05        -2.9258112307978965e-02         1.2985463326603072e-01         1.4646071868877805e-01
                              

0                             
1                             
2                             
3                             
4                             
5                             
6                             
7                             
8                             
9                             
10                            
11                            
12                            
13                            
14                            
15                            
16                            
17                            
18                            
19                            
20                            
21                            
22                            
23                            
   &MODES [&Type "ArrayOfDoubles", &Dim (24,24)] "The modes of vibrations"
                                                         0                           1                           2                           3                           4                           5                           6                           7

0                                      1.0000000000000000e+00         2.0000000000000000e+00         3.0000000000000000e+00         4.0000000000000000e+00         5.0000000000000000e+00         6.0000000000000000e+00         7.0000000000000000e+00         0.0000000000000000e+00
1                                      0.0000000000000000e+00         0.0000000000000000e+00         0.0000000000000000e+00         0.0000000000000000e+00         0.0000000000000000e+00         3.1560764324746527e-03        -1.4737423653793848e-02         1.0000000000000000e+00
2                                      0.0000000000000000e+00         0.0000000000000000e+00         0.0000000000000000e+00         0.0000000000000000e+00         0.0000000000000000e+00         1.7671670319471811e-02         1.7597187155184036e-02         2.0000000000000000e+00
3                                      0.0000000000000000e+00         0.0000000000000000e+00         0.0000000000000000e+00         0.0000000000000000e+00         0.0000000000000000e+00         9.3897514590722837e-03         4.7761876705396847e-02         3.0000000000000000e+00
4                                      0.0000000000000000e+00         0.0000000000000000e+00         0.0000000000000000e+00         0.0000000000000000e+00         0.0000000000000000e+00        -3.1565801195760127e-03        -1.4730898523339222e-02         4.0000000000000000e+00
5                                      0.0000000000000000e+00         0.0000000000000000e+00         0.0000000000000000e+00         0.0000000000000000e+00         0.0000000000000000e+00         1.7673780622674769e-02        -1.7553413428049277e-02         5.0000000000000000e+00
6                                      0.0000000000000000e+00         0.0000000000000000e+00         0.0000000000000000e+00         0.0000000000000000e+00         0.0000000000000000e+00        -9.3818386733784398e-03         4.7737663270420325e-02         6.0000000000000000e+00
7                                      0.0000000000000000e+00         0.0000000000000000e+00         0.0000000000000000e+00         0.0000000000000000e+00         0.0000000000000000e+00         1.2201823550553707e-02         7.4038269374107041e-02         7.0000000000000000e+00
