*************************************************
******************* ORCA 6.0.0 ******************
*************************************************
$Calculation_Status
   &GeometryIndex 1
   &ListStatus       OUT
   &VERSION [&Type "String"] "6.0.0"
   &PROGNAME [&Type "String"] "LeanSCF"
   &STATUS [&Type "String"] "NORMAL TERMINATION"
$End
$Geometry
   &GeometryIndex 1
   &ListStatus       OUT
   &NATOMS [&Type "Integer"] 6
   &NCORELESSECP [&Type "Integer"] 0
   &NGHOSTATOMS [&Type "Integer"] 0
   &CartesianCoordinates [&Type "Coordinates", &Dim(6,4), &Units "Bohr"] 
              C      2.329256426708   -0.027256044618    0.000018230188
              S     -1.142782040524    0.085144547598   -0.000028802261
              H      2.970184378782    1.934321628833    0.000050293549
              H      3.044795142588   -0.960451581868   -1.694862664402
              H      3.044745766312   -0.960489571599    1.694898221678
              H     -1.521008704411   -2.426575697629   -0.000036481541
$End
$SCF_Energy
   &GeometryIndex 1
   &ListStatus       OUT
   &SCF_ENERGY [&Type "Double"]      -4.3867144420404702e+02
$End
$DFT_Energy
   &GeometryIndex 1
   &ListStatus       OUT
   &NALPHAEL [&Type "Integer"] 13
   &NBETAEL [&Type "Integer"] 13
   &NTOTALEL [&Type "Integer"] 26
   &EEXCHANGE [&Type "Double"]      -3.1637225497887584e+01
   &ECORR [&Type "Double"]      -9.0264107418796391e-01
   &ECNL [&Type "Double"]       0.0000000000000000e+00
   &EXC [&Type "Double"]      -3.2539866572075546e+01
   &EEMBED [&Type "Double"]       0.0000000000000000e+00
   &FINALEN [&Type "Double"]      -4.3867144420404702e+02  "No Van der Waals correction"
$End
$Mulliken_Population_Analysis
   &GeometryIndex 1
   &ListStatus       OUT
   &NATOMS [&Type "Integer"] 6
   &ATNO [&Type "ArrayOfIntegers", &Dim (6,1)] 
                                                         0

0                                                        6
1                                                       16
2                                                        1
3                                                        1
4                                                        1
5                                                        1
   &ATOMICCHARGES [&Type "ArrayOfDoubles", &Dim (6,1)] 
                                                         0

0                                     -2.8669026254921981e-01
1                                     -2.2763999975323301e-01
2                                      1.2670302785576482e-01
3                                      1.2628020769266834e-01
4                                      1.2628024934759785e-01
5                                      1.3506677740640849e-01
$End
$Loewdin_Population_Analysis
   &GeometryIndex 1
   &ListStatus       OUT
   &NATOMS [&Type "Integer"] 6
   &ATNO [&Type "ArrayOfIntegers", &Dim (6,1)] 
                                                         0

0                                                        6
1                                                       16
2                                                        1
3                                                        1
4                                                        1
5                                                        1
   &ATOMICCHARGES [&Type "ArrayOfDoubles", &Dim (6,1)] 
                                                         0

0                                     -5.2779041837587926e-01
1                                      1.7532779641037166e-01
2                                      1.1212925648328165e-01
3                                      1.0331184718598174e-01
4                                      1.0331190857919736e-01
5                                      3.3709609717063271e-02
$End
$Mayer_Population_Analysis
   &GeometryIndex 1
   &ListStatus       OUT
   &NATOMS [&Type "Integer"] 6 "Total number of atoms"
   &BONDTHRESH [&Type "Double"]       1.0000000000000001e-01  "The threshold for printing"
   &NBONDORDERSPRINT [&Type "Integer"] 5 "The number of bond orders larger than threshold"
   &BONDORDERS [&Type "ArrayOfDoubles", &Dim (5,1)] "The bond orders"
                                                         0

0                                      1.0418011303334436e+00
1                                      9.6215388984933869e-01
2                                      9.6363770874672416e-01
3                                      9.6363792071203713e-01
4                                      9.6804902527822922e-01
   &COMPONENTS [&Type "ArrayOfIntegers", &Dim (5,4)] "The indices and atomic numbers of the bonding atoms"
                                                         0                           1                           2                           3

0                                                        0                           6                           1                          16
1                                                        0                           6                           2                           1
2                                                        0                           6                           3                           1
3                                                        0                           6                           4                           1
4                                                        1                          16                           5                           1
   &ATNO [&Type "ArrayOfIntegers", &Dim (6,1)] "Atomic number of the elements"
                                                         0

0                                                        6
1                                                       16
2                                                        1
3                                                        1
4                                                        1
5                                                        1
   &NA [&Type "ArrayOfDoubles", &Dim (6,1)] "Mulliken gross atomic population"
                                                         0

0                                      6.2866902625492145e+00
1                                      1.6227639999753229e+01
2                                      8.7329697214423474e-01
3                                      8.7371979230733188e-01
4                                      8.7371975065240215e-01
5                                      8.6493322259359062e-01
   &ZA [&Type "ArrayOfDoubles", &Dim (6,1)] "Total nuclear charge"
                                                         0

0                                      6.0000000000000000e+00
1                                      1.6000000000000000e+01
2                                      1.0000000000000000e+00
3                                      1.0000000000000000e+00
4                                      1.0000000000000000e+00
5                                      1.0000000000000000e+00
   &QA [&Type "ArrayOfDoubles", &Dim (6,1)] "Mulliken gross atomic charge"
                                                         0

0                                     -2.8669026254921448e-01
1                                     -2.2763999975322946e-01
2                                      1.2670302785576526e-01
3                                      1.2628020769266812e-01
4                                      1.2628024934759785e-01
5                                      1.3506677740640938e-01
   &VA [&Type "ArrayOfDoubles", &Dim (6,1)] "Mayer's total valence"
                                                         0

0                                      3.9310541215412380e+00
1                                      2.0415162493044154e+00
2                                      9.7643570022452220e-01
3                                      9.7178216441130250e-01
4                                      9.7178254551602761e-01
5                                      9.7305021923289481e-01
   &BVA [&Type "ArrayOfDoubles", &Dim (6,1)] "Mayer's bonded valence"
                                                         0

0                                      3.9310541215412895e+00
1                                      2.0415162493043728e+00
2                                      9.7643570022453552e-01
3                                      9.7178216441129939e-01
4                                      9.7178254551604870e-01
5                                      9.7305021923288793e-01
   &FA [&Type "ArrayOfDoubles", &Dim (6,1)] "Mayer's free valence"
                                                         0

0                                      0.0000000000000000e+00
1                                      0.0000000000000000e+00
2                                      0.0000000000000000e+00
3                                      0.0000000000000000e+00
4                                      0.0000000000000000e+00
5                                      0.0000000000000000e+00
$End
$VdW_Correction
   &GeometryIndex 1
   &ListStatus       OUT
   &VDW [&Type "Double"]      -7.8021152372541303e-04
$End
$Calculation_Info
   &GeometryIndex 1
   &ListStatus       OUT
   &MULT [&Type "Integer"] 1
   &CHARGE [&Type "Integer"] 0
   &NUMOFATOMS [&Type "Integer"] 6
   &NUMOFELECTRONS [&Type "Integer"] 26
   &NUMOFFCELECTRONS [&Type "Integer"] 1
   &NUMOFCORRELECTRONS [&Type "Integer"] 0
   &NUMOFBASISFUNCTS [&Type "Integer"] 92
   &NUMOFAUXCBASISFUNCTS [&Type "Integer"] 0
   &NUMOFAUXJBASISFUNCTS [&Type "Integer"] 116
   &NUMOFAUXJKBASISFUNCTS [&Type "Integer"] 0
   &NUMOFCABSBASISFUNCTS [&Type "Integer"] 0
   &TOTALENERGY [&Type "Double"]      -4.3866566116137074e+02  "Hartrees"
$End
$SCF_Dipole_Moment
   &GeometryIndex 1
   &ListStatus       OUT
   &METHOD [&Type "String"] "SCF"
   &LEVEL [&Type "String"] "Relaxed density"
   &MULT [&Type "Integer"] 1
   &STATE [&Type "Integer"] -1
   &IRREP [&Type "Integer"] 0
   &NATOMS [&Type "Integer"] 6
   &DODIPOLEATOM [&Type "Boolean"] false
   &DIPOLEELECCONTRIB [&Type "ArrayOfDoubles", &Dim (3,1)] "Electronic contribution"
                                                         0

0                                     -3.2429048085755445e+00
1                                      8.7703886944748899e-01
2                                     -4.3889483478435238e-05
   &DIPOLENUCCONTRIB [&Type "ArrayOfDoubles", &Dim (3,1)] "Nuclear contribution"
                                                         0

0                                      3.8036888397266702e+00
1                                     -1.1981284255355398e+00
2                                      5.1769712561926827e-05
   &DIPOLETOTAL [&Type "ArrayOfDoubles", &Dim (3,1)] "Total"
                                                         0

0                                      5.6078403115112563e-01
1                                     -3.2108955608805079e-01
2                                      7.8802290834915892e-06
   &DIPOLEMAGNITUDE [&Type "Double", &Units "a.u."]       6.4620216084831084e-01
$End
$THERMOCHEMISTRY_Energies
   &GeometryIndex 1
   &ListStatus       OUT
   &TEMPERATURE [&Type "Double"]       2.9814999999999998e+02
   &PRESSURE [&Type "Double"]       1.0000000000000000e+00
   &TOTALMASS [&Type "Double"]       4.8103000000000009e+01
   &SPINDEGENERACY [&Type "Integer"] 1
   &ELENERGY [&Type "Double"]      -4.3866566116137074e+02
   &TRANSENERGY [&Type "Double"]       1.4162714244859817e-03
   &ROTENERGY [&Type "Double"]       1.4162714244859817e-03
   &VIBENERGY [&Type "Double"]       7.4753359880264168e-04
   &NUMOFFREQS [&Type "Integer"] 18
   &FREQSCALINGFACTOR [&Type "Double"]       1.0000000000000000e+00
   &FREQ [&Type "ArrayOfDoubles", &Dim (18,1)] "In cm^-1"
                                                         0

0                                      0.0000000000000000e+00
1                                      0.0000000000000000e+00
2                                      0.0000000000000000e+00
3                                      0.0000000000000000e+00
4                                      0.0000000000000000e+00
5                                      0.0000000000000000e+00
6                                      2.6690097924280639e+02
7                                      6.7358143617530027e+02
8                                      8.1005939223155292e+02
9                                      9.7828421099495858e+02
10                                     1.1002735335687760e+03
11                                     1.3506160203966331e+03
12                                     1.4688784754960604e+03
13                                     1.4821233191117365e+03
14                                     2.6712048519643845e+03
15                                     3.0278801897842682e+03
16                                     3.1228370477215190e+03
17                                     3.1264589627191631e+03
   &ZPE [&Type "Double"]       4.5743552049390103e-02
   &INNERENERGYU [&Type "Double"]      -4.3861633753287356e+02
   &ENTHALPYH [&Type "Double"]      -4.3861539332383131e+02
   &QEL [&Type "Double"]       0.0000000000000000e+00
   &QROT [&Type "Double"]       9.7647115047117834e-03
   &QVIB [&Type "Double"]       1.1273989763916695e-03
   &QTRANS [&Type "Double"]       1.7834778376846109e-02
   &ENTROPYS [&Type "Double"]       2.8726888857949565e-02
   &FREEENERGYG [&Type "Double"]      -4.3864412021268924e+02
   &ISLINEAR [&Type "Boolean"] false
$End
$Hessian
   &GeometryIndex 1
   &ListStatus       OUT
   &HESSIAN [&Type "ArrayOfDoubles", &Dim (18,18)] "The Hessian"
                                                         0                           1                           2                           3                           4                           5                           6                           7

0                                      3.2259912325865464e-01        -7.6992369723199259e-03        -3.0299210130735782e-06        -1.1778211399525758e-01         1.7183633953915083e-03        -1.0993818023539101e-06        -6.4621845034774958e-02        -7.7065510705576296e-02
1                                     -7.6992369723199259e-03         5.5146916734299301e-01        -4.5493277701123317e-07         3.0884717990924505e-02        -5.1724577300453628e-02         5.0805965697348717e-07        -7.9824837106980157e-02        -2.9326701873694305e-01
2                                     -3.0299210130735782e-06        -4.5493277701123317e-07         5.4358160088289509e-01        -1.0323444946637050e-06        -1.6033940398347754e-08        -3.1666402501492233e-02        -1.2340623657371253e-06        -3.9957100229890811e-06
3                                     -1.1778211399525758e-01         3.0884717990924505e-02        -1.0323444946637050e-06         2.0087657389248301e-01         8.9288469287173780e-03         2.3119071619845846e-06        -1.1866984390061988e-02        -6.5898766891097499e-04
4                                      1.7183633953915083e-03        -5.1724577300453628e-02        -1.6033940398347754e-08         8.9288469287173780e-03         3.0827560814912608e-01         3.3160743192591065e-07        -2.6095857155699499e-02         2.5168158854144852e-03
5                                     -1.0993818023539101e-06         5.0805965697348717e-07        -3.1666402501492233e-02         2.3119071619845846e-06         3.3160743192591065e-07         2.3920557719671210e-02        -3.5228100625541249e-07         4.6502546287689100e-08
6                                     -6.4621845034774958e-02        -7.9824837106980157e-02        -1.2340623657371253e-06        -1.1866984390061988e-02        -2.6095857155699499e-02        -3.5228100625541249e-07         7.6272898923028687e-02         8.4340886760538580e-02
7                                     -7.7065510705576296e-02        -2.9326701873694305e-01        -3.9957100229890811e-06        -6.5898766891097499e-04         2.5168158854144852e-03         4.6502546287689100e-08         8.4340886760538580e-02         3.1341533732695193e-01
8                                     -1.1729938621022360e-06        -4.0704506819022268e-06        -4.5529040012410059e-02        -1.4361824142475297e-07        -2.7615089244660024e-07        -2.3918543354604135e-04         1.3899207952749505e-06         4.3170236261977765e-06
9                                     -6.6402378323585781e-02         4.2496607332174752e-02         7.7796010013477565e-02        -2.3040711574338027e-02         1.1284672997412037e-02         1.7609022963820602e-02         3.8561481119596414e-03        -3.9901865104951893e-03
10                                     4.1265240746891967e-02        -1.0363230226385256e-01        -1.0042476282715723e-01        -2.0835318812315075e-03         1.3742383323656800e-03         9.6526961610781878e-04         1.0601135920532714e-02        -1.2018957583387462e-02
11                                     7.1020338259900506e-02        -1.0152044215311437e-01        -2.3382567549021543e-01        -9.6090334810355893e-04         2.3686082577499042e-03         5.4574931637872831e-03        -9.9885733314364865e-04         1.8698246766239782e-03
12                                    -6.6398110700176968e-02         4.2495573938596258e-02        -7.7790488209975250e-02        -2.3040274397537364e-02         1.1285163774337959e-02        -1.7609601805244950e-02         3.8558600212236435e-03        -3.9903611759876060e-03
13                                     4.1264152597460628e-02        -1.0363687655480674e-01         1.0042923144507174e-01        -2.0836036690765787e-03         1.3742621531110553e-03        -9.6544584137849172e-04         1.0600424887451429e-02        -1.2019505019127139e-02
14                                    -7.1014872692603939e-02         1.0152494787546583e-01        -2.3382595131198711e-01         9.6007138051284677e-04        -2.3683539711798277e-03         5.4569278769461722e-03         9.9919136458347622e-04        -1.8702369036499578e-03
15                                    -7.3946752048593481e-03        -2.8290693554553711e-02        -2.3010920314895938e-07        -2.5146489535288058e-02        -7.0936361279613780e-03        -2.9317643137509780e-07        -7.4960776313750185e-03         1.4962030002299387e-03
16                                     4.5485931031039734e-04         7.9160751306292271e-04        -9.5777708681792514e-09        -3.5014995512620828e-02        -2.6181634721956365e-01        -7.1773963488863477e-07         2.4620299435848406e-04         1.3733281270912521e-03
17                                    -1.5863704472283544e-07        -4.8076195275008586e-07         1.2654684332096843e-03        -2.9220333283584009e-07        -2.8591389878298884e-07        -2.9293908253663894e-03        -1.4488812196585508e-07         3.3432712875601138e-08
                                                         8                           9                          10                          11                          12                          13                          14                          15

0                                     -1.1729938621022360e-06        -6.6402378323585781e-02         4.1265240746891967e-02         7.1020338259900506e-02        -6.6398110700176968e-02         4.1264152597460628e-02        -7.1014872692603939e-02        -7.3946752048593481e-03
1                                     -4.0704506819022268e-06         4.2496607332174752e-02        -1.0363230226385256e-01        -1.0152044215311437e-01         4.2495573938596258e-02        -1.0363687655480674e-01         1.0152494787546583e-01        -2.8290693554553711e-02
2                                     -4.5529040012410059e-02         7.7796010013477565e-02        -1.0042476282715723e-01        -2.3382567549021543e-01        -7.7790488209975250e-02         1.0042923144507174e-01        -2.3382595131198711e-01        -2.3010920314895938e-07
3                                     -1.4361824142475297e-07        -2.3040711574338027e-02        -2.0835318812315075e-03        -9.6090334810355893e-04        -2.3040274397537364e-02        -2.0836036690765787e-03         9.6007138051284677e-04        -2.5146489535288058e-02
4                                     -2.7615089244660024e-07         1.1284672997412037e-02         1.3742383323656800e-03         2.3686082577499042e-03         1.1285163774337959e-02         1.3742621531110553e-03        -2.3683539711798277e-03        -7.0936361279613780e-03
5                                     -2.3918543354604135e-04         1.7609022963820602e-02         9.6526961610781878e-04         5.4574931637872831e-03        -1.7609601805244950e-02        -9.6544584137849172e-04         5.4569278769461722e-03        -2.9317643137509780e-07
6                                      1.3899207952749505e-06         3.8561481119596414e-03         1.0601135920532714e-02        -9.9885733314364865e-04         3.8558600212236435e-03         1.0600424887451429e-02         9.9919136458347622e-04        -7.4960776313750185e-03
7                                      4.3170236261977765e-06        -3.9901865104951893e-03        -1.2018957583387462e-02         1.8698246766239782e-03        -3.9903611759876060e-03        -1.2019505019127139e-02        -1.8702369036499578e-03         1.4962030002299387e-03
8                                      4.4275936315175769e-02        -9.1508059450707436e-03        -2.5206711736144742e-02         8.5678990176345183e-04         9.1508016117508480e-03         2.5206748762857629e-02         8.5757044245451030e-04        -6.1696112996395304e-08
9                                     -9.1508059450707436e-03         7.9231461840919629e-02        -4.4092430833876546e-02        -7.7616319210450396e-02         4.5300354122053193e-03        -5.6640300951250853e-03        -8.0271822037110609e-03         1.8254445328392275e-03
10                                    -2.5206711736144742e-02        -4.4092430833876546e-02         1.0636673383304716e-01         1.1039292833390091e-01        -5.6645887296656646e-03         7.4928155981882289e-03         1.3280842856008650e-02        -9.9912003269658769e-05
11                                     8.5678990176345183e-04        -7.7616319210450396e-02         1.1039292833390091e-01         2.4636355512639144e-01         8.0277170639885230e-03        -1.3280423063630066e-02        -1.8669677358937951e-02         4.0441470854621830e-04
12                                     9.1508016117508480e-03         4.5300354122053193e-03        -5.6645887296656646e-03         8.0277170639885230e-03         7.9226980452767354e-02        -4.4091152462840275e-02         7.7610762737014352e-02         1.8255092115180335e-03
13                                     2.5206748762857629e-02        -5.6640300951250853e-03         7.4928155981882289e-03        -1.3280423063630066e-02        -4.4091152462840275e-02         1.0637179060381907e-01        -1.1039769823583828e-01        -9.9881698449772968e-05
14                                     8.5757044245451030e-04        -8.0271822037110609e-03         1.3280842856008650e-02        -1.8669677358937951e-02         7.7610762737014352e-02        -1.1039769823583828e-01         2.4636360674331140e-01        -4.0435271038597852e-04
15                                    -6.1696112996395304e-08         1.8254445328392275e-03        -9.9912003269658769e-05         4.0441470854621830e-04         1.8255092115180335e-03        -9.9881698449772968e-05        -4.0435271038597852e-04         3.6386288627165163e-02
16                                     3.5293988713622043e-09         3.9453890528723737e-05         4.1747208363894159e-04         1.4689595279224893e-04         3.9455096138989003e-05         4.1751321881552863e-04        -1.4689683446241636e-04         3.4161472302644408e-02
17                                    -2.2207121343763379e-04        -4.8711575880361585e-04         1.0150417529619915e-03        -1.8248534278878827e-04         4.8719072705678801e-04        -1.0150178534265122e-03        -1.8247639178704144e-04         5.2187191681651542e-07
                                                        16                          17

0                                      4.5485931031039734e-04        -1.5863704472283544e-07
1                                      7.9160751306292271e-04        -4.8076195275008586e-07
2                                     -9.5777708681792514e-09         1.2654684332096843e-03
3                                     -3.5014995512620828e-02        -2.9220333283584009e-07
4                                     -2.6181634721956365e-01        -2.8591389878298884e-07
5                                     -7.1773963488863477e-07        -2.9293908253663894e-03
6                                      2.4620299435848406e-04        -1.4488812196585508e-07
7                                      1.3733281270912521e-03         3.3432712875601138e-08
8                                      3.5293988713622043e-09        -2.2207121343763379e-04
9                                      3.9453890528723737e-05        -4.8711575880361585e-04
10                                     4.1747208363894159e-04         1.0150417529619915e-03
11                                     1.4689595279224893e-04        -1.8248534278878827e-04
12                                     3.9455096138989003e-05         4.8719072705678801e-04
13                                     4.1751321881552863e-04        -1.0150178534265122e-03
14                                    -1.4689683446241636e-04        -1.8247639178704144e-04
15                                     3.4161472302644408e-02         5.2187191681651542e-07
16                                     2.5881642627695506e-01         7.1700664011545951e-07
17                                     7.1700664011545951e-07         2.2509553401701687e-03
   &MODES [&Type "ArrayOfDoubles", &Dim (18,18)] "The modes of vibrations"
                                                         0                           1                           2                           3                           4                           5                           6                           7

0                                      0.0000000000000000e+00         0.0000000000000000e+00         0.0000000000000000e+00         0.0000000000000000e+00         0.0000000000000000e+00         0.0000000000000000e+00         4.8192499089806267e-07         2.1736138016742670e-01
1                                      0.0000000000000000e+00         0.0000000000000000e+00         0.0000000000000000e+00         0.0000000000000000e+00         0.0000000000000000e+00         0.0000000000000000e+00         3.4408825279243523e-07         6.2653842710929473e-03
2                                      0.0000000000000000e+00         0.0000000000000000e+00         0.0000000000000000e+00         0.0000000000000000e+00         0.0000000000000000e+00         0.0000000000000000e+00        -3.7319500336792082e-03         3.0905328660890540e-06
3                                      0.0000000000000000e+00         0.0000000000000000e+00         0.0000000000000000e+00         0.0000000000000000e+00         0.0000000000000000e+00         0.0000000000000000e+00         1.5282396744641239e-07        -9.9750558455848182e-02
4                                      0.0000000000000000e+00         0.0000000000000000e+00         0.0000000000000000e+00         0.0000000000000000e+00         0.0000000000000000e+00         0.0000000000000000e+00        -2.1466863196304606e-08         2.4663461713877342e-03
5                                      0.0000000000000000e+00         0.0000000000000000e+00         0.0000000000000000e+00         0.0000000000000000e+00         0.0000000000000000e+00         0.0000000000000000e+00        -2.5841662409805202e-02        -1.3168122308642596e-06
6                                      0.0000000000000000e+00         0.0000000000000000e+00         0.0000000000000000e+00         0.0000000000000000e+00         0.0000000000000000e+00         0.0000000000000000e+00        -3.3653016414747629e-06         2.6702599607471378e-01
7                                      0.0000000000000000e+00         0.0000000000000000e+00         0.0000000000000000e+00         0.0000000000000000e+00         0.0000000000000000e+00         0.0000000000000000e+00        -4.5241370544919766e-06        -1.5342410211754578e-02
8                                      0.0000000000000000e+00         0.0000000000000000e+00         0.0000000000000000e+00         0.0000000000000000e+00         0.0000000000000000e+00         0.0000000000000000e+00         3.7140202736460998e-01         2.8290620672603079e-06
9                                      0.0000000000000000e+00         0.0000000000000000e+00         0.0000000000000000e+00         0.0000000000000000e+00         0.0000000000000000e+00         0.0000000000000000e+00         4.3426724210156149e-02         1.1104353223595023e-01
10                                     0.0000000000000000e+00         0.0000000000000000e+00         0.0000000000000000e+00         0.0000000000000000e+00         0.0000000000000000e+00         0.0000000000000000e+00         2.8897065998576416e-01        -5.6137630680551137e-02
11                                     0.0000000000000000e+00         0.0000000000000000e+00         0.0000000000000000e+00         0.0000000000000000e+00         0.0000000000000000e+00         0.0000000000000000e+00        -1.4599009949046979e-01        -5.8998212678858710e-03
12                                     0.0000000000000000e+00         0.0000000000000000e+00         0.0000000000000000e+00         0.0000000000000000e+00         0.0000000000000000e+00         0.0000000000000000e+00        -4.3423206871560295e-02         1.1104273882647096e-01
13                                     0.0000000000000000e+00         0.0000000000000000e+00         0.0000000000000000e+00         0.0000000000000000e+00         0.0000000000000000e+00         0.0000000000000000e+00        -2.8896876767741192e-01        -5.6136369086743181e-02
14                                     0.0000000000000000e+00         0.0000000000000000e+00         0.0000000000000000e+00         0.0000000000000000e+00         0.0000000000000000e+00         0.0000000000000000e+00        -1.4599828687059901e-01         5.9026366907701747e-03
15                                     0.0000000000000000e+00         0.0000000000000000e+00         0.0000000000000000e+00         0.0000000000000000e+00         0.0000000000000000e+00         0.0000000000000000e+00        -1.0755149515967112e-05         9.3502184156049287e-02
16                                     0.0000000000000000e+00         0.0000000000000000e+00         0.0000000000000000e+00         0.0000000000000000e+00         0.0000000000000000e+00         0.0000000000000000e+00        -7.8544944270220855e-07        -2.5483380432447397e-02
17                                     0.0000000000000000e+00         0.0000000000000000e+00         0.0000000000000000e+00         0.0000000000000000e+00         0.0000000000000000e+00         0.0000000000000000e+00         7.8696349065605764e-01        -5.8832436930330919e-07
                                                         8                           9                          10                          11                          12                          13                          14                          15

0                                      5.5635289090414028e-02         1.8081477506103979e-06        -7.9264747937297063e-03         1.0089145661010337e-01        -1.1721874321655387e-06         6.1471581934824625e-03        -3.0997035284739894e-04        -4.2912033233415907e-02
1                                     -3.5863145667626162e-02         6.8555325402188870e-07        -1.1248305567082728e-01        -2.5203454218442395e-03         1.8508664990029726e-07        -5.8448343450662375e-02        -1.1463796916768578e-03         3.6327625310672157e-03
2                                      5.8682482522193924e-07        -1.0825328176277305e-01        -8.3824649566796242e-07         1.7004206733471126e-06         6.1336848832557536e-02         4.2875568695057749e-07        -1.6651667250397778e-09         9.8324911140990224e-07
3                                     -1.2171978632775737e-03        -3.0222976998962616e-07        -1.7757345392596678e-02         8.0913210391989916e-03        -6.4422728247382285e-08         8.9355256436762147e-04         4.4629027930024870e-03        -3.4599881577981959e-04
4                                     -4.6547936122723942e-03        -1.8140500405032510e-07         3.1200247571913493e-02         1.9315036960217626e-03         3.0301355110978229e-08        -4.4983363052986877e-03         3.0541667555139380e-02        -2.9608881424797592e-04
5                                     -3.3757577933079343e-08         2.2969496156821430e-02        -1.4543581539993176e-07         9.6369193979132599e-08         2.9853999412105645e-03        -6.4784036344580197e-09         8.8999825349054777e-08        -8.6827069935232436e-09
6                                     -4.1495521694838339e-01        -7.4767832620538474e-06        -4.7169387485688713e-01        -5.3916084096447447e-01         6.0551361935651185e-06         3.2475853900943202e-01         6.1596925487755498e-03         1.5108771961073933e-01
7                                      1.2520618566423611e-01        -1.6963765231286790e-06         4.4878927372483716e-02         1.9102114681330143e-01         1.0007210872944837e-05        -1.4099919711055953e-01         1.3598007778204382e-02         4.9954161082489995e-01
8                                     -5.3277765342274612e-06         2.2654057260450816e-01        -5.7621621113118733e-06        -7.1172849939589884e-06        -7.1055018503496981e-01        -8.0812203058893889e-06         2.6638233457399397e-07         8.2745706237812560e-06
9                                      2.6290835821613884e-01         5.9392266034611274e-01         2.6602930323979646e-01        -4.8186649185999647e-01         2.6894438287480821e-01        -1.9136880560863032e-01        -1.2390131188861292e-03         1.8508354764887019e-01
10                                     1.7452768612474093e-01        -7.6950033908705168e-02         1.8195532956421118e-01        -1.0938248078405113e-01         3.8046420596970709e-01         4.8964134941006038e-01        -5.4663601563861831e-04        -2.6934783317937833e-01
11                                    -2.7506440788696802e-02         1.8173776699366778e-01        -4.9774572605611037e-02        -1.5984336575766012e-01        -6.2448208495501922e-02        -3.6759296703529687e-01         2.0816756640017423e-03        -4.9192383827578756e-01
12                                     2.6291455439376915e-01        -5.9392520652145842e-01         2.6603061061547723e-01        -4.8187071972474521e-01        -2.6893453955753327e-01        -1.9138708629237292e-01        -1.2390196033503628e-03         1.8506166696600068e-01
13                                     1.7452570452023486e-01         7.6949140924331749e-02         1.8195253519441532e-01        -1.0938797734804712e-01        -3.8047738909602724e-01         4.8962118074737598e-01        -5.4655119243262327e-04        -2.6934809581943270e-01
14                                     2.7514712761817196e-02         1.8172373571755113e-01         4.9785347022338368e-02         1.5982632402724459e-01        -6.2476558507606549e-02         3.6759636333584217e-01        -2.0818982755007450e-03         4.9190416370693918e-01
15                                    -7.3508604265387001e-01        -1.9097558828735719e-06         5.9886549079738427e-01         4.3359324512835792e-02         1.1795120928589517e-07        -4.3670119604008108e-02        -1.4193325668726292e-01         1.0975749018297168e-03
16                                     1.0112229454724754e-01         1.9021833279504194e-07        -6.0816509882340490e-02        -3.6516208564874230e-03         6.7317202597715620e-09         1.2601938715574162e-03        -9.7023963737671826e-01         5.2847711740519514e-03
17                                    -8.8629317322383811e-06        -3.0648781203652140e-02         9.6016847700732746e-06         8.3228022442649676e-07         9.6527164794878648e-03        -2.1794426273681832e-07        -2.8546181402810408e-06        -3.9919921164722326e-08
                                                        16                          17

0                                      2.6494398256905546e-07         1.0129849866508146e-03
1                                     -2.3823444142490884e-05         8.8774038095170191e-02
2                                     -9.0584684393214973e-02        -2.4383130956646968e-05
3                                     -6.3061452294770612e-08         2.1270530265611674e-04
4                                     -1.0850042547235099e-07         3.8120644495284126e-04
5                                      1.2868489369450718e-04         3.8325822821244544e-08
6                                      7.2255537195848438e-05        -2.4716002974424439e-01
7                                      2.2382304671837581e-04        -7.6619353913046973e-01
8                                     -2.0494000943930345e-02        -1.8152811463920684e-05
9                                     -2.2126841228270111e-01         1.1719172452428979e-01
10                                     3.1406797200887465e-01        -1.4494065511792656e-01
11                                     5.4722300962181358e-01        -3.0002188569924354e-01
12                                     2.2119328505783656e-01         1.1730725723822397e-01
13                                    -3.1400825873267479e-01        -1.4512358381582943e-01
14                                     5.4707086705563812e-01         3.0032902999279348e-01
15                                     1.7204059088229729e-06        -6.1745618176919622e-03
16                                     3.7870017207270230e-06        -1.3669255850732538e-02
17                                     1.4848529917356975e-03         3.3099811288740314e-07
$End
