*************************************************
******************* ORCA 6.0.0 ******************
*************************************************
$Calculation_Status
   &GeometryIndex 1
   &ListStatus       OUT
   &VERSION [&Type "String"] "6.0.0"
   &PROGNAME [&Type "String"] "LeanSCF"
   &STATUS [&Type "String"] "NORMAL TERMINATION"
$End
$Geometry
   &GeometryIndex 1
   &ListStatus       OUT
   &NATOMS [&Type "Integer"] 5
   &NCORELESSECP [&Type "Integer"] 0
   &NGHOSTATOMS [&Type "Integer"] 0
   &CartesianCoordinates [&Type "Coordinates", &Dim(5,4), &Units "Bohr"] 
              C     -1.117830923029   -1.212088151454    0.000062518944
              F     -2.899790497837    0.676967770874   -0.000116066979
              Cl     2.014366683940    0.190101099447    0.000001669384
              H     -1.303635386936   -2.320268688904   -1.727548248226
              H     -1.303697847487   -2.319991452285    1.727845351536
$End
$SCF_Energy
   &GeometryIndex 1
   &ListStatus       OUT
   &SCF_ENERGY [&Type "Double"]      -5.9932071823047465e+02
$End
$DFT_Energy
   &GeometryIndex 1
   &ListStatus       OUT
   &NALPHAEL [&Type "Integer"] 17
   &NBETAEL [&Type "Integer"] 17
   &NTOTALEL [&Type "Integer"] 34
   &EEXCHANGE [&Type "Double"]      -4.3559563066001076e+01
   &ECORR [&Type "Double"]      -1.2174029128839194e+00
   &ECNL [&Type "Double"]       0.0000000000000000e+00
   &EXC [&Type "Double"]      -4.4776965978884995e+01
   &EEMBED [&Type "Double"]       0.0000000000000000e+00
   &FINALEN [&Type "Double"]      -5.9932071823047465e+02  "No Van der Waals correction"
$End
$Mulliken_Population_Analysis
   &GeometryIndex 1
   &ListStatus       OUT
   &NATOMS [&Type "Integer"] 5
   &ATNO [&Type "ArrayOfIntegers", &Dim (5,1)] 
                                                         0

0                                                        6
1                                                        9
2                                                       17
3                                                        1
4                                                        1
   &ATOMICCHARGES [&Type "ArrayOfDoubles", &Dim (5,1)] 
                                                         0

0                                      9.9203288490018693e-02
1                                     -2.0107884648639640e-01
2                                     -1.4576345483658670e-01
3                                      1.2381957329812043e-01
4                                      1.2381943953486307e-01
$End
$Loewdin_Population_Analysis
   &GeometryIndex 1
   &ListStatus       OUT
   &NATOMS [&Type "Integer"] 5
   &ATNO [&Type "ArrayOfIntegers", &Dim (5,1)] 
                                                         0

0                                                        6
1                                                        9
2                                                       17
3                                                        1
4                                                        1
   &ATOMICCHARGES [&Type "ArrayOfDoubles", &Dim (5,1)] 
                                                         0

0                                     -5.4816821730564858e-01
1                                      9.8771068434270859e-02
2                                      2.3981032821813386e-01
3                                      1.0479334638675908e-01
4                                      1.0479347426649577e-01
$End
$Mayer_Population_Analysis
   &GeometryIndex 1
   &ListStatus       OUT
   &NATOMS [&Type "Integer"] 5 "Total number of atoms"
   &BONDTHRESH [&Type "Double"]       1.0000000000000001e-01  "The threshold for printing"
   &NBONDORDERSPRINT [&Type "Integer"] 4 "The number of bond orders larger than threshold"
   &BONDORDERS [&Type "ArrayOfDoubles", &Dim (4,1)] "The bond orders"
                                                         0

0                                      1.0253831170043948e+00
1                                      1.0955297507681032e+00
2                                      9.5816747235996946e-01
3                                      9.5816770556621245e-01
   &COMPONENTS [&Type "ArrayOfIntegers", &Dim (4,4)] "The indices and atomic numbers of the bonding atoms"
                                                         0                           1                           2                           3

0                                                        0                           6                           1                           9
1                                                        0                           6                           2                          17
2                                                        0                           6                           3                           1
3                                                        0                           6                           4                           1
   &ATNO [&Type "ArrayOfIntegers", &Dim (5,1)] "Atomic number of the elements"
                                                         0

0                                                        6
1                                                        9
2                                                       17
3                                                        1
4                                                        1
   &NA [&Type "ArrayOfDoubles", &Dim (5,1)] "Mulliken gross atomic population"
                                                         0

0                                      5.9007967115099609e+00
1                                      9.2010788464864106e+00
2                                      1.7145763454836569e+01
3                                      8.7618042670187890e-01
4                                      8.7618056046513682e-01
   &ZA [&Type "ArrayOfDoubles", &Dim (5,1)] "Total nuclear charge"
                                                         0

0                                      6.0000000000000000e+00
1                                      9.0000000000000000e+00
2                                      1.7000000000000000e+01
3                                      1.0000000000000000e+00
4                                      1.0000000000000000e+00
   &QA [&Type "ArrayOfDoubles", &Dim (5,1)] "Mulliken gross atomic charge"
                                                         0

0                                      9.9203288490039121e-02
1                                     -2.0107884648641061e-01
2                                     -1.4576345483656894e-01
3                                      1.2381957329812110e-01
4                                      1.2381943953486318e-01
   &VA [&Type "ArrayOfDoubles", &Dim (5,1)] "Mayer's total valence"
                                                         0

0                                      4.0372480456986404e+00
1                                      1.0491101636842215e+00
2                                      1.1335135946924668e+00
3                                      9.5875693345247848e-01
4                                      9.5875707909550500e-01
   &BVA [&Type "ArrayOfDoubles", &Dim (5,1)] "Mayer's bonded valence"
                                                         0

0                                      4.0372480456986803e+00
1                                      1.0491101636842373e+00
2                                      1.1335135946924533e+00
3                                      9.5875693345248614e-01
4                                      9.5875707909550101e-01
   &FA [&Type "ArrayOfDoubles", &Dim (5,1)] "Mayer's free valence"
                                                         0

0                                      0.0000000000000000e+00
1                                      0.0000000000000000e+00
2                                      0.0000000000000000e+00
3                                      0.0000000000000000e+00
4                                      0.0000000000000000e+00
$End
$VdW_Correction
   &GeometryIndex 1
   &ListStatus       OUT
   &VDW [&Type "Double"]      -6.3894014301530072e-04
$End
$Calculation_Info
   &GeometryIndex 1
   &ListStatus       OUT
   &MULT [&Type "Integer"] 1
   &CHARGE [&Type "Integer"] 0
   &NUMOFATOMS [&Type "Integer"] 5
   &NUMOFELECTRONS [&Type "Integer"] 34
   &NUMOFFCELECTRONS [&Type "Integer"] 1
   &NUMOFCORRELECTRONS [&Type "Integer"] 0
   &NUMOFBASISFUNCTS [&Type "Integer"] 111
   &NUMOFAUXCBASISFUNCTS [&Type "Integer"] 0
   &NUMOFAUXJBASISFUNCTS [&Type "Integer"] 129
   &NUMOFAUXJKBASISFUNCTS [&Type "Integer"] 0
   &NUMOFCABSBASISFUNCTS [&Type "Integer"] 0
   &TOTALENERGY [&Type "Double"]      -5.9931490835571776e+02  "Hartrees"
$End
$SCF_Dipole_Moment
   &GeometryIndex 1
   &ListStatus       OUT
   &METHOD [&Type "String"] "SCF"
   &LEVEL [&Type "String"] "Relaxed density"
   &MULT [&Type "Integer"] 1
   &STATE [&Type "Integer"] -1
   &IRREP [&Type "Integer"] 0
   &NATOMS [&Type "Integer"] 5
   &DODIPOLEATOM [&Type "Boolean"] false
   &DIPOLEELECCONTRIB [&Type "ArrayOfDoubles", &Dim (3,1)] "Electronic contribution"
                                                         0

0                                      1.0996360444744726e+00
1                                      2.0426613915407237e+00
2                                     -1.4559457125984257e-04
   &DIPOLENUCCONTRIB [&Type "ArrayOfDoubles", &Dim (3,1)] "Nuclear contribution"
                                                         0

0                                     -1.3025864910501432e+00
1                                     -2.7695442955544372e+00
2                                      1.9990065652342182e-04
   &DIPOLETOTAL [&Type "ArrayOfDoubles", &Dim (3,1)] "Total"
                                                         0

0                                     -2.0295044657567063e-01
1                                     -7.2688290401371347e-01
2                                      5.4306085263579242e-05
   &DIPOLEMAGNITUDE [&Type "Double", &Units "a.u."]       7.5468380323273421e-01
$End
$THERMOCHEMISTRY_Energies
   &GeometryIndex 1
   &ListStatus       OUT
   &TEMPERATURE [&Type "Double"]       2.9814999999999998e+02
   &PRESSURE [&Type "Double"]       1.0000000000000000e+00
   &TOTALMASS [&Type "Double"]       6.8477999999999994e+01
   &SPINDEGENERACY [&Type "Integer"] 1
   &ELENERGY [&Type "Double"]      -5.9931490835571776e+02
   &TRANSENERGY [&Type "Double"]       1.4162714244859817e-03
   &ROTENERGY [&Type "Double"]       1.4162714244859817e-03
   &VIBENERGY [&Type "Double"]       5.5327622162772670e-04
   &NUMOFFREQS [&Type "Integer"] 15
   &FREQSCALINGFACTOR [&Type "Double"]       1.0000000000000000e+00
   &FREQ [&Type "ArrayOfDoubles", &Dim (15,1)] "In cm^-1"
                                                         0

0                                      0.0000000000000000e+00
1                                      0.0000000000000000e+00
2                                      0.0000000000000000e+00
3                                      0.0000000000000000e+00
4                                      0.0000000000000000e+00
5                                      0.0000000000000000e+00
6                                      3.7477868674309298e+02
7                                      6.8104202432384352e+02
8                                      1.0011167409101623e+03
9                                      1.0324759763854804e+03
10                                     1.2350694280107518e+03
11                                     1.3522922340216330e+03
12                                     1.4848656528030933e+03
13                                     3.0670661211037645e+03
14                                     3.1589379135345321e+03
   &ZPE [&Type "Double"]       3.0499298968612958e-02
   &INNERENERGYU [&Type "Double"]      -5.9928102323767871e+02
   &ENTHALPYH [&Type "Double"]      -5.9928007902863646e+02
   &QEL [&Type "Double"]       0.0000000000000000e+00
   &QROT [&Type "Double"]       1.1013543014820821e-02
   &QVIB [&Type "Double"]       7.7820894907249406e-04
   &QTRANS [&Type "Double"]       1.8334960095771336e-02
   &ENTROPYS [&Type "Double"]       3.0126712059664652e-02
   &FREEENERGYG [&Type "Double"]      -5.9931020574069612e+02
   &ISLINEAR [&Type "Boolean"] false
$End
$Hessian
   &GeometryIndex 1
   &ListStatus       OUT
   &HESSIAN [&Type "ArrayOfDoubles", &Dim (15,15)] "The Hessian"
                                                         0                           1                           2                           3                           4                           5                           6                           7

0                                      2.7272957388975705e-01        -2.4965600254662386e-02        -3.8111016085907307e-06        -1.2520559025900765e-01         7.5746296475623989e-02        -6.7364923982431895e-06        -6.3897789418018505e-02        -2.8635127292151355e-02
1                                     -2.4965600254662386e-02         4.8080109522125780e-01         1.1011131386892692e-05         1.0634992931545674e-01        -1.8283575353231213e-01         1.1257235427755208e-05        -4.4452753150414547e-02        -6.1962626557092032e-02
2                                     -3.8111016085907307e-06         1.1011131386892692e-05         6.3484335960350025e-01        -1.0335554309866886e-05         1.2074115128269829e-05        -7.4246573961060394e-02         2.7432079613025320e-06         1.0449685893090470e-06
3                                     -1.2520559025900765e-01         1.0634992931545674e-01        -1.0335554309866886e-05         1.8803280873762623e-01        -1.4357457339148022e-01         1.4221371243233229e-05        -5.2318075183376216e-02         1.1732737445013467e-02
4                                      7.5746296475623989e-02        -1.8283575353231213e-01         1.2074115128269829e-05        -1.4357457339148022e-01         2.1213902702323889e-01        -1.6951425218658537e-05         1.3931827660786357e-02         1.7443035914569166e-02
5                                     -6.7364923982431895e-06         1.1257235427755208e-05        -7.4246573961060394e-02         1.4221371243233229e-05        -1.6951425218658537e-05         5.0036607957626864e-02        -2.1137095707539478e-06        -7.0928096708663953e-07
6                                     -6.3897789418018505e-02        -4.4452753150414547e-02         2.7432079613025320e-06        -5.2318075183376216e-02         1.3931827660786357e-02        -2.1137095707539478e-06         1.5091124887409302e-01         5.3358842196630486e-02
7                                     -2.8635127292151355e-02        -6.1962626557092032e-02         1.0449685893090470e-06         1.1732737445013467e-02         1.7443035914569166e-02        -7.0928096708663953e-07         5.3358842196630486e-02         5.5342467885801647e-02
8                                      1.9628657776877956e-06         8.0868493683575478e-07        -4.2092123846517497e-02        -1.9147938823583469e-06        -6.8809978020072190e-07         5.9298081197639747e-03        -1.9198148341350273e-06        -1.5087511884821856e-06
9                                     -4.1812082187502868e-02        -1.8415868825488530e-02        -2.9337212737825150e-02        -5.2549631606410834e-03         2.6838293499046900e-02         2.0813372019980597e-02        -1.7347504920006626e-02        -1.8171018642660918e-02
10                                    -1.1122822721251046e-02        -1.1801999703976762e-01        -1.1197475692604331e-01         1.2858027074145177e-02        -2.3374883837821703e-02        -2.2503815890407293e-02        -1.1477322391774736e-02        -5.4118735815261399e-03
11                                    -2.3887803549175610e-02        -1.1773383704893267e-01        -2.5923491500266893e-01         3.1022517634014049e-03        -4.2002084385232147e-04         9.1423802550454625e-03         2.1864913359045945e-03         2.8778012833728002e-03
12                                    -4.1814112025227973e-02        -1.8415403016479072e-02         2.9347698438533944e-02        -5.2541801346012579e-03         2.6835080893665656e-02        -2.0818098276112744e-02        -1.7347879352691678e-02        -1.8168157957676123e-02
13                                    -1.1123050275971404e-02        -1.1798271809208602e-01         1.1195170746420570e-01         1.2856954419222136e-02        -2.3371425567674228e-02         2.2509522824782725e-02        -1.1477870064383118e-02        -5.4110036617526468e-03
14                                     2.3897306024653120e-02         1.1770967924391432e-01        -2.5926974679325343e-01        -3.1048676995945011e-03         4.2628279010546721e-04         9.1377776286241004e-03        -2.1854174818025027e-03        -2.8766267852727324e-03
                                                         8                           9                          10                          11                          12                          13                          14

0                                      1.9628657776877956e-06        -4.1812082187502868e-02        -1.1122822721251046e-02        -2.3887803549175610e-02        -4.1814112025227973e-02        -1.1123050275971404e-02         2.3897306024653120e-02
1                                      8.0868493683575478e-07        -1.8415868825488530e-02        -1.1801999703976762e-01        -1.1773383704893267e-01        -1.8415403016479072e-02        -1.1798271809208602e-01         1.1770967924391432e-01
2                                     -4.2092123846517497e-02        -2.9337212737825150e-02        -1.1197475692604331e-01        -2.5923491500266893e-01         2.9347698438533944e-02         1.1195170746420570e-01        -2.5926974679325343e-01
3                                     -1.9147938823583469e-06        -5.2549631606410834e-03         1.2858027074145177e-02         3.1022517634014049e-03        -5.2541801346012579e-03         1.2856954419222136e-02        -3.1048676995945011e-03
4                                     -6.8809978020072190e-07         2.6838293499046900e-02        -2.3374883837821703e-02        -4.2002084385232147e-04         2.6835080893665656e-02        -2.3371425567674228e-02         4.2628279010546721e-04
5                                      5.9298081197639747e-03         2.0813372019980597e-02        -2.2503815890407293e-02         9.1423802550454625e-03        -2.0818098276112744e-02         2.2509522824782725e-02         9.1377776286241004e-03
6                                     -1.9198148341350273e-06        -1.7347504920006626e-02        -1.1477322391774736e-02         2.1864913359045945e-03        -1.7347879352691678e-02        -1.1477870064383118e-02        -2.1854174818025027e-03
7                                     -1.5087511884821856e-06        -1.8171018642660918e-02        -5.4118735815261399e-03         2.8778012833728002e-03        -1.8168157957676123e-02        -5.4110036617526468e-03        -2.8766267852727324e-03
8                                      2.4492129676089353e-02        -1.6659170726119603e-02        -8.1359339841788683e-03         5.8352460175149857e-03         1.6661258931399903e-02         8.1373207156769083e-03         5.8349400331491824e-03
9                                     -1.6659170726119603e-02         5.9279429871138906e-02         8.3220334903847445e-03         2.1890803929149379e-02         5.1351203970116666e-03         1.4238024642840089e-03         3.2544547649398532e-03
10                                    -8.1359339841788683e-03         8.3220334903847445e-03         1.3462805495157981e-01         1.2894743289199762e-01         1.4228425629296544e-03         1.2178699507535671e-02         1.3509803166747433e-02
11                                     5.8352460175149857e-03         2.1890803929149379e-02         1.2894743289199762e-01         2.5963350459055601e-01        -3.2539907294048456e-03        -1.3514105540701041e-02        -1.5376215860447497e-02
12                                     1.6661258931399903e-02         5.1351203970116666e-03         1.4228425629296544e-03        -3.2539907294048456e-03         5.9281051115509242e-02         8.3229004872041306e-03        -2.1899171986306115e-02
13                                     8.1373207156769083e-03         1.4238024642840089e-03         1.2178699507535671e-02        -1.3514105540701041e-02         8.3229004872041306e-03         1.3458644781397722e-01        -1.2892679193972939e-01
14                                     5.8349400331491824e-03         3.2544547649398532e-03         1.3509803166747433e-02        -1.5376215860447497e-02        -2.1899171986306115e-02        -1.2892679193972939e-01         2.5967324499192762e-01
   &MODES [&Type "ArrayOfDoubles", &Dim (15,15)] "The modes of vibrations"
                                                         0                           1                           2                           3                           4                           5                           6                           7

0                                      0.0000000000000000e+00         0.0000000000000000e+00         0.0000000000000000e+00         0.0000000000000000e+00         0.0000000000000000e+00         0.0000000000000000e+00         3.7744873954975680e-02        -2.0036484967821633e-01
1                                      0.0000000000000000e+00         0.0000000000000000e+00         0.0000000000000000e+00         0.0000000000000000e+00         0.0000000000000000e+00         0.0000000000000000e+00        -8.1703454278430968e-02        -1.3580508067015659e-01
2                                      0.0000000000000000e+00         0.0000000000000000e+00         0.0000000000000000e+00         0.0000000000000000e+00         0.0000000000000000e+00         0.0000000000000000e+00         7.1130856742157258e-06         7.7804918602294883e-06
3                                      0.0000000000000000e+00         0.0000000000000000e+00         0.0000000000000000e+00         0.0000000000000000e+00         0.0000000000000000e+00         0.0000000000000000e+00         1.6350006524408039e-01         3.5492548827280541e-02
4                                      0.0000000000000000e+00         0.0000000000000000e+00         0.0000000000000000e+00         0.0000000000000000e+00         0.0000000000000000e+00         0.0000000000000000e+00         2.9148906689935469e-02         1.3224613662050777e-02
5                                      0.0000000000000000e+00         0.0000000000000000e+00         0.0000000000000000e+00         0.0000000000000000e+00         0.0000000000000000e+00         0.0000000000000000e+00         3.1779259949812789e-07        -5.0167204307942534e-07
6                                      0.0000000000000000e+00         0.0000000000000000e+00         0.0000000000000000e+00         0.0000000000000000e+00         0.0000000000000000e+00         0.0000000000000000e+00        -9.9909996536137594e-02         5.8345635192059528e-02
7                                      0.0000000000000000e+00         0.0000000000000000e+00         0.0000000000000000e+00         0.0000000000000000e+00         0.0000000000000000e+00         0.0000000000000000e+00         1.6887816280392338e-02         4.4637799027793718e-02
8                                      0.0000000000000000e+00         0.0000000000000000e+00         0.0000000000000000e+00         0.0000000000000000e+00         0.0000000000000000e+00         0.0000000000000000e+00        -2.9516962994355569e-06        -2.6498167680658918e-06
9                                      0.0000000000000000e+00         0.0000000000000000e+00         0.0000000000000000e+00         0.0000000000000000e+00         0.0000000000000000e+00         0.0000000000000000e+00        -8.6402603576136855e-03        -1.6678068513349145e-01
10                                     0.0000000000000000e+00         0.0000000000000000e+00         0.0000000000000000e+00         0.0000000000000000e+00         0.0000000000000000e+00         0.0000000000000000e+00        -8.4897823742952877e-02        -1.0051240938352227e-01
11                                     0.0000000000000000e+00         0.0000000000000000e+00         0.0000000000000000e+00         0.0000000000000000e+00         0.0000000000000000e+00         0.0000000000000000e+00         3.4132428959364946e-03        -2.4960515100877798e-02
12                                     0.0000000000000000e+00         0.0000000000000000e+00         0.0000000000000000e+00         0.0000000000000000e+00         0.0000000000000000e+00         0.0000000000000000e+00        -8.6403084762824781e-03        -1.6678383629478816e-01
13                                     0.0000000000000000e+00         0.0000000000000000e+00         0.0000000000000000e+00         0.0000000000000000e+00         0.0000000000000000e+00         0.0000000000000000e+00        -8.4898297830369895e-02        -1.0050968918270914e-01
14                                     0.0000000000000000e+00         0.0000000000000000e+00         0.0000000000000000e+00         0.0000000000000000e+00         0.0000000000000000e+00         0.0000000000000000e+00        -3.4001736567838710e-03         2.4970458783040102e-02
                                                         8                           9                          10                          11                          12                          13                          14

0                                      6.4967762954469398e-06        -1.2473226393298320e-01         3.6777540020664771e-08        -8.4208528389038320e-02         1.5064141664909275e-02         9.7940517917153337e-03         1.5814002584679096e-06
1                                     -1.7683665306131631e-05         1.7431983383424493e-01         4.1356049546908238e-06        -2.3253856869891471e-02        -7.5088471418579217e-02         5.8978105529655288e-02        -8.3374125905601244e-06
2                                     -1.3512590346575543e-01        -2.0684712219688639e-05         6.2356838938344553e-02         8.3817230313698618e-07         6.3763673049841299e-06        -5.5746968080152809e-06        -9.5441673062743551e-02
3                                     -3.8993435374643188e-06         9.3650925479048130e-02         2.9349670194896709e-07        -2.9563183649704049e-03         3.1944368406291936e-03        -1.1077459943948519e-03        -1.4073515841698947e-09
4                                      6.4223964263319870e-06        -1.1236102272428382e-01        -3.0076202981790242e-06         2.9811726425588971e-02        -1.0380314695465423e-02         6.7417289935046488e-04         5.5400641208135281e-08
5                                      2.7605069316966182e-02         1.1266503500804935e-05        -4.2293417921668179e-02        -2.7222677958466496e-06         8.8200990429867283e-07        -6.9052167387335182e-08         4.9292187707138124e-04
6                                      4.8518431959386097e-08        -7.3900736435968247e-03         2.8151364165060234e-08        -7.2917623617885967e-03        -3.7824744548878913e-03         3.4540924843797264e-04        -8.3830755896791656e-09
7                                      1.9771720017762183e-06        -6.6440101602810043e-03         5.5796515787445502e-07        -8.3485618495033748e-03        -8.6209249970752271e-04        -1.1211334088152596e-04         1.5364244867045354e-08
8                                      2.0373447355227836e-02         1.2047749989528634e-06         5.5062184352473011e-03         5.8783826313029251e-07        -4.8826281156262213e-09         2.5802249796552555e-08         1.8486958530723101e-04
9                                     -3.6116210564754120e-01        -9.4514975269111290e-03        -5.9413299060347879e-01         6.5778907774719009e-01        -5.3327779972403976e-02        -5.3975804568718068e-02         5.9201338252943721e-02
10                                    -4.5550965146473316e-01         1.3710270711285327e-01         3.1242933101173703e-01         4.4206382035649906e-03         5.6031510546441965e-01        -3.5580717080496277e-01         3.5195009515330439e-01
11                                     1.8666482886755720e-01         6.7681693096847701e-03        -6.9821737374471365e-02        -8.5049513998105244e-02        -3.7804067684006232e-01        -5.8753446607446247e-01         5.6070841918185255e-01
12                                     3.6115647749721547e-01        -9.4183231729472357e-03         5.9412603064743641e-01         6.5779388037874065e-01        -5.3342110688666122e-02        -5.3997599948792337e-02        -5.9219860332765564e-02
13                                     4.5552977957753626e-01         1.3713268747570972e-01        -3.1244154878894759e-01         4.4290239803339362e-03         5.6037598003670930e-01        -3.5571982124293117e-01        -3.5185233379152825e-01
14                                     1.8660530065483577e-01        -6.7764132016246070e-03        -6.9751279488054971e-02         8.5070158567658608e-02         3.7794824641541197e-01         5.8760128628207675e-01         5.6075112836587904e-01
$End
