
$orca_hessian_file

$act_atom
  0

$act_coord
  0

$act_energy
        0.000000

$multiplicity
  1

$hessian
15
                    0                  1                  2                  3                  4        
    0      2.7272957389E-01  -2.4965600255E-02  -3.8111016086E-06  -1.2520559026E-01   7.5746296476E-02
    1     -2.4965600255E-02   4.8080109522E-01   1.1011131387E-05   1.0634992932E-01  -1.8283575353E-01
    2     -3.8111016086E-06   1.1011131387E-05   6.3484335960E-01  -1.0335554310E-05   1.2074115128E-05
    3     -1.2520559026E-01   1.0634992932E-01  -1.0335554310E-05   1.8803280874E-01  -1.4357457339E-01
    4      7.5746296476E-02  -1.8283575353E-01   1.2074115128E-05  -1.4357457339E-01   2.1213902702E-01
    5     -6.7364923982E-06   1.1257235428E-05  -7.4246573961E-02   1.4221371243E-05  -1.6951425219E-05
    6     -6.3897789418E-02  -4.4452753150E-02   2.7432079613E-06  -5.2318075183E-02   1.3931827661E-02
    7     -2.8635127292E-02  -6.1962626557E-02   1.0449685893E-06   1.1732737445E-02   1.7443035915E-02
    8      1.9628657777E-06   8.0868493684E-07  -4.2092123847E-02  -1.9147938824E-06  -6.8809978020E-07
    9     -4.1812082188E-02  -1.8415868825E-02  -2.9337212738E-02  -5.2549631606E-03   2.6838293499E-02
   10     -1.1122822721E-02  -1.1801999704E-01  -1.1197475693E-01   1.2858027074E-02  -2.3374883838E-02
   11     -2.3887803549E-02  -1.1773383705E-01  -2.5923491500E-01   3.1022517634E-03  -4.2002084385E-04
   12     -4.1814112025E-02  -1.8415403016E-02   2.9347698439E-02  -5.2541801346E-03   2.6835080894E-02
   13     -1.1123050276E-02  -1.1798271809E-01   1.1195170746E-01   1.2856954419E-02  -2.3371425568E-02
   14      2.3897306025E-02   1.1770967924E-01  -2.5926974679E-01  -3.1048676996E-03   4.2628279011E-04
                    5                  6                  7                  8                  9        
    0     -6.7364923982E-06  -6.3897789418E-02  -2.8635127292E-02   1.9628657777E-06  -4.1812082188E-02
    1      1.1257235428E-05  -4.4452753150E-02  -6.1962626557E-02   8.0868493684E-07  -1.8415868825E-02
    2     -7.4246573961E-02   2.7432079613E-06   1.0449685893E-06  -4.2092123847E-02  -2.9337212738E-02
    3      1.4221371243E-05  -5.2318075183E-02   1.1732737445E-02  -1.9147938824E-06  -5.2549631606E-03
    4     -1.6951425219E-05   1.3931827661E-02   1.7443035915E-02  -6.8809978020E-07   2.6838293499E-02
    5      5.0036607958E-02  -2.1137095708E-06  -7.0928096709E-07   5.9298081198E-03   2.0813372020E-02
    6     -2.1137095708E-06   1.5091124887E-01   5.3358842197E-02  -1.9198148341E-06  -1.7347504920E-02
    7     -7.0928096709E-07   5.3358842197E-02   5.5342467886E-02  -1.5087511885E-06  -1.8171018643E-02
    8      5.9298081198E-03  -1.9198148341E-06  -1.5087511885E-06   2.4492129676E-02  -1.6659170726E-02
    9      2.0813372020E-02  -1.7347504920E-02  -1.8171018643E-02  -1.6659170726E-02   5.9279429871E-02
   10     -2.2503815890E-02  -1.1477322392E-02  -5.4118735815E-03  -8.1359339842E-03   8.3220334904E-03
   11      9.1423802550E-03   2.1864913359E-03   2.8778012834E-03   5.8352460175E-03   2.1890803929E-02
   12     -2.0818098276E-02  -1.7347879353E-02  -1.8168157958E-02   1.6661258931E-02   5.1351203970E-03
   13      2.2509522825E-02  -1.1477870064E-02  -5.4110036618E-03   8.1373207157E-03   1.4238024643E-03
   14      9.1377776286E-03  -2.1854174818E-03  -2.8766267853E-03   5.8349400331E-03   3.2544547649E-03
                   10                 11                 12                 13                 14        
    0     -1.1122822721E-02  -2.3887803549E-02  -4.1814112025E-02  -1.1123050276E-02   2.3897306025E-02
    1     -1.1801999704E-01  -1.1773383705E-01  -1.8415403016E-02  -1.1798271809E-01   1.1770967924E-01
    2     -1.1197475693E-01  -2.5923491500E-01   2.9347698439E-02   1.1195170746E-01  -2.5926974679E-01
    3      1.2858027074E-02   3.1022517634E-03  -5.2541801346E-03   1.2856954419E-02  -3.1048676996E-03
    4     -2.3374883838E-02  -4.2002084385E-04   2.6835080894E-02  -2.3371425568E-02   4.2628279011E-04
    5     -2.2503815890E-02   9.1423802550E-03  -2.0818098276E-02   2.2509522825E-02   9.1377776286E-03
    6     -1.1477322392E-02   2.1864913359E-03  -1.7347879353E-02  -1.1477870064E-02  -2.1854174818E-03
    7     -5.4118735815E-03   2.8778012834E-03  -1.8168157958E-02  -5.4110036618E-03  -2.8766267853E-03
    8     -8.1359339842E-03   5.8352460175E-03   1.6661258931E-02   8.1373207157E-03   5.8349400331E-03
    9      8.3220334904E-03   2.1890803929E-02   5.1351203970E-03   1.4238024643E-03   3.2544547649E-03
   10      1.3462805495E-01   1.2894743289E-01   1.4228425629E-03   1.2178699508E-02   1.3509803167E-02
   11      1.2894743289E-01   2.5963350459E-01  -3.2539907294E-03  -1.3514105541E-02  -1.5376215860E-02
   12      1.4228425629E-03  -3.2539907294E-03   5.9281051116E-02   8.3229004872E-03  -2.1899171986E-02
   13      1.2178699508E-02  -1.3514105541E-02   8.3229004872E-03   1.3458644781E-01  -1.2892679194E-01
   14      1.3509803167E-02  -1.5376215860E-02  -2.1899171986E-02  -1.2892679194E-01   2.5967324499E-01

$vibrational_frequencies
15
    0        0.0000000000000000
    1        0.0000000000000000
    2        0.0000000000000000
    3        0.0000000000000000
    4        0.0000000000000000
    5        0.0000000000000000
    6      374.7786867430929760
    7      681.0420243238435205
    8     1001.1167409101623207
    9     1032.4759763854804078
   10     1235.0694280107518352
   11     1352.2922340216330213
   12     1484.8656528030933259
   13     3067.0661211037645444
   14     3158.9379135345320719

$normal_modes
15 15
                    0                  1                  2                  3                  4        
    0      0.0000000000E+00   0.0000000000E+00   0.0000000000E+00   0.0000000000E+00   0.0000000000E+00
    1      0.0000000000E+00   0.0000000000E+00   0.0000000000E+00   0.0000000000E+00   0.0000000000E+00
    2      0.0000000000E+00   0.0000000000E+00   0.0000000000E+00   0.0000000000E+00   0.0000000000E+00
    3      0.0000000000E+00   0.0000000000E+00   0.0000000000E+00   0.0000000000E+00   0.0000000000E+00
    4      0.0000000000E+00   0.0000000000E+00   0.0000000000E+00   0.0000000000E+00   0.0000000000E+00
    5      0.0000000000E+00   0.0000000000E+00   0.0000000000E+00   0.0000000000E+00   0.0000000000E+00
    6      0.0000000000E+00   0.0000000000E+00   0.0000000000E+00   0.0000000000E+00   0.0000000000E+00
    7      0.0000000000E+00   0.0000000000E+00   0.0000000000E+00   0.0000000000E+00   0.0000000000E+00
    8      0.0000000000E+00   0.0000000000E+00   0.0000000000E+00   0.0000000000E+00   0.0000000000E+00
    9      0.0000000000E+00   0.0000000000E+00   0.0000000000E+00   0.0000000000E+00   0.0000000000E+00
   10      0.0000000000E+00   0.0000000000E+00   0.0000000000E+00   0.0000000000E+00   0.0000000000E+00
   11      0.0000000000E+00   0.0000000000E+00   0.0000000000E+00   0.0000000000E+00   0.0000000000E+00
   12      0.0000000000E+00   0.0000000000E+00   0.0000000000E+00   0.0000000000E+00   0.0000000000E+00
   13      0.0000000000E+00   0.0000000000E+00   0.0000000000E+00   0.0000000000E+00   0.0000000000E+00
   14      0.0000000000E+00   0.0000000000E+00   0.0000000000E+00   0.0000000000E+00   0.0000000000E+00
                    5                  6                  7                  8                  9        
    0      0.0000000000E+00   1.5340764462E-01  -5.3077090727E-01   7.4280656829E-06  -3.8436134275E-01
    1      0.0000000000E+00  -3.3206984592E-01  -3.5975065484E-01  -2.0218554778E-05   5.3716499075E-01
    2      0.0000000000E+00   2.8909931467E-05   2.0610694592E-05  -1.5449571307E-01  -6.3739753553E-05
    3      0.0000000000E+00   6.6451831141E-01   9.4020544884E-02  -4.4583003322E-06   2.8858447953E-01
    4      0.0000000000E+00   1.1847079219E-01   3.5032293354E-02   7.3430237285E-06  -3.4623947490E-01
    5      0.0000000000E+00   1.2916141732E-06  -1.3289403101E-06   3.1562156175E-02   3.4717628600E-05
    6      0.0000000000E+00  -4.0606725197E-01   1.5455887485E-01   5.5473373722E-08  -2.2772445069E-02
    7      0.0000000000E+00   6.8637667766E-02   1.1824651443E-01   2.2605924581E-06  -2.0473457195E-02
    8      0.0000000000E+00  -1.1996669468E-05  -7.0194230791E-06   2.3293907356E-02   3.7125032587E-06
    9      0.0000000000E+00  -3.5116874201E-02  -4.4180571445E-01  -4.1293338741E-01  -2.9124704114E-02
   10      0.0000000000E+00  -3.4505281935E-01  -2.6625958997E-01  -5.2080531273E-01   4.2248075149E-01
   11      0.0000000000E+00   1.3872547404E-02  -6.6120955184E-02   2.1342255704E-01   2.0856052491E-02
   12      0.0000000000E+00  -3.5117069771E-02  -4.4181406195E-01   4.1292695249E-01  -2.9022477642E-02
   13      0.0000000000E+00  -3.4505474619E-01  -2.6625238410E-01   5.2082832613E-01   4.2257313570E-01
   14      0.0000000000E+00  -1.3819429696E-02   6.6147296217E-02   2.1335449568E-01  -2.0881455969E-02
                   10                 11                 12                 13                 14        
    0      3.8413042058E-08  -8.9334118728E-02   1.5659382701E-02   1.0032590052E-02   1.6738135134E-06
    1      4.3195158504E-06  -2.4669268662E-02  -7.8055500043E-02   6.0414542153E-02  -8.8246310736E-06
    2      6.5129855760E-02   8.8919003188E-07   6.6283216191E-06  -5.7104708989E-06  -1.0101905653E-01
    3      3.0654853885E-07  -3.1362630468E-03   3.3206610847E-03  -1.1347256151E-03  -1.4895938502E-09
    4     -3.1413695680E-06   3.1626301503E-02  -1.0790480068E-02   6.9059266452E-04   5.8638122390E-08
    5     -4.4174211774E-02  -2.8879663276E-06   9.1686144121E-07  -7.0733962034E-08   5.2172705453E-04
    6      2.9403259029E-08  -7.7355961092E-03  -3.9319342823E-03   3.5382183630E-04  -8.8729625093E-09
    7      5.8277794176E-07  -8.8567206878E-03  -8.9615702486E-04  -1.1484390856E-04   1.6262094649E-08
    8      5.7510806926E-03   6.2361870224E-07  -5.0755591623E-09   2.6430674468E-08   1.9567292242E-04
    9     -6.2055416276E-01   6.9782727111E-01  -5.5434961630E-02  -5.5290408043E-02   6.2660923094E-02
   10      3.2632310441E-01   4.6897128555E-03   5.8245526793E-01  -3.6447300445E-01   3.7251721830E-01
   11     -7.2926719210E-02  -9.0226293306E-02  -3.9297848937E-01  -6.0184411568E-01   5.9347488029E-01
   12      6.2054689330E-01   6.9783236606E-01  -5.5449858607E-02  -5.5312734259E-02  -6.2680527560E-02
   13     -3.2633586552E-01   4.6986090563E-03   5.8251854789E-01  -3.6438352745E-01  -3.7241374399E-01
   14     -7.2853128052E-02   9.0248194465E-02   3.9288240667E-01   6.0191256332E-01   5.9352008530E-01

#
# The atoms: label  mass x y z (in bohrs)
#
$atoms
5
 C     12.01100     -1.121783477879    -1.217417088928     0.000078516207
 F     18.99800     -2.903743052687     0.671638833400    -0.000100069715
 Cl    35.45300      2.010414129090     0.184772161973     0.000017666648
 H      1.00800     -1.307587941786    -2.325597626377    -1.727532250963
 H      1.00800     -1.307650402337    -2.325320389758     1.727861348800

$actual_temperature
  0.000000

$frequency_scale_factor
  1.000000

$dipole_derivatives
15
    1.5600900976E+00   -1.4951042941E-02    1.9510930537E-05
   -1.8438882178E-01    7.2670976113E-01   -2.8398126938E-05
    3.7895138805E-05   -4.5759746119E-05    4.1781066337E-01
   -8.1963148665E-01    2.3626127765E-01   -2.8584874569E-05
    4.9291071727E-01   -4.8995333705E-01    2.9447214894E-05
   -4.3270775000E-05    1.9428401181E-05   -2.2176560672E-01
   -6.4318091061E-01   -1.3168081161E-01    2.6228269664E-06
   -2.4030517912E-01   -2.2890141988E-01    1.7279618749E-06
    1.4674176856E-05    3.1322213088E-06   -1.5965162158E-01
   -4.7591313960E-02   -4.4092013425E-02   -3.0508046554E-02
   -3.2003979723E-02   -3.7715930239E-03   -3.7345769391E-02
   -3.2475545968E-03   -7.6944911271E-02   -1.8198950504E-02
   -4.7592497566E-02   -4.4090469454E-02    3.0514429220E-02
   -3.2005109957E-02   -3.7526753217E-03    3.7342767763E-02
    3.2516285831E-03    7.6941203461E-02   -1.8216431102E-02

#
# The IR spectrum
#  wavenumber eps Int TX TY TZ
#
$ir_spectrum
15
      0.00   0.00000000   0.00000000     0.000000     0.000000     0.000000
      0.00   0.00000000   0.00000000     0.000000     0.000000     0.000000
      0.00   0.00000000   0.00000000     0.000000     0.000000     0.000000
      0.00   0.00000000   0.00000000     0.000000     0.000000     0.000000
      0.00   0.00000000   0.00000000     0.000000     0.000000     0.000000
      0.00   0.00000000   0.00000000     0.000000     0.000000     0.000000
    374.78   0.00020772   1.04973332     0.008314    -0.010190     0.000001
    681.04   0.02341223 118.31582823    -0.099867    -0.027467     0.000001
   1001.12   0.00005295   0.26757124     0.000003    -0.000002    -0.004063
   1032.48   0.03332772 168.42461442    -0.087037     0.049977    -0.000006
   1235.07   0.00048255   2.43863472     0.000000     0.000000     0.011042
   1352.29   0.00631968  31.93705421    -0.034943    -0.015407     0.000001
   1484.87   0.00002382   0.12037603     0.000789     0.002094    -0.000000
   3067.07   0.00404538  20.44369367     0.005209     0.019608    -0.000002
   3158.94   0.00157406   7.95467204     0.000000    -0.000001    -0.012470


$end

