*************************************************
******************* ORCA 6.0.0 ******************
*************************************************
$Calculation_Status
   &GeometryIndex 1
   &ListStatus       OUT
   &VERSION [&Type "String"] "6.0.0"
   &PROGNAME [&Type "String"] "LeanSCF"
   &STATUS [&Type "String"] "NORMAL TERMINATION"
$End
$Geometry
   &GeometryIndex 1
   &ListStatus       OUT
   &NATOMS [&Type "Integer"] 5
   &NCORELESSECP [&Type "Integer"] 0
   &NGHOSTATOMS [&Type "Integer"] 0
   &CartesianCoordinates [&Type "Coordinates", &Dim(5,4), &Units "Bohr"] 
              C     -1.108645932210   -1.192515156175    0.000001479278
              F     -2.905876402425    0.663884995215   -0.000009399498
              Cl     2.011784621299    0.181827175454    0.000009308602
              H     -1.295242746191   -2.314563614020   -1.722693881750
              H     -1.295255190226   -2.314555523914    1.722700875060
$End
$SCF_Energy
   &GeometryIndex 1
   &ListStatus       OUT
   &SCF_ENERGY [&Type "Double"]      -5.9932107234307159e+02
$End
$DFT_Energy
   &GeometryIndex 1
   &ListStatus       OUT
   &NALPHAEL [&Type "Integer"] 17
   &NBETAEL [&Type "Integer"] 17
   &NTOTALEL [&Type "Integer"] 34
   &EEXCHANGE [&Type "Double"]      -4.3565171883483650e+01
   &ECORR [&Type "Double"]      -1.2179480532309557e+00
   &ECNL [&Type "Double"]       0.0000000000000000e+00
   &EXC [&Type "Double"]      -4.4783119936714606e+01
   &EEMBED [&Type "Double"]       0.0000000000000000e+00
   &FINALEN [&Type "Double"]      -5.9932107234307159e+02  "No Van der Waals correction"
$End
$Mulliken_Population_Analysis
   &GeometryIndex 1
   &ListStatus       OUT
   &NATOMS [&Type "Integer"] 5
   &ATNO [&Type "ArrayOfIntegers", &Dim (5,1)] 
                                                         0

0                                                        6
1                                                        9
2                                                       17
3                                                        1
4                                                        1
   &ATOMICCHARGES [&Type "ArrayOfDoubles", &Dim (5,1)] 
                                                         0

0                                      9.9359415889937353e-02
1                                     -2.0005457048433684e-01
2                                     -1.4188537547065394e-01
3                                      1.2129026878094828e-01
4                                      1.2129026128407205e-01
$End
$Loewdin_Population_Analysis
   &GeometryIndex 1
   &ListStatus       OUT
   &NATOMS [&Type "Integer"] 5
   &ATNO [&Type "ArrayOfIntegers", &Dim (5,1)] 
                                                         0

0                                                        6
1                                                        9
2                                                       17
3                                                        1
4                                                        1
   &ATOMICCHARGES [&Type "ArrayOfDoubles", &Dim (5,1)] 
                                                         0

0                                     -5.6635928410758840e-01
1                                      1.0643655779297490e-01
2                                      2.5070654391644709e-01
3                                      1.0460808461626747e-01
4                                      1.0460809778183611e-01
$End
$Mayer_Population_Analysis
   &GeometryIndex 1
   &ListStatus       OUT
   &NATOMS [&Type "Integer"] 5 "Total number of atoms"
   &BONDTHRESH [&Type "Double"]       1.0000000000000001e-01  "The threshold for printing"
   &NBONDORDERSPRINT [&Type "Integer"] 4 "The number of bond orders larger than threshold"
   &BONDORDERS [&Type "ArrayOfDoubles", &Dim (4,1)] "The bond orders"
                                                         0

0                                      1.0259129539596561e+00
1                                      1.1000568784496669e+00
2                                      9.5896991771330897e-01
3                                      9.5896992306074291e-01
   &COMPONENTS [&Type "ArrayOfIntegers", &Dim (4,4)] "The indices and atomic numbers of the bonding atoms"
                                                         0                           1                           2                           3

0                                                        0                           6                           1                           9
1                                                        0                           6                           2                          17
2                                                        0                           6                           3                           1
3                                                        0                           6                           4                           1
   &ATNO [&Type "ArrayOfIntegers", &Dim (5,1)] "Atomic number of the elements"
                                                         0

0                                                        6
1                                                        9
2                                                       17
3                                                        1
4                                                        1
   &NA [&Type "ArrayOfDoubles", &Dim (5,1)] "Mulliken gross atomic population"
                                                         0

0                                      5.9006405841100564e+00
1                                      9.2000545704843137e+00
2                                      1.7141885375470622e+01
3                                      8.7870973121905160e-01
4                                      8.7870973871592761e-01
   &ZA [&Type "ArrayOfDoubles", &Dim (5,1)] "Total nuclear charge"
                                                         0

0                                      6.0000000000000000e+00
1                                      9.0000000000000000e+00
2                                      1.7000000000000000e+01
3                                      1.0000000000000000e+00
4                                      1.0000000000000000e+00
   &QA [&Type "ArrayOfDoubles", &Dim (5,1)] "Mulliken gross atomic charge"
                                                         0

0                                      9.9359415889943570e-02
1                                     -2.0005457048431374e-01
2                                     -1.4188537547062197e-01
3                                      1.2129026878094840e-01
4                                      1.2129026128407239e-01
   &VA [&Type "ArrayOfDoubles", &Dim (5,1)] "Mayer's total valence"
                                                         0

0                                      4.0439096731833768e+00
1                                      1.0497658622793735e+00
2                                      1.1386033809769061e+00
3                                      9.5903697386901310e-01
4                                      9.5903697959210354e-01
   &BVA [&Type "ArrayOfDoubles", &Dim (5,1)] "Mayer's bonded valence"
                                                         0

0                                      4.0439096731833750e+00
1                                      1.0497658622794159e+00
2                                      1.1386033809770115e+00
3                                      9.5903697386899822e-01
4                                      9.5903697959211009e-01
   &FA [&Type "ArrayOfDoubles", &Dim (5,1)] "Mayer's free valence"
                                                         0

0                                      0.0000000000000000e+00
1                                      0.0000000000000000e+00
2                                      0.0000000000000000e+00
3                                      0.0000000000000000e+00
4                                      0.0000000000000000e+00
$End
$VdW_Correction
   &GeometryIndex 1
   &ListStatus       OUT
   &VDW [&Type "Double"]      -6.3902372645231048e-04
$End
$Calculation_Info
   &GeometryIndex 1
   &ListStatus       OUT
   &MULT [&Type "Integer"] 1
   &CHARGE [&Type "Integer"] 0
   &NUMOFATOMS [&Type "Integer"] 5
   &NUMOFELECTRONS [&Type "Integer"] 34
   &NUMOFFCELECTRONS [&Type "Integer"] 1
   &NUMOFCORRELECTRONS [&Type "Integer"] 0
   &NUMOFBASISFUNCTS [&Type "Integer"] 111
   &NUMOFAUXCBASISFUNCTS [&Type "Integer"] 0
   &NUMOFAUXJBASISFUNCTS [&Type "Integer"] 129
   &NUMOFAUXJKBASISFUNCTS [&Type "Integer"] 0
   &NUMOFCABSBASISFUNCTS [&Type "Integer"] 0
   &TOTALENERGY [&Type "Double"]      -5.9931518206329804e+02  "Hartrees"
$End
$SCF_Dipole_Moment
   &GeometryIndex 1
   &ListStatus       OUT
   &METHOD [&Type "String"] "SCF"
   &LEVEL [&Type "String"] "Relaxed density"
   &MULT [&Type "Integer"] 1
   &STATE [&Type "Integer"] -1
   &IRREP [&Type "Integer"] 0
   &NATOMS [&Type "Integer"] 5
   &DODIPOLEATOM [&Type "Boolean"] false
   &DIPOLEELECCONTRIB [&Type "ArrayOfDoubles", &Dim (3,1)] "Electronic contribution"
                                                         0

0                                      1.0984722260400737e+00
1                                      2.0454083820294007e+00
2                                     -9.9390732579915115e-07
   &DIPOLENUCCONTRIB [&Type "ArrayOfDoubles", &Dim (3,1)] "Nuclear contribution"
                                                         0

0                                     -1.2896527292401008e+00
1                                     -2.7526182559935490e+00
2                                      2.0033840508748568e-06
   &DIPOLETOTAL [&Type "ArrayOfDoubles", &Dim (3,1)] "Total"
                                                         0

0                                     -1.9118050320002711e-01
1                                     -7.0720987396414836e-01
2                                      1.0094767250757057e-06
   &DIPOLEMAGNITUDE [&Type "Double", &Units "a.u."]       7.3259524338970516e-01
$End
$THERMOCHEMISTRY_Energies
   &GeometryIndex 1
   &ListStatus       OUT
   &TEMPERATURE [&Type "Double"]       2.9814999999999998e+02
   &PRESSURE [&Type "Double"]       1.0000000000000000e+00
   &TOTALMASS [&Type "Double"]       6.8477999999999994e+01
   &SPINDEGENERACY [&Type "Integer"] 1
   &ELENERGY [&Type "Double"]      -5.9931518206329804e+02
   &TRANSENERGY [&Type "Double"]       1.4162714244859817e-03
   &ROTENERGY [&Type "Double"]       1.4162714244859817e-03
   &VIBENERGY [&Type "Double"]       5.4045842073436646e-04
   &NUMOFFREQS [&Type "Integer"] 15
   &FREQSCALINGFACTOR [&Type "Double"]       1.0000000000000000e+00
   &FREQ [&Type "ArrayOfDoubles", &Dim (15,1)] "In cm^-1"
                                                         0

0                                      0.0000000000000000e+00
1                                      0.0000000000000000e+00
2                                      0.0000000000000000e+00
3                                      0.0000000000000000e+00
4                                      0.0000000000000000e+00
5                                      0.0000000000000000e+00
6                                      3.7481427824535689e+02
7                                      6.9888173041877997e+02
8                                      1.0086873298200558e+03
9                                      1.0561751402447055e+03
10                                     1.2491321011251573e+03
11                                     1.3665397194183722e+03
12                                     1.4910414806332085e+03
13                                     3.0508240956675345e+03
14                                     3.1358485008427506e+03
   &ZPE [&Type "Double"]       3.0600220880098436e-02
   &INNERENERGYU [&Type "Double"]      -5.9928120884114844e+02
   &ENTHALPYH [&Type "Double"]      -5.9928026463210620e+02
   &QEL [&Type "Double"]       0.0000000000000000e+00
   &QROT [&Type "Double"]       1.1000363553280398e-02
   &QVIB [&Type "Double"]       7.6107085035824462e-04
   &QTRANS [&Type "Double"]       1.8334960095771336e-02
   &ENTROPYS [&Type "Double"]       3.0096394499409977e-02
   &FREEENERGYG [&Type "Double"]      -5.9931036102660562e+02
   &ISLINEAR [&Type "Boolean"] false
$End
$Hessian
   &GeometryIndex 1
   &ListStatus       OUT
   &HESSIAN [&Type "ArrayOfDoubles", &Dim (15,15)] "The Hessian"
                                                         0                           1                           2                           3                           4                           5                           6                           7

0                                      2.8842391601379308e-01        -2.9140251179152379e-02        -1.0717115227227431e-06        -1.3283878315582678e-01         8.3295986279650583e-02        -4.1758274790469950e-07        -7.1023071710100874e-02        -3.1973202762437203e-02
1                                     -2.9140251179152379e-02         4.8863649977987683e-01         1.8116637347936893e-07         1.1392009434189622e-01        -1.8824807812886474e-01         7.2889741363682759e-07        -4.7795537762686850e-02        -6.3493039859400982e-02
2                                     -1.0717115227227431e-06         1.8116637347936893e-07         6.2330540733052020e-01        -5.6965171828606357e-07         7.0384583018727661e-07        -7.3131011386253691e-02        -2.4609417516527689e-08        -6.9267457260943161e-08
3                                     -1.3283878315582678e-01         1.1392009434189622e-01        -5.6965171828606357e-07         1.9623761611858076e-01        -1.5209000020770930e-01         9.3867469615617309e-07        -5.2013861788511626e-02         1.1655141025452138e-02
4                                      8.3295986279650583e-02        -1.8824807812886474e-01         7.0384583018727661e-07        -1.5209000020770930e-01         2.1760819411595114e-01        -1.0382344169555455e-06         1.3681188794314333e-02         1.7834937787191210e-02
5                                     -4.1758274790469950e-07         7.2889741363682759e-07        -7.3131011386253691e-02         9.3867469615617309e-07        -1.0382344169555455e-06         4.8908386004667931e-02        -2.4339224348053073e-07         1.3392950690655190e-08
6                                     -7.1023071710100874e-02        -4.7795537762686850e-02        -2.4609417516527689e-08        -5.2013861788511626e-02         1.3681188794314333e-02        -2.4339224348053073e-07         1.5858210556069152e-01         5.7551248335967524e-02
7                                     -3.1973202762437203e-02        -6.3493039859400982e-02        -6.9267457260943161e-08         1.1655141025452138e-02         1.7834937787191210e-02         1.3392950690655190e-08         5.7551248335967524e-02         5.6641110635031869e-02
8                                     -2.2096299775129684e-08        -1.2936298275446393e-07        -4.1754725631948847e-02        -2.3809408616320957e-07         2.1585681387450208e-08         5.8384788346007273e-03         3.6313642318760303e-07         1.3288788611436758e-07
9                                     -4.2280833178556354e-02        -1.8454107424902305e-02        -2.8949934522827826e-02        -5.6925763879971470e-03         2.7457929172720236e-02         2.1256456975518211e-02        -1.7772536140963753e-02        -1.8558284182730346e-02
10                                    -1.1128624903028144e-02        -1.1844824033916074e-01        -1.1023888845962324e-01         1.3356012483417754e-02        -2.3597584700404874e-02        -2.2785421776361749e-02        -1.1776779772250594e-02        -5.4915183529813047e-03
11                                    -2.3575586928829072e-02        -1.1615713222347611e-01        -2.5420951235114447e-01         3.4018491636476737e-03        -7.1542982531529881e-04         9.1922203266506068e-03         2.0762718785914507e-03         2.8464946301730940e-03
12                                    -4.2281227969309061e-02        -1.8454800195266401e-02         2.8951533978872315e-02        -5.6923947862452173e-03         2.7457817709630662e-02        -2.1256690879555337e-02        -1.7772635921115276e-02        -1.8558178081229160e-02
13                                    -1.1129305214921153e-02        -1.1844714145245037e-01         1.1023814208283655e-01         1.3355830608336700e-02        -2.3597469073872720e-02         2.2785671984581764e-02        -1.1776843930367374e-02        -5.4914902098407940e-03
14                                     2.3577164836013513e-02         1.1615628215471202e-01        -2.5421015796117319e-01        -3.4020238882070258e-03         7.1578836405329291e-04         9.1919262203344204e-03        -2.0763865982066573e-03        -2.8465736506729407e-03
                                                         8                           9                          10                          11                          12                          13                          14

0                                     -2.2096299775129684e-08        -4.2280833178556354e-02        -1.1128624903028144e-02        -2.3575586928829072e-02        -4.2281227969309061e-02        -1.1129305214921153e-02         2.3577164836013513e-02
1                                     -1.2936298275446393e-07        -1.8454107424902305e-02        -1.1844824033916074e-01        -1.1615713222347611e-01        -1.8454800195266401e-02        -1.1844714145245037e-01         1.1615628215471202e-01
2                                     -4.1754725631948847e-02        -2.8949934522827826e-02        -1.1023888845962324e-01        -2.5420951235114447e-01         2.8951533978872315e-02         1.1023814208283655e-01        -2.5421015796117319e-01
3                                     -2.3809408616320957e-07        -5.6925763879971470e-03         1.3356012483417754e-02         3.4018491636476737e-03        -5.6923947862452173e-03         1.3355830608336700e-02        -3.4020238882070258e-03
4                                      2.1585681387450208e-08         2.7457929172720236e-02        -2.3597584700404874e-02        -7.1542982531529881e-04         2.7457817709630662e-02        -2.3597469073872720e-02         7.1578836405329291e-04
5                                      5.8384788346007273e-03         2.1256456975518211e-02        -2.2785421776361749e-02         9.1922203266506068e-03        -2.1256690879555337e-02         2.2785671984581764e-02         9.1919262203344204e-03
6                                      3.6313642318760303e-07        -1.7772536140963753e-02        -1.1776779772250594e-02         2.0762718785914507e-03        -1.7772635921115276e-02        -1.1776843930367374e-02        -2.0763865982066573e-03
7                                      1.3288788611436758e-07        -1.8558284182730346e-02        -5.4915183529813047e-03         2.8464946301730940e-03        -1.8558178081229160e-02        -5.4914902098407940e-03        -2.8465736506729407e-03
8                                      2.4031409761806944e-02        -1.6983764740285956e-02        -8.3547968895147980e-03         5.9423831506639968e-03         1.6983681379101723e-02         8.3547737860503526e-03         5.9424538848771753e-03
9                                     -1.6983764740285956e-02         6.0679139768564733e-02         8.1306331572092369e-03         2.1387281682584268e-02         5.0668059389525188e-03         1.4213503005190964e-03         3.2545838250275351e-03
10                                    -8.3547968895147980e-03         8.1306331572092369e-03         1.3541591529524058e-01         1.2770264687426564e-01         1.4212380118358301e-03         1.2121428097306359e-02         1.3526677499129003e-02
11                                     5.9423831506639968e-03         2.1387281682584268e-02         1.2770264687426564e-01         2.5510864534627165e-01        -3.2544390160105493e-03        -1.3526796703542225e-02        -1.6033736472441773e-02
12                                     1.6983681379101723e-02         5.0668059389525188e-03         1.4212380118358301e-03        -3.2544390160105493e-03         6.0679452737717035e-02         8.1314453957309005e-03        -2.1388711818517758e-02
13                                     8.3547737860503526e-03         1.4213503005190964e-03         1.2121428097306359e-02        -1.3526796703542225e-02         8.1314453957309005e-03         1.3541467263885754e-01        -1.2770198275857392e-01
14                                     5.9424538848771753e-03         3.2545838250275351e-03         1.3526677499129003e-02        -1.6033736472441773e-02        -2.1388711818517758e-02        -1.2770198275857392e-01         2.5510951432840334e-01
   &MODES [&Type "ArrayOfDoubles", &Dim (15,15)] "The modes of vibrations"
                                                         0                           1                           2                           3                           4                           5                           6                           7

0                                      0.0000000000000000e+00         0.0000000000000000e+00         0.0000000000000000e+00         0.0000000000000000e+00         0.0000000000000000e+00         0.0000000000000000e+00         3.4006284441895358e-02         1.9840594173556617e-01
1                                      0.0000000000000000e+00         0.0000000000000000e+00         0.0000000000000000e+00         0.0000000000000000e+00         0.0000000000000000e+00         0.0000000000000000e+00        -8.5190726199546291e-02         1.3774808203642172e-01
2                                      0.0000000000000000e+00         0.0000000000000000e+00         0.0000000000000000e+00         0.0000000000000000e+00         0.0000000000000000e+00         0.0000000000000000e+00         3.2674926097617937e-07         3.5949514285161996e-07
3                                      0.0000000000000000e+00         0.0000000000000000e+00         0.0000000000000000e+00         0.0000000000000000e+00         0.0000000000000000e+00         0.0000000000000000e+00         1.6379891406452401e-01        -3.0114729231377407e-02
4                                      0.0000000000000000e+00         0.0000000000000000e+00         0.0000000000000000e+00         0.0000000000000000e+00         0.0000000000000000e+00         0.0000000000000000e+00         2.9807924961481855e-02        -1.5532199169344160e-02
5                                      0.0000000000000000e+00         0.0000000000000000e+00         0.0000000000000000e+00         0.0000000000000000e+00         0.0000000000000000e+00         0.0000000000000000e+00         5.1263290324690894e-07        -6.7466476598625815e-08
6                                      0.0000000000000000e+00         0.0000000000000000e+00         0.0000000000000000e+00         0.0000000000000000e+00         0.0000000000000000e+00         0.0000000000000000e+00        -9.8680917986328567e-02        -6.0569267543777207e-02
7                                      0.0000000000000000e+00         0.0000000000000000e+00         0.0000000000000000e+00         0.0000000000000000e+00         0.0000000000000000e+00         0.0000000000000000e+00         1.7878076473710307e-02        -4.4136739438403537e-02
8                                      0.0000000000000000e+00         0.0000000000000000e+00         0.0000000000000000e+00         0.0000000000000000e+00         0.0000000000000000e+00         0.0000000000000000e+00        -3.9504915151680977e-07        -1.0702093368703258e-07
9                                      0.0000000000000000e+00         0.0000000000000000e+00         0.0000000000000000e+00         0.0000000000000000e+00         0.0000000000000000e+00         0.0000000000000000e+00        -1.0796972618126162e-02         1.6687886093938664e-01
10                                     0.0000000000000000e+00         0.0000000000000000e+00         0.0000000000000000e+00         0.0000000000000000e+00         0.0000000000000000e+00         0.0000000000000000e+00        -8.7746319076064477e-02         1.0186921790781629e-01
11                                     0.0000000000000000e+00         0.0000000000000000e+00         0.0000000000000000e+00         0.0000000000000000e+00         0.0000000000000000e+00         0.0000000000000000e+00         2.7792927070081478e-03         2.5202192479096289e-02
12                                     0.0000000000000000e+00         0.0000000000000000e+00         0.0000000000000000e+00         0.0000000000000000e+00         0.0000000000000000e+00         0.0000000000000000e+00        -1.0796942520887578e-02         1.6687917674052982e-01
13                                     0.0000000000000000e+00         0.0000000000000000e+00         0.0000000000000000e+00         0.0000000000000000e+00         0.0000000000000000e+00         0.0000000000000000e+00        -8.7746330981409382e-02         1.0186920450236250e-01
14                                     0.0000000000000000e+00         0.0000000000000000e+00         0.0000000000000000e+00         0.0000000000000000e+00         0.0000000000000000e+00         0.0000000000000000e+00        -2.7789533297271217e-03        -2.5201440450203789e-02
                                                         8                           9                          10                          11                          12                          13                          14

0                                     -6.5900514130526895e-07        -1.2921325063945999e-01         1.9683961359107760e-07         8.4362602811346429e-02        -1.6149221061212804e-02         9.7895178520675773e-03         3.2232340402775918e-07
1                                      5.9757543431784651e-07         1.7086376304190434e-01        -1.4532101717201102e-07         2.3389066655408786e-02         7.5559272117394369e-02         5.9454278903927668e-02        -3.4269561113393267e-07
2                                      1.3806968822953233e-01        -1.0692768171464551e-06        -6.0322064349307286e-02         2.4250149923253844e-07        -2.4649903592429785e-07        -2.8997976831249037e-07        -9.5049692185094056e-02
3                                      2.3644495160998948e-07         9.5160923408018017e-02        -1.4678149595183415e-07         3.1399716777554803e-03        -2.7849633550314943e-03        -1.1710466997648260e-03         1.1546625240430300e-09
4                                     -2.2949864836899683e-07        -1.1130636633832020e-01         1.0223749819750878e-07        -2.9675103826834855e-02         9.9497093933638373e-03         7.2702745908781159e-04         1.2049065161902326e-10
5                                     -2.8966053261932939e-02         6.4753445614870436e-07         4.1833900172337464e-02         9.0674247261824863e-08        -3.1190008267424480e-08        -4.2267088464543617e-09         4.8075872892794136e-04
6                                      5.4870172243693453e-08        -6.3933291891585592e-03         1.5648120654874931e-08         7.1208514360534157e-03         3.7291539458573250e-03         3.6380064483354572e-04        -1.5868244728034178e-09
7                                     -6.4806142026107518e-08        -6.0675168600182981e-03        -1.6648235812799542e-08         8.3961755554257163e-03         7.6692675005907217e-04        -1.1208343774086949e-04         7.6992002889916094e-10
8                                     -2.0504057839790760e-02         2.1530846974191505e-08        -5.7623559251840902e-03         2.0774390771867867e-09         1.1542165517633657e-08         2.4616902835278596e-09         1.8960749393905952e-04
9                                      3.4789019786483816e-01        -1.4496653990483018e-02         6.0204158463858626e-01        -6.5743462881719505e-01         5.6877285965745907e-02        -5.3684379642876874e-02         5.9173601311460995e-02
10                                     4.5868099193687084e-01         1.3763099002130358e-01        -3.0066659307023347e-01        -7.3550315616104393e-03        -5.5741819077904997e-01        -3.5909978182662622e-01         3.5617918437969776e-01
11                                    -1.8905120708654180e-01         4.2715279343541017e-03         6.6501195650574607e-02         8.7021724880739948e-02         3.8112011221323033e-01        -5.8527266080026086e-01         5.5842618609603878e-01
12                                    -3.4788873157778966e-01        -1.4495577886237692e-02        -6.0204171406176088e-01        -6.5743436946006906e-01         5.6879988977344982e-02        -5.3688812797931904e-02        -5.9177407963243153e-02
13                                    -4.5868150770181831e-01         1.3763226894429739e-01         3.0066698332087927e-01        -7.3553544130065375e-03        -5.5741995458503146e-01        -3.5909835057872930e-01        -3.5617513028056147e-01
14                                    -1.8905155368787152e-01        -4.2717482804501810e-03         6.6495514707573949e-02        -8.7026396474295789e-02        -3.8111699312265140e-01         5.8527610918489004e-01         5.5842524646385228e-01
$End
