*************************************************
******************* ORCA 6.0.0 ******************
*************************************************
$Calculation_Status
   &GeometryIndex 1
   &ListStatus       OUT
   &VERSION [&Type "String"] "6.0.0"
   &PROGNAME [&Type "String"] "LeanSCF"
   &STATUS [&Type "String"] "NORMAL TERMINATION"
$End
$Geometry
   &GeometryIndex 1
   &ListStatus       OUT
   &NATOMS [&Type "Integer"] 9
   &NCORELESSECP [&Type "Integer"] 0
   &NGHOSTATOMS [&Type "Integer"] 0
   &CartesianCoordinates [&Type "Coordinates", &Dim(9,4), &Units "Bohr"] 
              C      2.367019951830   -0.549472188974    0.006314129459
              C      0.021252095373    1.073462724566   -0.094678421735
              O     -2.158476277294   -0.561680403347    0.085927538236
              H      2.459764005864   -1.601584344161    1.784878145705
              H      2.397820278534   -1.898260951425   -1.561647100325
              H      4.052468577566    0.640500715798   -0.130243560227
              H     -0.045320653127    2.141218311613   -1.874041729397
              H      0.012913268548    2.434252213239    1.473406408422
              H     -3.639798077449    0.500171455136    0.018657624034
$End
$SCF_Energy
   &GeometryIndex 1
   &ListStatus       OUT
   &SCF_ENERGY [&Type "Double"]      -1.5501297271736428e+02
$End
$DFT_Energy
   &GeometryIndex 1
   &ListStatus       OUT
   &NALPHAEL [&Type "Integer"] 13
   &NBETAEL [&Type "Integer"] 13
   &NTOTALEL [&Type "Integer"] 26
   &EEXCHANGE [&Type "Double"]      -2.0799017117882808e+01
   &ECORR [&Type "Double"]      -8.1029667442175402e-01
   &ECNL [&Type "Double"]       0.0000000000000000e+00
   &EXC [&Type "Double"]      -2.1609313792304562e+01
   &EEMBED [&Type "Double"]       0.0000000000000000e+00
   &FINALEN [&Type "Double"]      -1.5501297271736428e+02  "No Van der Waals correction"
$End
$Mulliken_Population_Analysis
   &GeometryIndex 1
   &ListStatus       OUT
   &NATOMS [&Type "Integer"] 9
   &ATNO [&Type "ArrayOfIntegers", &Dim (9,1)] 
                                                         0

0                                                        6
1                                                        6
2                                                        8
3                                                        1
4                                                        1
5                                                        1
6                                                        1
7                                                        1
8                                                        1
   &ATOMICCHARGES [&Type "ArrayOfDoubles", &Dim (9,1)] 
                                                         0

0                                     -2.8267251403019600e-01
1                                      3.6633675104980057e-03
2                                     -4.6605832840065986e-01
3                                      1.0528938800777221e-01
4                                      1.0534821482388701e-01
5                                      9.5083536373063882e-02
6                                      7.1469603203685894e-02
7                                      7.1523919664805757e-02
8                                      2.9635281284715309e-01
$End
$Loewdin_Population_Analysis
   &GeometryIndex 1
   &ListStatus       OUT
   &NATOMS [&Type "Integer"] 9
   &ATNO [&Type "ArrayOfIntegers", &Dim (9,1)] 
                                                         0

0                                                        6
1                                                        6
2                                                        8
3                                                        1
4                                                        1
5                                                        1
6                                                        1
7                                                        1
8                                                        1
   &ATOMICCHARGES [&Type "ArrayOfDoubles", &Dim (9,1)] 
                                                         0

0                                     -3.1313861163256096e-01
1                                     -3.6488441496987711e-01
2                                     -7.0075977270569467e-02
3                                      1.2121982164713108e-01
4                                      1.2125717592939234e-01
5                                      1.2200197713790772e-01
6                                      1.0871100643582599e-01
7                                      1.0871072648523983e-01
8                                      1.6619829623749927e-01
$End
$Mayer_Population_Analysis
   &GeometryIndex 1
   &ListStatus       OUT
   &NATOMS [&Type "Integer"] 9 "Total number of atoms"
   &BONDTHRESH [&Type "Double"]       1.0000000000000001e-01  "The threshold for printing"
   &NBONDORDERSPRINT [&Type "Integer"] 8 "The number of bond orders larger than threshold"
   &BONDORDERS [&Type "ArrayOfDoubles", &Dim (8,1)] "The bond orders"
                                                         0

0                                      9.9556127749075174e-01
1                                      9.7108083250622923e-01
2                                      9.7103302297334237e-01
3                                      9.6597596929843998e-01
4                                      1.0220606795191074e+00
5                                      9.6272781572398458e-01
6                                      9.6269716505957670e-01
7                                      9.0736817782187773e-01
   &COMPONENTS [&Type "ArrayOfIntegers", &Dim (8,4)] "The indices and atomic numbers of the bonding atoms"
                                                         0                           1                           2                           3

0                                                        0                           6                           1                           6
1                                                        0                           6                           3                           1
2                                                        0                           6                           4                           1
3                                                        0                           6                           5                           1
4                                                        1                           6                           2                           8
5                                                        1                           6                           6                           1
6                                                        1                           6                           7                           1
7                                                        2                           8                           8                           1
   &ATNO [&Type "ArrayOfIntegers", &Dim (9,1)] "Atomic number of the elements"
                                                         0

0                                                        6
1                                                        6
2                                                        8
3                                                        1
4                                                        1
5                                                        1
6                                                        1
7                                                        1
8                                                        1
   &NA [&Type "ArrayOfDoubles", &Dim (9,1)] "Mulliken gross atomic population"
                                                         0

0                                      6.2826725140302102e+00
1                                      5.9963366324895118e+00
2                                      8.4660583284006634e+00
3                                      8.9471061199222779e-01
4                                      8.9465178517611310e-01
5                                      9.0491646362693678e-01
6                                      9.2853039679631333e-01
7                                      9.2847608033519280e-01
8                                      7.0364718715284635e-01
   &ZA [&Type "ArrayOfDoubles", &Dim (9,1)] "Total nuclear charge"
                                                         0

0                                      6.0000000000000000e+00
1                                      6.0000000000000000e+00
2                                      8.0000000000000000e+00
3                                      1.0000000000000000e+00
4                                      1.0000000000000000e+00
5                                      1.0000000000000000e+00
6                                      1.0000000000000000e+00
7                                      1.0000000000000000e+00
8                                      1.0000000000000000e+00
   &QA [&Type "ArrayOfDoubles", &Dim (9,1)] "Mulliken gross atomic charge"
                                                         0

0                                     -2.8267251403021021e-01
1                                      3.6633675104882357e-03
2                                     -4.6605832840066341e-01
3                                      1.0528938800777221e-01
4                                      1.0534821482388690e-01
5                                      9.5083536373063215e-02
6                                      7.1469603203686671e-02
7                                      7.1523919664807201e-02
8                                      2.9635281284715365e-01
   &VA [&Type "ArrayOfDoubles", &Dim (9,1)] "Mayer's total valence"
                                                         0

0                                      3.8625124855648809e+00
1                                      3.9699193427452553e+00
2                                      1.9119757610700281e+00
3                                      9.8845200650980225e-01
4                                      9.8850041048002835e-01
5                                      9.8432399033224760e-01
6                                      9.5937036731370673e-01
7                                      9.5935636292879667e-01
8                                      9.2959367775000779e-01
   &BVA [&Type "ArrayOfDoubles", &Dim (9,1)] "Mayer's bonded valence"
                                                         0

0                                      3.8625124855649213e+00
1                                      3.9699193427451953e+00
2                                      1.9119757610699728e+00
3                                      9.8845200650980547e-01
4                                      9.8850041048005044e-01
5                                      9.8432399033226781e-01
6                                      9.5937036731369063e-01
7                                      9.5935636292880522e-01
8                                      9.2959367775000823e-01
   &FA [&Type "ArrayOfDoubles", &Dim (9,1)] "Mayer's free valence"
                                                         0

0                                      0.0000000000000000e+00
1                                      0.0000000000000000e+00
2                                      0.0000000000000000e+00
3                                      0.0000000000000000e+00
4                                      0.0000000000000000e+00
5                                      0.0000000000000000e+00
6                                      0.0000000000000000e+00
7                                      0.0000000000000000e+00
8                                      0.0000000000000000e+00
$End
$VdW_Correction
   &GeometryIndex 1
   &ListStatus       OUT
   &VDW [&Type "Double"]      -1.1919049953775208e-03
$End
$Calculation_Info
   &GeometryIndex 1
   &ListStatus       OUT
   &MULT [&Type "Integer"] 1
   &CHARGE [&Type "Integer"] 0
   &NUMOFATOMS [&Type "Integer"] 9
   &NUMOFELECTRONS [&Type "Integer"] 26
   &NUMOFFCELECTRONS [&Type "Integer"] 1
   &NUMOFCORRELECTRONS [&Type "Integer"] 0
   &NUMOFBASISFUNCTS [&Type "Integer"] 129
   &NUMOFAUXCBASISFUNCTS [&Type "Integer"] 0
   &NUMOFAUXJBASISFUNCTS [&Type "Integer"] 156
   &NUMOFAUXJKBASISFUNCTS [&Type "Integer"] 0
   &NUMOFCABSBASISFUNCTS [&Type "Integer"] 0
   &TOTALENERGY [&Type "Double"]      -1.5500860137305966e+02  "Hartrees"
$End
$SCF_Dipole_Moment
   &GeometryIndex 1
   &ListStatus       OUT
   &METHOD [&Type "String"] "SCF"
   &LEVEL [&Type "String"] "Relaxed density"
   &MULT [&Type "Integer"] 1
   &STATE [&Type "Integer"] -1
   &IRREP [&Type "Integer"] 0
   &NATOMS [&Type "Integer"] 9
   &DODIPOLEATOM [&Type "Boolean"] false
   &DIPOLEELECCONTRIB [&Type "ArrayOfDoubles", &Dim (3,1)] "Electronic contribution"
                                                         0

0                                     -2.6184940352248320e+00
1                                     -4.9315690311570276e-01
2                                      8.8812714251131325e-02
   &DIPOLENUCCONTRIB [&Type "ArrayOfDoubles", &Dim (3,1)] "Nuclear contribution"
                                                         0

0                                      2.6203315538579237e+00
1                                      1.1256441915418749e+00
2                                     -1.4423335479473384e-01
   &DIPOLETOTAL [&Type "ArrayOfDoubles", &Dim (3,1)] "Total"
                                                         0

0                                      1.8375186330916726e-03
1                                      6.3248728842617208e-01
2                                     -5.5420640543602517e-02
   &DIPOLEMAGNITUDE [&Type "Double", &Units "a.u."]       6.3491337511008694e-01
$End
$THERMOCHEMISTRY_Energies
   &GeometryIndex 1
   &ListStatus       OUT
   &TEMPERATURE [&Type "Double"]       2.9814999999999998e+02
   &PRESSURE [&Type "Double"]       1.0000000000000000e+00
   &TOTALMASS [&Type "Double"]       4.6069000000000003e+01
   &SPINDEGENERACY [&Type "Integer"] 1
   &ELENERGY [&Type "Double"]      -1.5500860137305966e+02
   &TRANSENERGY [&Type "Double"]       1.4162714244859817e-03
   &ROTENERGY [&Type "Double"]       1.4162714244859817e-03
   &VIBENERGY [&Type "Double"]       1.3886780826382246e-03
   &NUMOFFREQS [&Type "Integer"] 27
   &FREQSCALINGFACTOR [&Type "Double"]       1.0000000000000000e+00
   &FREQ [&Type "ArrayOfDoubles", &Dim (27,1)] "In cm^-1"
                                                         0

0                                      0.0000000000000000e+00
1                                      0.0000000000000000e+00
2                                      0.0000000000000000e+00
3                                      0.0000000000000000e+00
4                                      0.0000000000000000e+00
5                                      0.0000000000000000e+00
6                                      2.6704043655787655e+02
7                                      3.3956257583216495e+02
8                                      4.2028588619232255e+02
9                                      8.2206403368933911e+02
10                                     8.7726403086902803e+02
11                                     1.0280662102128410e+03
12                                     1.0815244238327493e+03
13                                     1.1690394270507873e+03
14                                     1.2806735923340173e+03
15                                     1.2941041098424737e+03
16                                     1.3952914438303801e+03
17                                     1.4409802668792011e+03
18                                     1.4779523493690822e+03
19                                     1.4934694966290997e+03
20                                     1.5131552023219085e+03
21                                     2.9762840954681433e+03
22                                     3.0126773135716121e+03
23                                     3.0135393131644901e+03
24                                     3.0954985721781900e+03
25                                     3.0958085824383470e+03
26                                     3.7827178197701678e+03
   &ZPE [&Type "Double"]       7.9455650551914725e-02
   &INNERENERGYU [&Type "Double"]      -1.5492492450157613e+02
   &ENTHALPYH [&Type "Double"]      -1.5492398029253388e+02
   &QEL [&Type "Double"]       0.0000000000000000e+00
   &QROT [&Type "Double"]       1.0612353996206851e-02
   &QVIB [&Type "Double"]       2.0900251892204068e-03
   &QTRANS [&Type "Double"]       1.7773589400123909e-02
   &ENTROPYS [&Type "Double"]       3.0475968585551166e-02
   &FREEENERGYG [&Type "Double"]      -1.5495445626111945e+02
   &ISLINEAR [&Type "Boolean"] false
$End
$Hessian
   &GeometryIndex 1
   &ListStatus       OUT
   &HESSIAN [&Type "ArrayOfDoubles", &Dim (27,27)] "The Hessian"
                                                         0                           1                           2                           3                           4                           5                           6                           7

0                                      5.0726266971239231e-01         4.1640637937793032e-02        -2.7693737005992187e-03        -1.4770434908591037e-01         5.9298871170634523e-02        -3.8593793573086397e-03        -4.1462490039639234e-02         1.2943479705722988e-02
1                                      4.1640637937793032e-02         5.4036070827096638e-01         1.5549019602351740e-03         7.2827310165158060e-02        -1.3067355746022841e-01         2.9893419809610012e-03        -2.4640000220875726e-02         1.5143048719819030e-02
2                                     -2.7693737005992187e-03         1.5549019602351740e-03         5.6486995670858620e-01        -5.0406903512842625e-03         3.2620564405239929e-03        -8.1252076838610229e-02         2.9658515657904156e-03        -1.3008594457042096e-03
3                                     -1.4770434908591037e-01         7.2827310165158060e-02        -5.0406903512842625e-03         4.3220481831849322e-01        -5.2396945073405539e-02         7.1628012969753001e-03        -1.3976095552797327e-01        -2.3821705051834341e-02
4                                      5.9298871170634523e-02        -1.3067355746022841e-01         3.2620564405239929e-03        -5.2396945073405539e-02         5.2117618779835040e-01         7.0816744564268118e-03        -6.6566503570002863e-02        -1.3554015218615004e-01
5                                     -3.8593793573086397e-03         2.9893419809610012e-03        -8.1252076838610229e-02         7.1628012969753001e-03         7.0816744564268118e-03         5.8684700742222673e-01         7.0430272162379150e-03         6.4611933060233426e-03
6                                     -4.1462490039639234e-02        -2.4640000220875726e-02         2.9658515657904156e-03        -1.3976095552797327e-01        -6.6566503570002863e-02         7.0430272162379150e-03         5.4219501418249594e-01        -1.3280082716655311e-01
7                                      1.2943479705722988e-02         1.5143048719819030e-02        -1.3008594457042096e-03        -2.3821705051834341e-02        -1.3554015218615004e-01         6.4611933060233426e-03        -1.3280082716655311e-01         3.6458805935027150e-01
8                                     -3.4792482995270107e-04        -6.0268035922881810e-04         3.4535378877916488e-03         3.4546820558758080e-03         7.2945047172528563e-03        -6.4018144663742838e-02         3.1228773154051946e-03        -2.5277601947812301e-02
9                                     -4.6044620744161088e-02         3.6595078223359929e-03        -6.2794616587303611e-03        -2.4618467893250161e-03         1.5926622008199227e-02        -2.6579931039153643e-02         2.4306442416982821e-03        -8.8705361410610891e-04
10                                     5.2733576087451751e-03        -1.1152144621691626e-01         1.1091911753371894e-01         7.6470767230557221e-05        -1.2968626948809306e-02         1.8786219933748714e-02        -7.7766517710831746e-04         1.8247736252906314e-03
11                                    -7.4981473610896722e-03         1.1206157425438762e-01        -2.4208654344118047e-01        -1.3462150247285816e-04         5.4391417990784854e-04        -1.2344835424180462e-03        -6.1125090677965552e-04        -4.7647584802869465e-04
12                                    -4.5801550837062943e-02        -3.6512668746252301e-04        -5.5402350167761791e-04        -1.5524849889352425e-03         2.0382260005783609e-02         2.3432919367502785e-02         2.4472740206976564e-03        -9.8918019032472439e-04
13                                     1.5148549855271056e-03        -1.5429219218891171e-01        -1.2688170218396233e-01        -5.2730649762059399e-04        -1.5999958924905841e-02        -1.6242972708580987e-02        -6.3977825492411873e-04         2.1002919414303631e-03
14                                     3.9103107226948902e-04        -1.2790834316829069e-01        -1.9956382283719629e-01         2.5140112367954236e-04         1.3536750468119713e-03         9.0293320402252573e-04         6.4263369572740688e-04         1.8866581430853659e-04
15                                    -2.1771470157630027e-01        -1.2062271308234995e-01         1.3913309058682691e-02        -1.8389175266820261e-02        -2.1153082689621093e-02         2.1405624675894454e-03        -5.9577995478347391e-03         5.5144395324248866e-03
16                                    -1.2349046198098655e-01        -1.3497808666216943e-01         1.0310068607931600e-02         1.3860985356157821e-02         1.1859567965775007e-02        -1.5715496069135192e-03         4.6606368490021612e-03        -1.8028424533423173e-03
17                                     1.4230036298036160e-02         1.0276492048234278e-02        -4.5769259856516684e-02        -9.7436923691249580e-04        -9.3646427616264204e-04        -2.8832242744678549e-03        -3.1132462464046384e-04         1.3809665855247122e-04
18                                    -1.8069648996066425e-03         1.4954551256113505e-02        -2.5647969936249192e-02        -4.7609073864526556e-02         1.1449586517790541e-02        -1.4383842863482149e-02        -1.1798768503965844e-02        -2.5746820355288830e-02
19                                     3.0750232604720394e-03        -9.4432573974874805e-03         1.7282342525670871e-02         1.0310897292804967e-02        -1.0508469640747933e-01         9.7296243083161121e-02        -1.3304820661958056e-02        -1.6503646872410731e-02
20                                    -2.4557167562378954e-04        -5.3790692626377520e-04        -6.3189872726649929e-04        -1.4837928633165290e-02         9.9991868689825097e-02        -2.3696660292456856e-01         7.0670818718829263e-03         3.2480408265654348e-03
21                                    -9.2920995760295512e-04         1.9244374945267973e-02         2.2706405834573493e-02        -4.6901664055675849e-02         9.4020447548403153e-03         6.5590090445029276e-03        -1.2754554673433725e-02        -2.9704411652757536e-02
22                                     2.5174559864560228e-03        -1.2121665066893061e-02        -1.5448956654078774e-02         8.4903087602442272e-03        -1.4296774305727000e-01        -1.1435306639560722e-01        -1.4798343070120021e-02        -1.9427512847455364e-02
23                                    -1.9167239345974085e-04         1.8890180980088885e-03         1.2136334169984859e-03         7.2360647314031520e-03        -1.1706109471759418e-01        -1.9977895691259373e-01        -3.9260611162191990e-03         2.2007966183297673e-03
24                                    -5.7987825721088522e-03        -6.7784480124959516e-03         6.6393305066586800e-04        -2.7825268739326614e-02         2.3579527030411589e-02        -1.6030289476444673e-03        -3.3533836415204510e-01         1.9553055376038356e-01
25                                    -2.6933127978487226e-03        -2.4735519981789484e-03         2.6362918231695128e-04        -2.8742395873365467e-02         1.0198979220717514e-02        -5.3809693548428168e-04         2.4882882630487327e-01        -2.1038201927745306e-01
26                                     3.3302158655629840e-04         3.1700414530411923e-04        -2.3352631260619610e-04         2.9705233306816323e-03        -1.4391216507267358e-03        -1.6164514698479831e-03        -1.6076121145323349e-02         1.4766597979081801e-02
                                                         8                           9                          10                          11                          12                          13                          14                          15

0                                     -3.4792482995270107e-04        -4.6044620744161088e-02         5.2733576087451751e-03        -7.4981473610896722e-03        -4.5801550837062943e-02         1.5148549855271056e-03         3.9103107226948902e-04        -2.1771470157630027e-01
1                                     -6.0268035922881810e-04         3.6595078223359929e-03        -1.1152144621691626e-01         1.1206157425438762e-01        -3.6512668746252301e-04        -1.5429219218891171e-01        -1.2790834316829069e-01        -1.2062271308234995e-01
2                                      3.4535378877916488e-03        -6.2794616587303611e-03         1.1091911753371894e-01        -2.4208654344118047e-01        -5.5402350167761791e-04        -1.2688170218396233e-01        -1.9956382283719629e-01         1.3913309058682691e-02
3                                      3.4546820558758080e-03        -2.4618467893250161e-03         7.6470767230557221e-05        -1.3462150247285816e-04        -1.5524849889352425e-03        -5.2730649762059399e-04         2.5140112367954236e-04        -1.8389175266820261e-02
4                                      7.2945047172528563e-03         1.5926622008199227e-02        -1.2968626948809306e-02         5.4391417990784854e-04         2.0382260005783609e-02        -1.5999958924905841e-02         1.3536750468119713e-03        -2.1153082689621093e-02
5                                     -6.4018144663742838e-02        -2.6579931039153643e-02         1.8786219933748714e-02        -1.2344835424180462e-03         2.3432919367502785e-02        -1.6242972708580987e-02         9.0293320402252573e-04         2.1405624675894454e-03
6                                      3.1228773154051946e-03         2.4306442416982821e-03        -7.7766517710831746e-04        -6.1125090677965552e-04         2.4472740206976564e-03        -6.3977825492411873e-04         6.4263369572740688e-04        -5.9577995478347391e-03
7                                     -2.5277601947812301e-02        -8.8705361410610891e-04         1.8247736252906314e-03        -4.7647584802869465e-04        -9.8918019032472439e-04         2.1002919414303631e-03         1.8866581430853659e-04         5.5144395324248866e-03
8                                      4.9643265294955607e-02         6.5267124249170040e-04        -1.3210333136423158e-03         2.5592146750089487e-04        -5.5940112975580349e-04         1.0254621356009692e-03        -6.9137149666174784e-06        -3.6825389040425464e-04
9                                      6.5267124249170040e-04         4.8801129606346381e-02        -8.6670952207240238e-03         8.7644091617314519e-03        -1.3266256919024569e-03        -3.7376617048992186e-05        -3.7595844326787425e-04         1.6172818351941945e-03
10                                    -1.3210333136423158e-03        -8.6670952207240238e-03         1.2149507845269844e-01        -1.2429051868980087e-01        -6.1052317932602470e-04         1.1482258999639906e-02        -1.8510713803912369e-02         1.9076789321946161e-03
11                                     2.5592146750089487e-04         8.7644091617314519e-03        -1.2429051868980087e-01         2.5991502690555363e-01        -2.3506632682022835e-04         1.3095904893097195e-02        -1.9098037146630872e-02        -1.0233917340604984e-04
12                                    -5.5940112975580349e-04        -1.3266256919024569e-03        -6.1052317932602470e-04        -2.3506632682022835e-04         4.8471898380674179e-02        -4.5141387133033799e-03        -5.9622230550267663e-04         8.0920650177551635e-04
13                                     1.0254621356009692e-03        -3.7376617048992186e-05         1.1482258999639906e-02         1.3095904893097195e-02        -4.5141387133033799e-03         1.6894042213167401e-01         1.4087184474774994e-01         1.3877742740229133e-03
14                                    -6.9137149666174784e-06        -3.7595844326787425e-04        -1.8510713803912369e-02        -1.9098037146630872e-02        -5.9622230550267663e-04         1.4087184474774994e-01         2.1275995679322171e-01        -2.0506801872973573e-04
15                                    -3.6825389040425464e-04         1.6172818351941945e-03         1.9076789321946161e-03        -1.0233917340604984e-04         8.0920650177551635e-04         1.3877742740229133e-03        -2.0506801872973573e-04         2.3961239752561611e-01
16                                     1.3322507407769913e-04        -1.2265557050318706e-02        -9.2250001462266182e-03        -8.1724823463254215e-04        -1.6131210097535435e-02        -1.1364613797688404e-02         3.2947917609722106e-03         1.3352410314775737e-01
17                                     6.6290544372343743e-04         2.3441938074607330e-02         1.4952615674380760e-02        -8.9060115190326230e-04        -2.0939915539216522e-02        -1.3048951986651553e-02         2.0762765546246402e-03        -1.5464026991030933e-02
18                                     2.5414334804175379e-02        -4.7014820898561710e-03         3.9631381187008952e-03         2.4338722204294942e-04         1.0978249022070960e-03        -7.0743291934975217e-04         6.2218861291635078e-04         7.6503527780820836e-04
19                                     1.8568352840435714e-02         3.3686874463601173e-03        -1.3304847998521353e-03         1.5936942309579313e-04        -1.0181210550270583e-03         2.9486334361400728e-04         1.5564827752344822e-04         1.7880328331509616e-04
20                                     5.4610481909070259e-03        -1.0615973469951974e-04        -4.5744844098717262e-04         1.8364992953278012e-03        -1.3824570771128536e-04         2.0852841161766132e-04         1.1416310751238192e-03        -8.3402256718998011e-04
21                                    -1.9864314361380961e-02         1.0907387167822524e-03        -8.1374821078206627e-04        -4.8854833506678671e-04        -4.7302434530760934e-03         3.8996883262060328e-03        -6.9413521976399327e-04         7.8671963708189490e-04
22                                    -1.3621097225360038e-02        -9.8334553810264409e-04         2.7366585535736846e-04         2.6543454735385164e-05         3.3580050757363493e-03        -1.2032212028575012e-03         2.4581330461893218e-04         3.2664930827689884e-04
23                                     9.3212884932970010e-03         3.1009745187616329e-04        -1.7226442395002102e-05         1.1755009852454784e-03        -2.5706335520726733e-04         8.5687252741059117e-04         1.7167018913830914e-03         7.5889239231379923e-04
24                                    -1.1421385078535552e-02         5.9478091522362144e-04        -3.8543204880231397e-04         1.1958681750314989e-04         5.8470116562228463e-04        -4.0505398419568746e-04        -7.0193177249244440e-05        -1.5289643865206747e-03
25                                     1.3852414117360084e-02        -8.0570826723359553e-05        -3.0218821182025849e-05        -3.3328788845487416e-04        -8.3195757854339606e-05         4.2149698005238684e-05         3.5531895574490192e-04        -1.0977399882559466e-03
26                                    -4.7729083994661643e-03         1.1498534950244857e-04        -3.0787995417522256e-05         1.2671662850484436e-04        -1.1865884169064748e-04         6.8313228191555192e-05         7.1274180417982497e-05         1.3404167051214296e-04
                                                        16                          17                          18                          19                          20                          21                          22                          23

0                                     -1.2349046198098655e-01         1.4230036298036160e-02        -1.8069648996066425e-03         3.0750232604720394e-03        -2.4557167562378954e-04        -9.2920995760295512e-04         2.5174559864560228e-03        -1.9167239345974085e-04
1                                     -1.3497808666216943e-01         1.0276492048234278e-02         1.4954551256113505e-02        -9.4432573974874805e-03        -5.3790692626377520e-04         1.9244374945267973e-02        -1.2121665066893061e-02         1.8890180980088885e-03
2                                      1.0310068607931600e-02        -4.5769259856516684e-02        -2.5647969936249192e-02         1.7282342525670871e-02        -6.3189872726649929e-04         2.2706405834573493e-02        -1.5448956654078774e-02         1.2136334169984859e-03
3                                      1.3860985356157821e-02        -9.7436923691249580e-04        -4.7609073864526556e-02         1.0310897292804967e-02        -1.4837928633165290e-02        -4.6901664055675849e-02         8.4903087602442272e-03         7.2360647314031520e-03
4                                      1.1859567965775007e-02        -9.3646427616264204e-04         1.1449586517790541e-02        -1.0508469640747933e-01         9.9991868689825097e-02         9.4020447548403153e-03        -1.4296774305727000e-01        -1.1706109471759418e-01
5                                     -1.5715496069135192e-03        -2.8832242744678549e-03        -1.4383842863482149e-02         9.7296243083161121e-02        -2.3696660292456856e-01         6.5590090445029276e-03        -1.1435306639560722e-01        -1.9977895691259373e-01
6                                      4.6606368490021612e-03        -3.1132462464046384e-04        -1.1798768503965844e-02        -1.3304820661958056e-02         7.0670818718829263e-03        -1.2754554673433725e-02        -1.4798343070120021e-02        -3.9260611162191990e-03
7                                     -1.8028424533423173e-03         1.3809665855247122e-04        -2.5746820355288830e-02        -1.6503646872410731e-02         3.2480408265654348e-03        -2.9704411652757536e-02        -1.9427512847455364e-02         2.2007966183297673e-03
8                                      1.3322507407769913e-04         6.6290544372343743e-04         2.5414334804175379e-02         1.8568352840435714e-02         5.4610481909070259e-03        -1.9864314361380961e-02        -1.3621097225360038e-02         9.3212884932970010e-03
9                                     -1.2265557050318706e-02         2.3441938074607330e-02        -4.7014820898561710e-03         3.3686874463601173e-03        -1.0615973469951974e-04         1.0907387167822524e-03        -9.8334553810264409e-04         3.1009745187616329e-04
10                                    -9.2250001462266182e-03         1.4952615674380760e-02         3.9631381187008952e-03        -1.3304847998521353e-03        -4.5744844098717262e-04        -8.1374821078206627e-04         2.7366585535736846e-04        -1.7226442395002102e-05
11                                    -8.1724823463254215e-04        -8.9060115190326230e-04         2.4338722204294942e-04         1.5936942309579313e-04         1.8364992953278012e-03        -4.8854833506678671e-04         2.6543454735385164e-05         1.1755009852454784e-03
12                                    -1.6131210097535435e-02        -2.0939915539216522e-02         1.0978249022070960e-03        -1.0181210550270583e-03        -1.3824570771128536e-04        -4.7302434530760934e-03         3.3580050757363493e-03        -2.5706335520726733e-04
13                                    -1.1364613797688404e-02        -1.3048951986651553e-02        -7.0743291934975217e-04         2.9486334361400728e-04         2.0852841161766132e-04         3.8996883262060328e-03        -1.2032212028575012e-03         8.5687252741059117e-04
14                                     3.2947917609722106e-03         2.0762765546246402e-03         6.2218861291635078e-04         1.5564827752344822e-04         1.1416310751238192e-03        -6.9413521976399327e-04         2.4581330461893218e-04         1.7167018913830914e-03
15                                     1.3352410314775737e-01        -1.5464026991030933e-02         7.6503527780820836e-04         1.7880328331509616e-04        -8.3402256718998011e-04         7.8671963708189490e-04         3.2664930827689884e-04         7.5889239231379923e-04
16                                     1.4350523634470022e-01        -1.1263316114745382e-02        -7.5883810746743628e-04         5.8852652196932174e-04         2.5179865822047912e-04        -7.9459260719464309e-04         5.3931209659011234e-04        -3.2414751111274273e-04
17                                    -1.1263316114745382e-02         4.5973835414028039e-02         1.6172681202904118e-04        -1.1053159031570172e-04         4.9177115719523014e-06        -5.2398312072034496e-05         1.1353792490043394e-05         1.7783023394250461e-05
18                                    -7.5883810746743628e-04         1.6172681202904118e-04         5.9876658595811517e-02        -2.9854975306781283e-03         1.0978078723307012e-02         2.6507644032246246e-03         5.7291322277091823e-04         1.9368681410206296e-03
19                                     5.8852652196932174e-04        -1.1053159031570172e-04        -2.9854975306781283e-03         1.2064416421613075e-01        -1.1516833263662052e-01        -3.4488046867697081e-04         1.0850259724570811e-02        -1.7497740283153710e-02
20                                     2.5179865822047912e-04         4.9177115719523014e-06         1.0978078723307012e-02        -1.1516833263662052e-01         2.5059302669023276e-01        -2.8175539159588014e-03         1.1783584163881783e-02        -2.1700222141491934e-02
21                                    -7.9459260719464309e-04        -5.2398312072034496e-05         2.6507644032246246e-03        -3.4488046867697081e-04        -2.8175539159588014e-03         5.9312517792049414e-02        -3.6472827329590862e-05        -4.7806419988932550e-03
22                                     5.3931209659011234e-04         1.1353792490043394e-05         5.7291322277091823e-04         1.0850259724570811e-02         1.1783584163881783e-02        -3.6472827329590862e-05         1.6406186170340809e-01         1.3060424170677648e-01
23                                    -3.2414751111274273e-04         1.7783023394250461e-05         1.9368681410206296e-03        -1.7497740283153710e-02        -2.1700222141491934e-02        -4.7806419988932550e-03         1.3060424170677648e-01         2.0772785831339347e-01
24                                     1.4290217728206264e-03        -6.4761429137208393e-05         1.5260061789037606e-03         7.6043455294767543e-04         8.6878131186669469e-04         1.4749315906504451e-03         6.2109854705266580e-04        -1.0172053540171960e-03
