
$orca_hessian_file

$act_atom
  0

$act_coord
  0

$act_energy
        0.000000

$multiplicity
  1

$hessian
45
                    0                  1                  2                  3                  4        
    0      4.7740968485E-01  -2.6152715218E-04   1.1553754611E-02  -2.1072585645E-01  -8.1865830092E-05
    1     -2.6152715218E-04   5.7782627503E-01   2.0997773240E-05   9.6857511016E-05  -8.8394991612E-02
    2      1.1553754611E-02   2.0997773240E-05   5.2592208540E-01  -1.8167620523E-03  -1.4414005980E-06
    3     -2.1072585645E-01   9.6857511016E-05  -1.8167620523E-03   6.4036869411E-01   1.8793248119E-04
    4     -8.1865830092E-05  -8.8394991612E-02  -1.4414005980E-06   1.8793248119E-04   6.5626553211E-01
    5      2.8650282834E-03  -7.0662628895E-06  -6.7783710424E-02  -4.1043468590E-03   7.0959665790E-06
    6     -2.3826747857E-02  -3.0198082398E-02  -6.0660129922E-04  -1.6983710336E-01  -4.8447399646E-02
    7     -5.9510687972E-03   3.1449397969E-03   4.1457126827E-04  -1.0947560582E-01  -2.6445929148E-01
    8      2.1602021203E-04   1.4504379214E-03   3.9023231797E-03  -5.8708034663E-06   1.3666710259E-03
    9      2.9306899212E-03  -1.9421895547E-03  -9.9825085890E-04  -2.9348669760E-02  -7.2301765826E-02
   10     -1.4272759900E-03  -4.6951166046E-03  -5.6335223243E-04  -2.8595618160E-02   3.3439082164E-02
   11     -4.2352891827E-04   1.3144304141E-03   6.6830121250E-03   2.1533740104E-04  -5.2982997077E-04
   12     -1.2344988048E-03  -1.9158963958E-05   4.9281244571E-04   2.9282043284E-03   3.9809311027E-07
   13     -4.8199032389E-05  -9.5534843158E-04   4.0499576734E-06   4.0871540552E-05  -7.0635586025E-02
   14     -2.7015678795E-04  -8.7942591918E-07  -8.8439890154E-04   4.7234451015E-04   4.9103451415E-07
   15      3.0179292971E-03   1.9895197908E-03  -1.0051459057E-03  -2.9418180036E-02   7.2299213660E-02
   16      1.4736478225E-03  -4.7354831841E-03   5.5899112742E-04   2.8562459877E-02   3.3476874395E-02
   17     -4.2440943282E-04  -1.3143318990E-03   6.6053110625E-03   2.1561930918E-04   5.3106933964E-04
   18     -2.3927836058E-02   3.0242743991E-02  -5.9590646882E-04  -1.6970572573E-01   4.8374162083E-02
   19      5.9943373139E-03   3.1963815951E-03  -4.1665223209E-04   1.0932555780E-01  -2.6432732608E-01
   20      2.1655460298E-04  -1.4502322050E-03   3.8293087669E-03  -6.1015502933E-06  -1.3701146410E-03
   21      3.2959406414E-04  -7.0961462906E-06   2.7996973388E-04  -1.2415192805E-03   8.8290938570E-06
   22      1.9936599613E-06   2.6115424954E-04  -2.6800540994E-07  -6.8711475932E-07   1.4421747608E-03
   23      1.4594928720E-04   9.4811998902E-08  -6.7076826343E-04  -1.1462114333E-04   5.1820083042E-08
   24     -7.8901411057E-02   7.4419689209E-02  -4.3005808586E-02  -1.3281743200E-02   2.8539678335E-02
   25      7.6509759105E-02  -2.2413467797E-01   9.6235579861E-02   6.1285484356E-04  -2.2816157812E-04
   26     -4.4842288260E-02   9.6730524319E-02  -9.7061847481E-02   2.5866979450E-03  -2.6911053909E-03
   27     -7.8767626890E-02  -7.3611542632E-02  -4.4342338830E-02  -1.3349773733E-02  -2.8276019198E-02
   28     -7.5577001388E-02  -2.2064733491E-01  -9.8367642129E-02  -6.8919918301E-04  -2.6242925554E-04
   29     -4.6162354196E-02  -9.8873507471E-02  -1.0040942844E-01   2.5967080332E-03   2.7077686475E-03
   30     -6.8300656000E-02  -6.8210732887E-04   7.9718679002E-02  -1.5742002280E-02  -3.1056709397E-04
   31     -6.4919368174E-04  -4.3248286025E-02   2.1177676560E-03  -6.1107660383E-05  -3.6167193754E-04
   32      7.5840104604E-02   2.1275905484E-03  -2.7356268535E-01   1.9829754975E-03  -2.4446547063E-05
   33      1.2285451326E-03  -8.9203396203E-04   3.1488120530E-04   9.9797889491E-03  -1.3169905326E-02
   34      1.8661812854E-03   1.1757589446E-03   4.5091471342E-04   1.6215007127E-02  -1.9933835997E-02
   35      4.7882338253E-04  -8.5724567009E-04  -3.4269653559E-03  -7.3248629032E-04   1.5887119879E-05
   36     -2.2271415204E-04  -1.4069788285E-03  -1.4893886053E-04  -5.3235776773E-03   1.5055766066E-03
   37      1.1627216508E-05   8.0035207383E-06  -7.5712758966E-07   8.6428264084E-04   1.9554948141E-03
   38      1.6048509151E-04  -9.2273162332E-05   1.1583646186E-04  -2.5056174865E-04  -1.0123710402E-04
   39     -2.2178915807E-04   1.4132524638E-03  -1.4885331089E-04  -5.3233552863E-03  -1.5083993112E-03
   40     -1.1159526870E-05   8.1920978857E-06   7.2460212060E-07  -8.6443618326E-04   1.9544632376E-03
   41      1.6038352370E-04   9.3021397394E-05   1.1711187962E-04  -2.5038747426E-04   1.0071135249E-04
   42      1.2126931568E-03   8.6006432794E-04   3.1441095587E-04   1.0020819401E-02   1.3184190792E-02
   43     -1.8516653324E-03   1.1905335043E-03  -4.5214289063E-04  -1.6223228613E-02  -1.9930327505E-02
   44      4.7973221412E-04   8.5709797023E-04  -3.3751846673E-03  -7.3280743699E-04  -1.8151773657E-05
                    5                  6                  7                  8                  9        
    0      2.8650282834E-03  -2.3826747857E-02  -5.9510687972E-03   2.1602021203E-04   2.9306899212E-03
    1     -7.0662628895E-06  -3.0198082398E-02   3.1449397969E-03   1.4504379214E-03  -1.9421895547E-03
    2     -6.7783710424E-02  -6.0660129922E-04   4.1457126827E-04   3.9023231797E-03  -9.9825085890E-04
    3     -4.1043468590E-03  -1.6983710336E-01  -1.0947560582E-01  -5.8708034663E-06  -2.9348669760E-02
    4      7.0959665790E-06  -4.8447399646E-02  -2.6445929148E-01   1.3666710259E-03  -7.2301765826E-02
    5      1.7174960368E-01   4.5394700640E-04  -2.5999726230E-05  -6.6819494370E-02  -5.7100840638E-04
    6      4.5394700640E-04   6.7862348465E-01  -3.3174895952E-02   1.8157310177E-03  -3.2934175274E-01
    7     -2.5999726230E-05  -3.3174895952E-02   6.9795155347E-01  -2.3843859047E-03   2.8593611823E-02
    8     -6.6819494370E-02   1.8157310177E-03  -2.3843859047E-03   1.2880874870E-01  -6.3071778795E-04
    9     -5.7100840638E-04  -3.2934175274E-01   2.8593611823E-02  -6.3071778795E-04   6.6505993714E-01
   10      8.0667896339E-04  -3.5066346775E-02  -1.2573501899E-01  -4.9890839302E-04   4.3093356121E-02
   11      6.1377088086E-03  -1.0476232910E-03   2.1036809209E-04  -5.6886352453E-02   2.0554427434E-03
   12     -3.2172751672E-06  -3.3298131660E-02   2.5193648449E-02  -2.2076829632E-04  -1.4456319897E-01
   13     -1.8312247651E-06   7.9598579210E-02   3.0525688989E-02   1.1924057956E-03   5.7309019410E-02
   14     -6.6249820508E-03  -4.7438602884E-04  -2.1012970133E-05   7.8821277353E-03  -5.8265851323E-05
   15     -5.6799953208E-04  -4.4320859056E-02  -2.6174923339E-02  -7.8709196448E-04   5.5008656750E-02
   16     -8.0451946620E-04  -2.7842241509E-02  -1.6271701501E-02  -4.4057364947E-04   2.0403581993E-02
   17      6.1365851574E-03  -2.2249146617E-04  -1.9263749733E-04  -6.4006153114E-03   9.3107372030E-05
   18      4.5316585776E-04   5.7178348621E-02   1.9912348498E-02   1.0476835765E-03  -4.4307302242E-02
   19      2.4398536902E-05  -1.9941782976E-02  -5.9339585800E-02  -4.6062103592E-04   2.6194057368E-02
   20     -6.6872164740E-02   1.0484754649E-03   4.6239699413E-04   1.0213404198E-02  -7.8813491172E-04
   21     -2.9232496978E-04   3.2543570183E-03   5.3997582517E-03  -3.0416395662E-05  -3.5769152263E-02
   22      1.0547722796E-07  -1.1302295650E-03  -3.1906528464E-03  -2.9968487732E-05   2.2281367475E-02
   23     -8.6203647269E-04   4.2032731680E-05   4.8447269362E-05   4.2766616904E-03  -1.9100100500E-04
   24     -1.4407825033E-02   2.0351931320E-03   1.8238149659E-03   6.2215034819E-04  -1.4189797315E-04
   25     -1.7873125752E-03  -2.1090133133E-03   4.7903150830E-04  -4.5271154410E-04   6.6775852605E-04
   26     -1.8650084433E-04   3.7448124933E-04   2.1906771994E-04   5.0453314302E-04  -3.1020063963E-04
   27     -1.4873075464E-02  -5.6746440755E-03   1.9334267001E-03  -5.8255211764E-04  -3.1810367727E-04
   28      1.8099330791E-03  -4.5185476379E-04   4.9624913590E-04  -5.8908286407E-04   9.8066641734E-05
   29     -7.1150193819E-05   4.5256915081E-05   1.9140253012E-05   6.1962700260E-04   8.8568491361E-04
   30      3.0966594508E-02  -1.7193620041E-04   1.4396640380E-03  -3.1939976109E-04  -6.6626531580E-04
   31     -1.5133246036E-05  -2.0320263346E-03  -3.1996364037E-04  -5.4873800298E-04   1.1520032756E-03
   32      3.0801313851E-03  -4.4803481778E-04  -6.6836679519E-04   3.8574556623E-04   5.1619987851E-04
   33     -5.1188662738E-05  -1.2225933868E-01   1.1614537505E-01  -1.1424989502E-03  -1.2349350374E-02
   34      2.2602303731E-04   1.1572528857E-01  -2.6395540175E-01   1.5019154875E-03  -1.9988652386E-03
   35      3.4750830452E-03  -9.4192005086E-04   1.7680769551E-03  -3.4295411949E-02  -5.7398142584E-07
   36      6.4610013569E-05  -1.0713824240E-02  -2.8193463233E-02   9.4497067898E-05  -1.2433994967E-01
   37     -1.0963575428E-05   1.6490523839E-03   3.7419081553E-03   1.2441868442E-08  -1.1993386722E-01
   38      7.5790317678E-03  -5.4696982117E-05  -4.2116748350E-05   2.4147820553E-03   3.4258320491E-05
   39      6.4213714654E-05  -8.0934929254E-04  -9.4420024968E-04  -1.3612815248E-05  -1.0798955953E-03
   40      1.0655865521E-05  -9.4572413670E-04   4.4227864800E-04  -3.0637334654E-05  -4.2594530464E-03
   41      7.5960914398E-03  -5.6606202831E-05  -1.5317799831E-05  -5.3039120312E-04  -3.1649454226E-06
   42     -5.2310518205E-05  -8.3769625666E-04   3.4905058138E-03  -5.5354732119E-05  -7.7374523014E-04
   43     -2.2548432788E-04   4.3486810048E-03  -3.5100336873E-03  -5.0008318149E-05   9.7117104195E-04
   44      3.4658038116E-03   6.4637155712E-05   1.8196175225E-04   5.9243120211E-03  -4.1976246252E-05
                   10                 11                 12                 13                 14        
    0     -1.4272759900E-03  -4.2352891827E-04  -1.2344988048E-03  -4.8199032389E-05  -2.7015678795E-04
    1     -4.6951166046E-03   1.3144304141E-03  -1.9158963958E-05  -9.5534843158E-04  -8.7942591918E-07
    2     -5.6335223243E-04   6.6830121250E-03   4.9281244571E-04   4.0499576734E-06  -8.8439890154E-04
    3     -2.8595618160E-02   2.1533740104E-04   2.9282043284E-03   4.0871540552E-05   4.7234451015E-04
    4      3.3439082164E-02  -5.2982997077E-04   3.9809311027E-07  -7.0635586025E-02   4.9103451415E-07
    5      8.0667896339E-04   6.1377088086E-03  -3.2172751672E-06  -1.8312247651E-06  -6.6249820508E-03
    6     -3.5066346775E-02  -1.0476232910E-03  -3.3298131660E-02   7.9598579210E-02  -4.7438602884E-04
    7     -1.2573501899E-01   2.1036809209E-04   2.5193648449E-02   3.0525688989E-02  -2.1012970133E-05
    8     -4.9890839302E-04  -5.6886352453E-02  -2.2076829632E-04   1.1924057956E-03   7.8821277353E-03
    9      4.3093356121E-02   2.0554427434E-03  -1.4456319897E-01   5.7309019410E-02  -5.8265851323E-05
   10      7.2063093533E-01  -1.3017269690E-03   1.1162255636E-01  -2.8557667911E-01   6.1206575498E-04
   11     -1.3017269690E-03   1.2533480524E-01  -4.2659040869E-04   6.0977933730E-04  -6.0826061756E-02
   12      1.1162255636E-01  -4.2659040869E-04   4.5410460931E-01  -6.2406212810E-05   1.3803185612E-03
   13     -2.8557667911E-01   6.0977933730E-04  -6.2406212810E-05   6.4602078002E-01  -6.6812805864E-06
   14      6.1206575498E-04  -6.0826061756E-02   1.3803185612E-03  -6.6812805864E-06   1.1321284040E-01
   15     -2.0406168073E-02   9.1977970681E-05  -1.4452069789E-01  -5.7240506647E-02  -5.7352156279E-05
   16     -5.4923333458E-02   1.2936351695E-04  -1.1156181216E-01  -2.8545150892E-01  -6.0988991313E-04
   17     -1.2937850599E-04   1.0120037317E-02  -4.2602456024E-04  -6.0635150965E-04  -6.0823815084E-02
   18      2.7837758957E-02  -2.2198486372E-04  -3.3301362779E-02  -7.9584070634E-02  -4.7455405383E-04
   19     -1.6280144082E-02   1.9171807373E-04  -2.5189132538E-02   3.0542516618E-02   2.0644275315E-05
   20      4.4035358193E-04  -6.3987064425E-03  -2.2051877349E-04  -1.1944991735E-03   7.8820873143E-03
   21     -6.1913004569E-05  -2.3996608029E-05  -1.1014390838E-01   1.9121348924E-06  -2.7019718014E-04
   22      2.5808328949E-03   5.7894008239E-05   1.8546584292E-06  -3.2119251136E-02   4.1746195465E-08
   23      9.2082258957E-05   2.9210219087E-03  -1.6638803869E-04   2.0473253033E-07  -1.8967682461E-02
   24      8.8219564095E-05   3.6160117329E-04   1.9013270549E-04  -1.0448974445E-04  -1.4713764394E-04
   25      1.6242303696E-04  -5.4956048677E-04  -3.5847006456E-04   3.1532695435E-04  -8.0805241232E-05
   26      4.1476630528E-05  -9.5035782871E-05  -3.9376823753E-05  -5.3566134990E-04  -1.4917036756E-06
   27     -1.4512992680E-03   9.6284336119E-04   1.8922233710E-04   9.3578684947E-05  -1.5085521930E-04
   28     -1.0427848565E-04  -2.9145976491E-05   3.6412066255E-04   3.2694008412E-04   8.2997836157E-05
   29     -9.7903442227E-05   1.1566823500E-04  -2.6590561136E-05   5.4869807030E-04  -3.9653913021E-06
   30      2.5735322813E-04  -1.5290033622E-03   1.9994461408E-04  -5.8395958052E-06   1.8764536325E-04
   31     -6.5468180968E-04  -4.5725041840E-04   8.7183505865E-06   1.2902484977E-03  -1.7948348073E-06
   32     -7.0391233953E-05   4.7330003301E-05  -4.2250195327E-04  -5.2391341708E-06  -4.9405732028E-05
   33      2.8917458276E-02  -1.6867930588E-05  -4.2606427252E-03  -1.0632645951E-03  -3.5491520392E-05
   34      2.6161055252E-03  -5.7231903327E-05  -2.6987350906E-04   2.0471688010E-03   4.9405087740E-05
   35      1.5122807754E-04   2.0023792000E-03  -6.4753724983E-05   5.0824405523E-05   7.4747547897E-03
   36     -1.2261883085E-01   2.0538503176E-05   8.9860585228E-03   1.4950320139E-02  -3.4684655963E-05
   37     -2.6855559309E-01   4.2907515485E-04  -1.6063216789E-02  -1.9188775243E-02   5.7196902537E-05
   38      5.3934738798E-04  -3.3794033685E-02   1.0575609938E-04   2.2411168106E-05   2.1255806457E-03
   39     -3.3234373702E-03  -1.3905417474E-05   8.9861805993E-03  -1.4949815220E-02  -3.4576512039E-05
   40     -3.2373879055E-03  -1.2560929827E-05   1.6063725441E-02  -1.9187221246E-02  -5.6908204055E-05
   41     -5.3516609829E-05   5.1614416402E-03   1.0579441162E-04  -2.2528010660E-05   2.1207534469E-03
   42      8.0633420414E-04   4.3610532501E-06  -4.2619112074E-03   1.0641407940E-03  -3.5653655738E-05
   43      3.3285458129E-04   2.2395768144E-06   2.6921799043E-04   2.0457001446E-03  -4.9247061887E-05
   44      2.4383211665E-05  -5.2321436045E-04  -6.4948271097E-05  -5.1205489544E-05   7.4836587460E-03
                   15                 16                 17                 18                 19        
    0      3.0179292971E-03   1.4736478225E-03  -4.2440943282E-04  -2.3927836058E-02   5.9943373139E-03
    1      1.9895197908E-03  -4.7354831841E-03  -1.3143318990E-03   3.0242743991E-02   3.1963815951E-03
    2     -1.0051459057E-03   5.5899112742E-04   6.6053110625E-03  -5.9590646882E-04  -4.1665223209E-04
    3     -2.9418180036E-02   2.8562459877E-02   2.1561930918E-04  -1.6970572573E-01   1.0932555780E-01
    4      7.2299213660E-02   3.3476874395E-02   5.3106933964E-04   4.8374162083E-02  -2.6432732608E-01
    5     -5.6799953208E-04  -8.0451946620E-04   6.1365851574E-03   4.5316585776E-04   2.4398536902E-05
    6     -4.4320859056E-02  -2.7842241509E-02  -2.2249146617E-04   5.7178348621E-02  -1.9941782976E-02
    7     -2.6174923339E-02  -1.6271701501E-02  -1.9263749733E-04   1.9912348498E-02  -5.9339585800E-02
    8     -7.8709196448E-04  -4.4057364947E-04  -6.4006153114E-03   1.0476835765E-03  -4.6062103592E-04
    9      5.5008656750E-02   2.0403581993E-02   9.3107372030E-05  -4.4307302242E-02   2.6194057368E-02
   10     -2.0406168073E-02  -5.4923333458E-02  -1.2937850599E-04   2.7837758957E-02  -1.6280144082E-02
   11      9.1977970681E-05   1.2936351695E-04   1.0120037317E-02  -2.2198486372E-04   1.9171807373E-04
   12     -1.4452069789E-01  -1.1156181216E-01  -4.2602456024E-04  -3.3301362779E-02  -2.5189132538E-02
   13     -5.7240506647E-02  -2.8545150892E-01  -6.0635150965E-04  -7.9584070634E-02   3.0542516618E-02
   14     -5.7352156279E-05  -6.0988991313E-04  -6.0823815084E-02  -4.7455405383E-04   2.0644275315E-05
   15      6.6519850014E-01  -4.3170076965E-02   2.0803628692E-03  -3.2955853786E-01  -2.8596017043E-02
   16     -4.3170076965E-02   7.2050997728E-01   1.2980292668E-03   3.5067880110E-02  -1.2574357086E-01
   17      2.0803628692E-03   1.2980292668E-03   1.2531701410E-01  -1.0522659883E-03  -2.0981502504E-04
   18     -3.2955853786E-01   3.5067880110E-02  -1.0522659883E-03   6.7883726375E-01   3.3225965732E-02
   19     -2.8596017043E-02  -1.2574357086E-01  -2.0981502504E-04   3.3225965732E-02   6.9776279099E-01
   20     -6.3560967369E-04   5.0096663036E-04  -5.6837979505E-02   1.8134048384E-03   2.3967524634E-03
   21     -3.5766301990E-02   6.6882030272E-05  -2.3987337949E-05   3.2511855490E-03  -5.4020412770E-03
   22     -2.2278018400E-02   2.5799464961E-03  -5.7886936952E-05   1.1284180974E-03  -3.1906798986E-03
   23     -1.9090981343E-04  -9.2279126426E-05   2.9198003041E-03   4.2076387472E-05  -4.8439017147E-05
   24     -3.0121796794E-04   1.4801792270E-03   9.3532420198E-04  -5.7515579701E-03  -1.9300807627E-03
   25     -1.0636134179E-04  -9.7767708517E-05   3.7711042370E-05   4.2689179727E-04   5.0875437601E-04
   26      8.2974566033E-04   9.1838656443E-05   1.3546779182E-04   6.8349953407E-05  -3.6061027358E-05
   27     -1.4075506748E-04  -9.5551660632E-05   3.7781523749E-04   2.0224920409E-03  -1.8044295149E-03
   28     -6.9044359076E-04   1.5032127915E-04   5.5591035564E-04   2.1060725043E-03   4.6112672920E-04
   29     -3.0221292869E-04  -3.4976923994E-05  -8.5147456807E-05   3.5468811316E-04  -2.2891706247E-04
   30     -6.5141494143E-04  -2.6914690307E-04  -1.5177913408E-03  -1.0108605114E-04  -1.4242631189E-03
   31     -1.1744240454E-03  -6.5208728775E-04   4.4121783851E-04   2.0533923085E-03  -3.2620029452E-04
   32      5.2871654843E-04   6.8149716926E-05   6.0093481728E-05  -4.5197214862E-04   6.6750550892E-04
   33     -7.7444794720E-04  -8.0651181366E-04   4.2787515608E-06  -8.3337894769E-04  -3.4921418016E-03
   34     -9.7277994971E-04   3.3138169465E-04  -2.4704935770E-06  -4.3470889913E-03  -3.5133847825E-03
   35     -4.1558854546E-05  -2.3867476670E-05  -5.2234799068E-04   6.3814968741E-05  -1.8213607782E-04
   36     -1.0793190907E-03   3.3231934077E-03  -1.4009910046E-05  -8.0889768122E-04   9.4464659352E-04
   37      4.2597086920E-03  -3.2370022231E-03   1.2624004707E-05   9.4514277940E-04   4.4196582816E-04
   38     -3.0312078719E-06   5.3814860835E-05   5.1653101793E-03  -5.6491280715E-05   1.5087782479E-05
   39     -1.2434270276E-01   1.2261863678E-01   1.8609226179E-05  -1.0718646145E-02   2.8192662448E-02
   40      1.1993514264E-01  -2.6855061625E-01  -4.2711992939E-04  -1.6489981948E-03   3.7424121286E-03
   41      3.3191413053E-05  -5.3763211483E-04  -3.3795320024E-02  -5.5625053716E-05   4.2484587288E-05
   42     -1.2350651590E-02  -2.8924700833E-02  -1.6471313310E-05  -1.2227495850E-01  -1.1611656299E-01
   43      1.9997152086E-03   2.6145702444E-03   5.7521396674E-05  -1.1572139427E-01  -2.6393505646E-01
   44     -7.4804308724E-07  -1.5150655246E-04   2.0056059757E-03  -9.3984458408E-04  -1.7630619395E-03
                   20                 21                 22                 23                 24        
    0      2.1655460298E-04   3.2959406414E-04   1.9936599613E-06   1.4594928720E-04  -7.8901411057E-02
    1     -1.4502322050E-03  -7.0961462906E-06   2.6115424954E-04   9.4811998902E-08   7.4419689209E-02
    2      3.8293087669E-03   2.7996973388E-04  -2.6800540994E-07  -6.7076826343E-04  -4.3005808586E-02
    3     -6.1015502933E-06  -1.2415192805E-03  -6.8711475932E-07  -1.1462114333E-04  -1.3281743200E-02
    4     -1.3701146410E-03   8.8290938570E-06   1.4421747608E-03   5.1820083042E-08   2.8539678335E-02
    5     -6.6872164740E-02  -2.9232496978E-04   1.0547722796E-07  -8.6203647269E-04  -1.4407825033E-02
    6      1.0484754649E-03   3.2543570183E-03  -1.1302295650E-03   4.2032731680E-05   2.0351931320E-03
    7      4.6239699413E-04   5.3997582517E-03  -3.1906528464E-03   4.8447269362E-05   1.8238149659E-03
    8      1.0213404198E-02  -3.0416395662E-05  -2.9968487732E-05   4.2766616904E-03   6.2215034819E-04
    9     -7.8813491172E-04  -3.5769152263E-02   2.2281367475E-02  -1.9100100500E-04  -1.4189797315E-04
   10      4.4035358193E-04  -6.1913004569E-05   2.5808328949E-03   9.2082258957E-05   8.8219564095E-05
   11     -6.3987064425E-03  -2.3996608029E-05   5.7894008239E-05   2.9210219087E-03   3.6160117329E-04
   12     -2.2051877349E-04  -1.1014390838E-01   1.8546584292E-06  -1.6638803869E-04   1.9013270549E-04
   13     -1.1944991735E-03   1.9121348924E-06  -3.2119251136E-02   2.0473253033E-07  -1.0448974445E-04
   14      7.8820873143E-03  -2.7019718014E-04   4.1746195465E-08  -1.8967682461E-02  -1.4713764394E-04
   15     -6.3560967369E-04  -3.5766301990E-02  -2.2278018400E-02  -1.9090981343E-04  -3.0121796794E-04
   16      5.0096663036E-04   6.6882030272E-05   2.5799464961E-03  -9.2279126426E-05   1.4801792270E-03
   17     -5.6837979505E-02  -2.3987337949E-05  -5.7886936952E-05   2.9198003041E-03   9.3532420198E-04
   18      1.8134048384E-03   3.2511855490E-03   1.1284180974E-03   4.2076387472E-05  -5.7515579701E-03
   19      2.3967524634E-03  -5.4020412770E-03  -3.1906798986E-03  -4.8439017147E-05  -1.9300807627E-03
   20      1.2879328935E-01  -3.0111942903E-05   3.0110466494E-05   4.2697886972E-03  -5.7339806235E-04
   21     -3.0111942903E-05   1.7797867519E-01  -4.4290339710E-06   4.3213513070E-04  -1.2388624774E-04
   22      3.0110466494E-05  -4.4290339710E-06   2.9684207305E-02  -3.7739414775E-07  -8.1163288231E-05
   23      4.2697886972E-03   4.3213513070E-04  -3.7739414775E-07   1.0460650577E-02  -3.9456416340E-05
   24     -5.7339806235E-04  -1.2388624774E-04  -8.1163288231E-05  -3.9456416340E-05   8.9714030318E-02
   25      5.9058466466E-04   9.8782190711E-05   3.0303044907E-05   9.7099909480E-05  -8.4538652490E-02
   26      6.6750264747E-04  -5.1758011760E-05   5.6050183479E-06   1.0047878477E-05   4.6065344158E-02
   27      6.3605901074E-04  -1.2912392639E-04   8.0569123828E-05  -4.1111253217E-05   3.8061320530E-03
   28      4.5759487102E-04  -9.7271525140E-05   2.9307541882E-05  -9.9645447510E-05  -9.4970823959E-03
   29      5.3234307192E-04  -6.7935244390E-05  -4.6836462670E-06   9.8520417832E-06   6.7634718874E-03
   30     -3.4062776135E-04  -4.3086451950E-04   1.0177983350E-06   1.2843449566E-04   3.2956731541E-03
   31      5.4018685135E-04  -2.5902497340E-06  -4.0626184638E-05   2.4962492004E-06  -9.0603645131E-03
   32      4.2630783674E-04   1.1984738252E-04  -2.1954189324E-07  -4.8937326407E-05   4.0330753817E-03
   33     -5.5315563644E-05  -1.6006982586E-03   8.1382685499E-04  -3.2787464673E-05  -1.1095927043E-04
   34      5.0042202048E-05  -2.4614200192E-04   1.9394536167E-05   5.6628602621E-06  -1.1210932471E-03
   35      5.9193648851E-03  -2.6112157503E-05   7.9912642111E-06   1.9267241139E-04  -3.7298787158E-04
   36     -1.3535135443E-05   9.9622881566E-04   7.4288913449E-04   1.1316218942E-05   3.9410325069E-05
   37      3.0902138125E-05  -5.5433581868E-04   9.4731841949E-04  -1.6256797263E-05  -1.1376083447E-05
   38     -5.3022458339E-04   3.4594737300E-06  -8.5960691945E-06  -2.3528849132E-03   4.9668891143E-06
   39      9.4835207499E-05   9.9584969082E-04  -7.4294342057E-04   1.1356661785E-05  -4.7953693723E-04
   40      3.3052898319E-07   5.5381920297E-04   9.4728946905E-04   1.6216983449E-05   3.0104498692E-06
   41      2.4088498870E-03   3.4656116035E-06   8.5817251329E-06  -2.3499265570E-03   4.3683075515E-05
   42     -1.1405150032E-03  -1.6004354575E-03  -8.1389876394E-04  -3.2829807667E-05   1.1638935359E-05
   43     -1.4982631837E-03   2.4526893748E-04   1.9281347968E-05  -5.6636557246E-06  -5.7421346193E-06
   44     -3.4303171385E-02  -2.6233455434E-05  -8.0250813554E-06   1.9174048504E-04  -2.7658115877E-04
                   25                 26                 27                 28                 29        
    0      7.6509759105E-02  -4.4842288260E-02  -7.8767626890E-02  -7.5577001388E-02  -4.6162354196E-02
    1     -2.2413467797E-01   9.6730524319E-02  -7.3611542632E-02  -2.2064733491E-01  -9.8873507471E-02
    2      9.6235579861E-02  -9.7061847481E-02  -4.4342338830E-02  -9.8367642129E-02  -1.0040942844E-01
    3      6.1285484356E-04   2.5866979450E-03  -1.3349773733E-02  -6.8919918301E-04   2.5967080332E-03
    4     -2.2816157812E-04  -2.6911053909E-03  -2.8276019198E-02  -2.6242925554E-04   2.7077686475E-03
    5     -1.7873125752E-03  -1.8650084433E-04  -1.4873075464E-02   1.8099330791E-03  -7.1150193819E-05
    6     -2.1090133133E-03   3.7448124933E-04  -5.6746440755E-03  -4.5185476379E-04   4.5256915081E-05
    7      4.7903150830E-04   2.1906771994E-04   1.9334267001E-03   4.9624913590E-04   1.9140253012E-05
    8     -4.5271154410E-04   5.0453314302E-04  -5.8255211764E-04  -5.8908286407E-04   6.1962700260E-04
    9      6.6775852605E-04  -3.1020063963E-04  -3.1810367727E-04   9.8066641734E-05   8.8568491361E-04
   10      1.6242303696E-04   4.1476630528E-05  -1.4512992680E-03  -1.0427848565E-04  -9.7903442227E-05
   11     -5.4956048677E-04  -9.5035782871E-05   9.6284336119E-04  -2.9145976491E-05   1.1566823500E-04
   12     -3.5847006456E-04  -3.9376823753E-05   1.8922233710E-04   3.6412066255E-04  -2.6590561136E-05
   13      3.1532695435E-04  -5.3566134990E-04   9.3578684947E-05   3.2694008412E-04   5.4869807030E-04
   14     -8.0805241232E-05  -1.4917036756E-06  -1.5085521930E-04   8.2997836157E-05  -3.9653913021E-06
   15     -1.0636134179E-04   8.2974566033E-04  -1.4075506748E-04  -6.9044359076E-04  -3.0221292869E-04
   16     -9.7767708517E-05   9.1838656443E-05  -9.5551660632E-05   1.5032127915E-04  -3.4976923994E-05
   17      3.7711042370E-05   1.3546779182E-04   3.7781523749E-04   5.5591035564E-04  -8.5147456807E-05
   18      4.2689179727E-04   6.8349953407E-05   2.0224920409E-03   2.1060725043E-03   3.5468811316E-04
   19      5.0875437601E-04  -3.6061027358E-05  -1.8044295149E-03   4.6112672920E-04  -2.2891706247E-04
   20      5.9058466466E-04   6.6750264747E-04   6.3605901074E-04   4.5759487102E-04   5.3234307192E-04
   21      9.8782190711E-05  -5.1758011760E-05  -1.2912392639E-04  -9.7271525140E-05  -6.7935244390E-05
   22      3.0303044907E-05   5.6050183479E-06   8.0569123828E-05   2.9307541882E-05  -4.6836462670E-06
   23      9.7099909480E-05   1.0047878477E-05  -4.1111253217E-05  -9.9645447510E-05   9.8520417832E-06
   24     -8.4538652490E-02   4.6065344158E-02   3.8061320530E-03  -9.4970823959E-03   6.7634718874E-03
   25      2.4035449564E-01  -1.0634774170E-01   9.3850993989E-03  -1.8208465877E-02   1.2575081492E-02
   26     -1.0634774170E-01   1.0211591533E-01   6.9352295564E-03  -1.3021358938E-02   7.0947887121E-03
   27      9.3850993989E-03   6.9352295564E-03   8.9593792633E-02   8.3642695101E-02   4.7506562666E-02
   28     -1.8208465877E-02  -1.3021358938E-02   8.3642695101E-02   2.3650890885E-01   1.0867632692E-01
   29      1.2575081492E-02   7.0947887121E-03   4.7506562666E-02   1.0867632692E-01   1.0587170433E-01
   30     -6.5534724507E-04  -1.1301421376E-02   3.2949136170E-03   8.5223131995E-04  -1.1266976995E-02
   31      1.9144261193E-04   2.5718071931E-02   8.9807980916E-03   6.3257306909E-04  -2.5498954883E-02
   32     -9.5198035830E-04  -1.3068837669E-02   4.2003578603E-03   1.1783667184E-03  -1.3561857958E-02
   33      1.0723820627E-04  -3.5653146843E-04   1.1061908350E-05   1.5122942917E-04   1.0732939925E-05
   34      2.0786310581E-04  -2.8881717999E-04   3.9721893833E-06   4.1958508572E-04  -1.2679229751E-04
   35      4.9632831775E-04   6.2644906953E-05  -2.8619504712E-04  -6.2716823590E-05  -4.2133691792E-05
   36      5.9564052956E-05  -2.7855064984E-05  -4.7523825140E-04  -4.9839827935E-05   3.9843451552E-05
   37      5.3357277797E-07   3.2378385144E-06  -3.3581101312E-06   1.2480163544E-06   9.9349483933E-06
   38      4.8877394772E-05  -3.4713898456E-05   4.4880528596E-05  -1.0585914722E-05  -8.3879664134E-05
   39      4.9136064238E-05   4.1446480289E-05   3.8894065083E-05  -5.8706155353E-05  -2.9300753069E-05
   40      1.7008675740E-06  -1.0068013753E-05   1.1928658438E-05   2.5964122405E-07  -3.7955728835E-06
   41      8.9244331991E-06  -8.8796175524E-05   4.3984527562E-06  -4.9620932454E-05  -3.3816360825E-05
   42     -1.5378682178E-04   2.1714298034E-05  -1.0124303294E-04  -1.0097825740E-04  -3.5679914674E-04
   43      4.1719841228E-04   1.4743550051E-04   1.1080938633E-03   1.9598909545E-04   3.0501247146E-04
   44      5.3480777586E-05  -5.3676853706E-05  -3.8279783841E-04  -5.0376226032E-04   4.7395766086E-05
                   30                 31                 32                 33                 34        
    0     -6.8300656000E-02  -6.4919368174E-04   7.5840104604E-02   1.2285451326E-03   1.8661812854E-03
    1     -6.8210732887E-04  -4.3248286025E-02   2.1275905484E-03  -8.9203396203E-04   1.1757589446E-03
    2      7.9718679002E-02   2.1177676560E-03  -2.7356268535E-01   3.1488120530E-04   4.5091471342E-04
    3     -1.5742002280E-02  -6.1107660383E-05   1.9829754975E-03   9.9797889491E-03   1.6215007127E-02
    4     -3.1056709397E-04  -3.6167193754E-04  -2.4446547063E-05  -1.3169905326E-02  -1.9933835997E-02
    5      3.0966594508E-02  -1.5133246036E-05   3.0801313851E-03  -5.1188662738E-05   2.2602303731E-04
    6     -1.7193620041E-04  -2.0320263346E-03  -4.4803481778E-04  -1.2225933868E-01   1.1572528857E-01
    7      1.4396640380E-03  -3.1996364037E-04  -6.6836679519E-04   1.1614537505E-01  -2.6395540175E-01
    8     -3.1939976109E-04  -5.4873800298E-04   3.8574556623E-04  -1.1424989502E-03   1.5019154875E-03
    9     -6.6626531580E-04   1.1520032756E-03   5.1619987851E-04  -1.2349350374E-02  -1.9988652386E-03
   10      2.5735322813E-04  -6.5468180968E-04  -7.0391233953E-05   2.8917458276E-02   2.6161055252E-03
   11     -1.5290033622E-03  -4.5725041840E-04   4.7330003301E-05  -1.6867930588E-05  -5.7231903327E-05
   12      1.9994461408E-04   8.7183505865E-06  -4.2250195327E-04  -4.2606427252E-03  -2.6987350906E-04
   13     -5.8395958052E-06   1.2902484977E-03  -5.2391341708E-06  -1.0632645951E-03   2.0471688010E-03
   14      1.8764536325E-04  -1.7948348073E-06  -4.9405732028E-05  -3.5491520392E-05   4.9405087740E-05
   15     -6.5141494143E-04  -1.1744240454E-03   5.2871654843E-04  -7.7444794720E-04  -9.7277994971E-04
   16     -2.6914690307E-04  -6.5208728775E-04   6.8149716926E-05  -8.0651181366E-04   3.3138169465E-04
   17     -1.5177913408E-03   4.4121783851E-04   6.0093481728E-05   4.2787515608E-06  -2.4704935770E-06
   18     -1.0108605114E-04   2.0533923085E-03  -4.5197214862E-04  -8.3337894769E-04  -4.3470889913E-03
   19     -1.4242631189E-03  -3.2620029452E-04   6.6750550892E-04  -3.4921418016E-03  -3.5133847825E-03
   20     -3.4062776135E-04   5.4018685135E-04   4.2630783674E-04  -5.5315563644E-05   5.0042202048E-05
   21     -4.3086451950E-04  -2.5902497340E-06   1.1984738252E-04  -1.6006982586E-03  -2.4614200192E-04
   22      1.0177983350E-06  -4.0626184638E-05  -2.1954189324E-07   8.1382685499E-04   1.9394536167E-05
   23      1.2843449566E-04   2.4962492004E-06  -4.8937326407E-05  -3.2787464673E-05   5.6628602621E-06
   24      3.2956731541E-03  -9.0603645131E-03   4.0330753817E-03  -1.1095927043E-04  -1.1210932471E-03
   25     -6.5534724507E-04   1.9144261193E-04  -9.5198035830E-04   1.0723820627E-04   2.0786310581E-04
   26     -1.1301421376E-02   2.5718071931E-02  -1.3068837669E-02  -3.5653146843E-04  -2.8881717999E-04
   27      3.2949136170E-03   8.9807980916E-03   4.2003578603E-03   1.1061908350E-05   3.9721893833E-06
   28      8.5223131995E-04   6.3257306909E-04   1.1783667184E-03   1.5122942917E-04   4.1958508572E-04
   29     -1.1266976995E-02  -2.5498954883E-02  -1.3561857958E-02   1.0732939925E-05  -1.2679229751E-04
   30      7.9426707579E-02   7.8748964225E-04  -8.6175785894E-02   2.1577679487E-05  -3.0918578613E-04
   31      7.8748964225E-04   4.3773743995E-02  -2.3157996628E-03  -6.5759676372E-05  -1.2498232498E-04
   32     -8.6175785894E-02  -2.3157996628E-03   2.9680456733E-01   1.1401476799E-04  -4.4495746800E-05
   33      2.1577679487E-05  -6.5759676372E-05   1.1401476799E-04   1.2931577430E-01  -1.2568957366E-01
   34     -3.0918578613E-04  -1.2498232498E-04  -4.4495746800E-05  -1.2568957366E-01   2.8118959451E-01
   35      6.9379103001E-04   3.0562508706E-04  -2.7108536241E-04   1.1641160637E-03  -1.6866271630E-03
   36     -1.0232116905E-04  -1.0623981135E-05   3.3272578184E-05   1.0048663317E-03   2.1453463440E-04
   37     -2.3275967767E-05  -1.1264673605E-05  -3.0401795196E-06  -1.7327355674E-04   7.6423884612E-04
   38      1.8259297150E-05   5.9587788355E-05   2.1425129529E-05   2.6486945231E-05  -3.3078790741E-05
   39     -9.6664893819E-05   8.1892805022E-06   3.4080064947E-05   4.9497412387E-05   8.1692324038E-05
   40      2.3446924431E-05  -1.0459858479E-05   2.8873438339E-06   6.3707821054E-05  -1.2718333152E-06
   41      2.0071007844E-05  -5.7321718810E-05   2.0192884776E-05   1.9701685640E-06  -1.6573734808E-05
   42      2.4394726930E-05   6.4545660522E-05   1.2028257677E-04   5.7770448120E-04   8.3733693473E-04
   43      3.1948362144E-04  -1.3778413677E-04   3.6596874451E-05  -8.3578191755E-04  -1.2422143607E-03
   44      6.9289946067E-04  -2.8707814588E-04  -2.8298422075E-04   5.2941203251E-05  -2.5521581301E-05
                   35                 36                 37                 38                 39        
    0      4.7882338253E-04  -2.2271415204E-04   1.1627216508E-05   1.6048509151E-04  -2.2178915807E-04
    1     -8.5724567009E-04  -1.4069788285E-03   8.0035207383E-06  -9.2273162332E-05   1.4132524638E-03
    2     -3.4269653559E-03  -1.4893886053E-04  -7.5712758966E-07   1.1583646186E-04  -1.4885331089E-04
    3     -7.3248629032E-04  -5.3235776773E-03   8.6428264084E-04  -2.5056174865E-04  -5.3233552863E-03
    4      1.5887119879E-05   1.5055766066E-03   1.9554948141E-03  -1.0123710402E-04  -1.5083993112E-03
    5      3.4750830452E-03   6.4610013569E-05  -1.0963575428E-05   7.5790317678E-03   6.4213714654E-05
    6     -9.4192005086E-04  -1.0713824240E-02   1.6490523839E-03  -5.4696982117E-05  -8.0934929254E-04
    7      1.7680769551E-03  -2.8193463233E-02   3.7419081553E-03  -4.2116748350E-05  -9.4420024968E-04
    8     -3.4295411949E-02   9.4497067898E-05   1.2441868442E-08   2.4147820553E-03  -1.3612815248E-05
    9     -5.7398142584E-07  -1.2433994967E-01  -1.1993386722E-01   3.4258320491E-05  -1.0798955953E-03
   10      1.5122807754E-04  -1.2261883085E-01  -2.6855559309E-01   5.3934738798E-04  -3.3234373702E-03
   11      2.0023792000E-03   2.0538503176E-05   4.2907515485E-04  -3.3794033685E-02  -1.3905417474E-05
   12     -6.4753724983E-05   8.9860585228E-03  -1.6063216789E-02   1.0575609938E-04   8.9861805993E-03
   13      5.0824405523E-05   1.4950320139E-02  -1.9188775243E-02   2.2411168106E-05  -1.4949815220E-02
   14      7.4747547897E-03  -3.4684655963E-05   5.7196902537E-05   2.1255806457E-03  -3.4576512039E-05
   15     -4.1558854546E-05  -1.0793190907E-03   4.2597086920E-03  -3.0312078719E-06  -1.2434270276E-01
   16     -2.3867476670E-05   3.3231934077E-03  -3.2370022231E-03   5.3814860835E-05   1.2261863678E-01
   17     -5.2234799068E-04  -1.4009910046E-05   1.2624004707E-05   5.1653101793E-03   1.8609226179E-05
   18      6.3814968741E-05  -8.0889768122E-04   9.4514277940E-04  -5.6491280715E-05  -1.0718646145E-02
   19     -1.8213607782E-04   9.4464659352E-04   4.4196582816E-04   1.5087782479E-05   2.8192662448E-02
   20      5.9193648851E-03  -1.3535135443E-05   3.0902138125E-05  -5.3022458339E-04   9.4835207499E-05
   21     -2.6112157503E-05   9.9622881566E-04  -5.5433581868E-04   3.4594737300E-06   9.9584969082E-04
   22      7.9912642111E-06   7.4288913449E-04   9.4731841949E-04  -8.5960691945E-06  -7.4294342057E-04
   23      1.9267241139E-04   1.1316218942E-05  -1.6256797263E-05  -2.3528849132E-03   1.1356661785E-05
   24     -3.7298787158E-04   3.9410325069E-05  -1.1376083447E-05   4.9668891143E-06  -4.7953693723E-04
   25      4.9632831775E-04   5.9564052956E-05   5.3357277797E-07   4.8877394772E-05   4.9136064238E-05
   26      6.2644906953E-05  -2.7855064984E-05   3.2378385144E-06  -3.4713898456E-05   4.1446480289E-05
   27     -2.8619504712E-04  -4.7523825140E-04  -3.3581101312E-06   4.4880528596E-05   3.8894065083E-05
   28     -6.2716823590E-05  -4.9839827935E-05   1.2480163544E-06  -1.0585914722E-05  -5.8706155353E-05
   29     -4.2133691792E-05   3.9843451552E-05   9.9349483933E-06  -8.3879664134E-05  -2.9300753069E-05
   30      6.9379103001E-04  -1.0232116905E-04  -2.3275967767E-05   1.8259297150E-05  -9.6664893819E-05
   31      3.0562508706E-04  -1.0623981135E-05  -1.1264673605E-05   5.9587788355E-05   8.1892805022E-06
   32     -2.7108536241E-04   3.3272578184E-05  -3.0401795196E-06   2.1425129529E-05   3.4080064947E-05
   33      1.1641160637E-03   1.0048663317E-03  -1.7327355674E-04   2.6486945231E-05   4.9497412387E-05
   34     -1.6866271630E-03   2.1453463440E-04   7.6423884612E-04  -3.3078790741E-05   8.1692324038E-05
   35      2.4227418575E-02   1.1382547087E-05  -1.5660401097E-05  -4.0086497585E-03   2.9075840811E-06
   36      1.1382547087E-05   1.3134851467E-01   1.2985864276E-01  -4.3975900784E-05   6.4087588382E-04
   37     -1.5660401097E-05   1.2985864276E-01   2.8411386200E-01  -4.7990695305E-04  -7.8243705520E-04
   38     -4.0086497585E-03  -4.3975900784E-05  -4.7990695305E-04   2.3904878129E-02   6.4047289069E-06
   39      2.9075840811E-06   6.4087588382E-04  -7.8243705520E-04   6.4047289069E-06   1.3135503435E-01
   40      4.4722087849E-06   7.8239342136E-04  -9.8075335711E-04   8.9481048991E-06  -1.2986015264E-01
   41     -1.0456591931E-03   6.4788720311E-06  -8.8928601473E-06   5.2468647226E-04  -4.2717688521E-05
   42      5.3011917319E-05   4.9887382701E-05  -6.3695460656E-05   1.9427926171E-06   1.0056080640E-03
   43      2.5465679043E-05  -8.1644441321E-05  -1.1845872239E-06   1.6691050262E-05  -2.1411547517E-04
   44      2.5793548807E-04   2.9172287289E-06  -4.4763301780E-06  -1.0471443387E-03   1.1439576543E-05
                   40                 41                 42                 43                 44        
    0     -1.1159526870E-05   1.6038352370E-04   1.2126931568E-03  -1.8516653324E-03   4.7973221412E-04
    1      8.1920978857E-06   9.3021397394E-05   8.6006432794E-04   1.1905335043E-03   8.5709797023E-04
    2      7.2460212060E-07   1.1711187962E-04   3.1441095587E-04  -4.5214289063E-04  -3.3751846673E-03
    3     -8.6443618326E-04  -2.5038747426E-04   1.0020819401E-02  -1.6223228613E-02  -7.3280743699E-04
    4      1.9544632376E-03   1.0071135249E-04   1.3184190792E-02  -1.9930327505E-02  -1.8151773657E-05
    5      1.0655865521E-05   7.5960914398E-03  -5.2310518205E-05  -2.2548432788E-04   3.4658038116E-03
    6     -9.4572413670E-04  -5.6606202831E-05  -8.3769625666E-04   4.3486810048E-03   6.4637155712E-05
    7      4.4227864800E-04  -1.5317799831E-05   3.4905058138E-03  -3.5100336873E-03   1.8196175225E-04
    8     -3.0637334654E-05  -5.3039120312E-04  -5.5354732119E-05  -5.0008318149E-05   5.9243120211E-03
    9     -4.2594530464E-03  -3.1649454226E-06  -7.7374523014E-04   9.7117104195E-04  -4.1976246252E-05
   10     -3.2373879055E-03  -5.3516609829E-05   8.0633420414E-04   3.3285458129E-04   2.4383211665E-05
   11     -1.2560929827E-05   5.1614416402E-03   4.3610532501E-06   2.2395768144E-06  -5.2321436045E-04
   12      1.6063725441E-02   1.0579441162E-04  -4.2619112074E-03   2.6921799043E-04  -6.4948271097E-05
   13     -1.9187221246E-02  -2.2528010660E-05   1.0641407940E-03   2.0457001446E-03  -5.1205489544E-05
