
$orca_hessian_file

$act_atom
  0

$act_coord
  0

$act_energy
        0.000000

$multiplicity
  1

$hessian
45
                    0                  1                  2                  3                  4        
    0      4.7534141830E-01  -2.3465794864E-04  -1.1447911049E-02  -2.0774675131E-01  -7.2111975742E-05
    1     -2.3465794864E-04   5.7556846230E-01  -1.8899001425E-05   8.6621584116E-05  -8.8497150984E-02
    2     -1.1447911049E-02  -1.8899001425E-05   5.2768026707E-01   1.7610469392E-03   1.5207184151E-06
    3     -2.0774675131E-01   8.6621584116E-05   1.7610469392E-03   6.3859432549E-01   1.6721655302E-04
    4     -7.2111975742E-05  -8.8497150984E-02   1.5207184151E-06   1.6721655302E-04   6.6040973288E-01
    5     -2.8420381984E-03   6.5204107466E-06  -6.8082193988E-02   3.9253441417E-03  -2.0080907646E-05
    6     -2.3818256379E-02   3.0151038971E-02   6.3103532209E-04  -1.7051371924E-01   4.9911227889E-02
    7      5.9346327724E-03   3.2247382755E-03   3.7749676323E-04   1.1075479511E-01  -2.6624589924E-01
    8     -2.1069852167E-04   1.4425841366E-03   3.8102481979E-03   3.7121837333E-05   1.2942858576E-03
    9      3.0089484837E-03   1.9890436982E-03   9.9117876438E-04  -2.9531100217E-02   7.2537903834E-02
   10      1.4701740327E-03  -4.7208418456E-03  -5.6009786566E-04   2.8639321979E-02   3.3414889305E-02
   11      4.1517757427E-04   1.2978670184E-03   6.6177368809E-03  -1.9666204111E-04  -5.4059836988E-04
   12     -1.2541057031E-03  -1.6809821252E-05  -4.7653752293E-04   3.1540269584E-03  -5.7186138075E-07
   13     -4.2456905125E-05  -9.4483932042E-04  -3.4376775985E-06   3.5040451414E-05  -7.0632815718E-02
   14      2.6830348706E-04   8.5113265306E-07  -9.0117795977E-04  -4.6785210922E-04   1.0304319149E-06
   15      2.9317039208E-03  -1.9472588761E-03   9.8544588964E-04  -2.9472415887E-02  -7.2538774601E-02
   16     -1.4294695879E-03  -4.6848822815E-03   5.6443115477E-04  -2.8667067531E-02   3.3383613446E-02
   17      4.1454791960E-04  -1.2974559330E-03   6.6870952081E-03  -1.9520726787E-04   5.3827589414E-04
   18     -2.3730586170E-02  -3.0109064847E-02   6.4192924675E-04  -1.7063359782E-01  -4.9979503224E-02
   19     -5.8956653633E-03   3.1809893893E-03  -3.7576632018E-04  -1.1089098309E-01  -2.6635927044E-01
   20     -2.1005554203E-04  -1.4427003031E-03   3.8754608037E-03   4.2798074061E-05  -1.2807684009E-03
   21      3.4812236296E-04  -6.3678095416E-06  -2.8238312282E-04  -1.3171802038E-03   7.9146882334E-06
   22      1.7728635773E-06   2.6111197585E-04   2.1207551119E-07  -5.8938153991E-07   1.4700699023E-03
   23     -1.4333692063E-04  -1.0630613973E-07  -6.7458226227E-04   1.1196037250E-04  -1.0237548941E-07
   24     -7.9166444567E-02   7.4588459806E-02   4.3393578956E-02  -1.3168502959E-02   2.8431781691E-02
   25      7.6558439627E-02  -2.2291758242E-01  -9.6735431248E-02   5.2272075633E-04  -1.7206877069E-04
   26      4.5170991209E-02  -9.7278731183E-02  -9.7849837413E-02  -2.5690022898E-03   2.7196697931E-03
   27     -6.8848680734E-02  -6.1877221257E-04  -8.0479250547E-02  -1.5616833143E-02  -2.7844044255E-04
   28     -5.8907304165E-04  -4.3136276707E-02  -1.8954771004E-03  -5.2275141879E-05  -4.0469549990E-04
   29     -7.6523589536E-02  -1.9044875455E-03  -2.7369486706E-01  -1.8688202167E-03   2.2753115368E-05
   30     -7.9052609914E-02  -7.3857790324E-02   4.4611765295E-02  -1.3231625018E-02  -2.8192884318E-02
   31     -7.5716134912E-02  -2.1973605108E-01   9.8642987900E-02  -5.9056716329E-04  -2.0445237607E-04
   32      4.6370769854E-02   9.9196793730E-02  -1.0090419658E-01  -2.5768951856E-03  -2.7332252682E-03
   33      1.2082395412E-03   8.5956642235E-04  -3.1452332821E-04   1.0046003086E-02   1.3216539753E-02
   34     -1.8555183048E-03   1.1935403604E-03   4.5386539501E-04  -1.6244143323E-02  -2.0044639178E-02
   35     -4.6977168192E-04  -8.4820154472E-04  -3.3838918994E-03   7.1863875385E-04   2.7222062544E-06
   36     -2.2125673647E-04   1.4080631036E-03   1.4794856006E-04  -5.2859280444E-03  -1.5381033858E-03
   37     -1.7113962952E-05   1.4266694537E-05  -1.3875251415E-06  -8.9451768558E-04   1.9648986616E-03
   38     -1.5983594099E-04  -9.3017874934E-05   1.2558275559E-04   2.5329395769E-04  -9.2478212302E-05
   39     -2.2212149716E-04  -1.4025307668E-03   1.4812344277E-04  -5.2860478757E-03   1.5358224034E-03
   40      1.7558444066E-05   1.4149160663E-05   1.4155132560E-06   8.9456110004E-04   1.9657539101E-03
   41     -1.5997323135E-04   9.2398563867E-05   1.2449339076E-04   2.5342215927E-04   9.3107618434E-05
   42      1.2223804090E-03  -8.8829922572E-04  -3.1491531981E-04   1.0009346185E-02  -1.3204447024E-02
   43      1.8683825074E-03   1.1803664843E-03  -4.5303517898E-04   1.6236295803E-02  -2.0047965905E-02
   44     -4.6911095086E-04   8.4818709745E-04  -3.4301371474E-03   7.1757432102E-04   1.7509325549E-07
                    5                  6                  7                  8                  9        
    0     -2.8420381984E-03  -2.3818256379E-02   5.9346327724E-03  -2.1069852167E-04   3.0089484837E-03
    1      6.5204107466E-06   3.0151038971E-02   3.2247382755E-03   1.4425841366E-03   1.9890436982E-03
    2     -6.8082193988E-02   6.3103532209E-04   3.7749676323E-04   3.8102481979E-03   9.9117876438E-04
    3      3.9253441417E-03  -1.7051371924E-01   1.1075479511E-01   3.7121837333E-05  -2.9531100217E-02
    4     -2.0080907646E-05   4.9911227889E-02  -2.6624589924E-01   1.2942858576E-03   7.2537903834E-02
    5      1.7136253653E-01  -4.3969802748E-04  -8.1284074833E-05  -6.6661283446E-02   5.7354974718E-04
    6     -4.3969802748E-04   6.8192439683E-01   3.1810222556E-02  -1.9357306607E-03  -3.3223352607E-01
    7     -8.1284074833E-05   3.1810222556E-02   6.9954700678E-01  -2.2996206257E-03  -2.8601691719E-02
    8     -6.6661283446E-02  -1.9357306607E-03  -2.2996206257E-03   1.2847502466E-01   7.3127960054E-04
    9      5.7354974718E-04  -3.3223352607E-01  -2.8601691719E-02   7.3127960054E-04   6.7078955117E-01
   10      8.0278116171E-04   3.4792870289E-02  -1.2567270056E-01  -5.0883589670E-04  -4.3390296866E-02
   11      6.2028891511E-03   1.1459772579E-03   2.1932225231E-04  -5.6590945871E-02  -2.1870876254E-03
   12     -2.1879008853E-06  -3.3142597889E-02  -2.5245326182E-02   2.2701073740E-04  -1.4577971782E-01
   13      3.2115517363E-06  -7.9411551310E-02   3.0552473246E-02   1.2057062383E-03  -5.7762647680E-02
   14     -6.7494776679E-03   4.8234404571E-04  -1.7212618265E-05   7.8969152058E-03   7.0459224952E-05
   15      5.8014326966E-04  -4.4523108666E-02   2.6229034856E-02   7.9398702975E-04   5.5286377157E-02
   16     -8.0597379971E-04   2.7750984168E-02  -1.6316773891E-02  -4.3875228030E-04  -2.0379354527E-02
   17      6.2043478126E-03   2.2631168487E-04  -1.9072179137E-04  -6.4551594772E-03  -8.9757153812E-05
   18     -4.3798350247E-04   5.7312052405E-02  -1.9990856948E-02  -1.0477184095E-03  -4.4536275234E-02
   19      9.3107303902E-05   1.9962039171E-02  -5.9613061309E-02  -4.6032669055E-04  -2.6211322558E-02
   20     -6.6614752753E-02  -1.0480616271E-03   4.6262658934E-04   1.0370247545E-02   7.9460127483E-04
   21      2.9669737020E-04   3.2519859491E-03  -5.3421399897E-03   2.7426813157E-05  -3.5894576804E-02
   22     -1.5299817891E-07   1.1473518562E-03  -3.2076839893E-03  -3.1353121441E-05  -2.2503442854E-02
   23     -8.6581483654E-04  -4.2431870746E-05   5.0394258069E-05   4.2808038596E-03   1.9387419678E-04
   24      1.4390753810E-02  -5.7390949651E-03  -1.9313446056E-03   5.7165955615E-04  -3.0512233138E-04
   25      1.8558909451E-03   4.1950095024E-04   4.9096668651E-04  -5.8577416038E-04  -1.0480039700E-04
   26     -1.7961874756E-04  -8.5706237273E-05   4.6542003391E-05   6.5286276006E-04  -8.2274844058E-04
   27     -3.0781431295E-02  -1.0676786200E-04  -1.4394313911E-03   3.3617435689E-04  -6.5515436331E-04
   28      1.5395145870E-05   2.0327105361E-03  -3.1694857847E-04  -5.4180369277E-04  -1.1600773915E-03
   29      3.1824632849E-03   4.4158641367E-04  -6.5388855094E-04   4.1035712133E-04  -5.2093375521E-04
   30      1.4809079352E-02   2.0572090719E-03  -1.7965687330E-03  -6.3600152128E-04  -1.4384051029E-04
   31     -1.8773115746E-03   2.0538219801E-03   4.5806591790E-04  -4.4866687166E-04  -6.8594658673E-04
   32     -7.2702732005E-05  -3.4592688885E-04   2.3526689292E-04   5.2641724425E-04   3.0134143822E-04
   33      5.3579145690E-05  -1.2223274965E-01  -1.1593910391E-01   1.1256862443E-03  -1.2372075406E-02
   34      2.2446614223E-04  -1.1548432307E-01  -2.6365256821E-01   1.4647765536E-03   1.9430430175E-03
   35      3.5054668014E-03   9.0823778164E-04   1.7324050826E-03  -3.4426535457E-02   1.9415145691E-05
   36     -6.2767115346E-05  -1.0614037208E-02   2.8078644569E-02  -9.6059063239E-05  -1.2579003898E-01
   37     -5.8683735499E-06  -1.7109720780E-03   3.8555991747E-03  -5.9636532587E-07   1.2068914398E-01
   38      7.6346542988E-03   7.1688156447E-05  -5.6003045817E-05   2.3180986478E-03  -6.9825300421E-05
   39     -6.3215873624E-05  -7.9776769603E-04   9.4315470929E-04   1.3445640127E-05  -1.0684281996E-03
   40      6.4180585927E-06   9.6823603888E-04   4.3482404783E-04  -3.0876751815E-05   4.2994146412E-03
   41      7.6195113736E-03   5.2817381496E-05  -1.3402075704E-05  -5.3370129179E-04   5.8041185587E-06
   42      5.3413631230E-05  -8.2401862657E-04  -3.4964906381E-03   5.7551360364E-05  -7.7502087982E-04
   43     -2.2340618540E-04  -4.3606883951E-03  -3.5380383522E-03  -4.7621121768E-05  -9.7824356865E-04
   44      3.5139749190E-03  -5.7577731191E-05   1.7495373313E-04   5.9266503018E-03   3.5969988569E-05
                   10                 11                 12                 13                 14        
    0      1.4701740327E-03   4.1517757427E-04  -1.2541057031E-03  -4.2456905125E-05   2.6830348706E-04
    1     -4.7208418456E-03   1.2978670184E-03  -1.6809821252E-05  -9.4483932042E-04   8.5113265306E-07
    2     -5.6009786566E-04   6.6177368809E-03  -4.7653752293E-04  -3.4376775985E-06  -9.0117795977E-04
    3      2.8639321979E-02  -1.9666204111E-04   3.1540269584E-03   3.5040451414E-05  -4.6785210922E-04
    4      3.3414889305E-02  -5.4059836988E-04  -5.7186138075E-07  -7.0632815718E-02   1.0304319149E-06
    5      8.0278116171E-04   6.2028891511E-03  -2.1879008853E-06   3.2115517363E-06  -6.7494776679E-03
    6      3.4792870289E-02   1.1459772579E-03  -3.3142597889E-02  -7.9411551310E-02   4.8234404571E-04
    7     -1.2567270056E-01   2.1932225231E-04  -2.5245326182E-02   3.0552473246E-02  -1.7212618265E-05
    8     -5.0883589670E-04  -5.6590945871E-02   2.2701073740E-04   1.2057062383E-03   7.8969152058E-03
    9     -4.3390296866E-02  -2.1870876254E-03  -1.4577971782E-01  -5.7762647680E-02   7.0459224952E-05
   10      7.1947693744E-01  -1.3787633315E-03  -1.1221788768E-01  -2.8498440901E-01   6.3997065836E-04
   11     -1.3787633315E-03   1.2522810338E-01   4.4978344872E-04   6.3725974393E-04  -6.1244900745E-02
   12     -1.1221788768E-01   4.4978344872E-04   4.6243046012E-01  -5.0279200515E-05  -1.4425934567E-03
   13     -2.8498440901E-01   6.3725974393E-04  -5.0279200515E-05   6.4575964704E-01  -8.3088371913E-06
   14      6.3997065836E-04  -6.1244900745E-02  -1.4425934567E-03  -8.3088371913E-06   1.1328094131E-01
   15      2.0374464220E-02  -9.1928202219E-05  -1.4581272807E-01   5.7817079279E-02   6.8424505092E-05
   16     -5.5255613568E-02   1.3689142681E-04   1.1226561691E-01  -2.8509266474E-01  -6.2937190261E-04
   17     -1.3340749969E-04   1.0354474774E-02   4.4384336643E-04  -6.2781179317E-04  -6.1247572927E-02
   18     -2.7754330071E-02   2.2810442200E-04  -3.3137144561E-02   7.9425838058E-02   4.7739230196E-04
   19     -1.6307927494E-02   1.9206172931E-04   2.5250953087E-02   3.0534928467E-02   1.5945710046E-05
   20      4.3946194413E-04  -6.4567714457E-03   2.2570084041E-04  -1.2054689797E-03   7.8971382021E-03
   21      5.7953054858E-05   2.5799627605E-05  -1.1655195433E-01   2.7988488185E-06   2.8225959065E-04
   22      2.5999201778E-03   6.1359242366E-05   2.7083573452E-06  -3.1972704454E-02   3.6894423487E-07
   23      9.3190324822E-05   2.9967338741E-03   1.7850541957E-04   1.5716413489E-07  -1.8615372079E-02
   24      1.4752652779E-03  -9.3491378842E-04   1.9412815589E-04  -1.0539606023E-04   1.4887287348E-04
   25     -9.4181818478E-05  -4.1652795208E-05  -3.5370826334E-04   3.1394399881E-04   8.1014195278E-05
   26     -8.6214444471E-05   1.3153240535E-04   3.6543060436E-05   5.2968707146E-04  -1.5583263835E-06
   27     -2.5774368081E-04   1.5184833898E-03   2.1335675347E-04  -5.0617860471E-06  -1.9188861094E-04
   28     -6.4485679482E-04  -4.3954196117E-04   7.6056592160E-06   1.2721198806E-03   1.5716881465E-06
   29     -6.7885077887E-05   4.9760493901E-05   4.1886630941E-04   4.5624382934E-06  -4.6711208959E-05
   30     -9.4973873238E-05  -3.8409863637E-04   1.9345266380E-04   9.5770113777E-05   1.5228756512E-04
   31      1.5512911279E-04  -5.4153047773E-04   3.5869234336E-04   3.2402016365E-04  -8.2981288977E-05
   32      3.0410332269E-05  -8.2092504604E-05   2.3749159622E-05  -5.4215710937E-04  -3.7848502803E-06
   33     -2.8977511827E-02   1.6780701191E-05  -4.2649079174E-03   1.0593359139E-03   3.9738053721E-05
   34      2.6079023570E-03  -5.8180642397E-05   2.9931864320E-04   2.0580519131E-03   4.8195074159E-05
   35      1.6366486532E-04   1.9982772112E-03   6.6124055081E-05   4.0738692050E-05   7.5281104451E-03
   36      1.2368506759E-01  -4.1990788366E-05   9.0107925013E-03  -1.4988879837E-02   3.7526052406E-05
   37     -2.6758673232E-01   4.7148156166E-04   1.6258455867E-02  -1.9622724489E-02   6.0470370539E-05
   38      5.8999835275E-04  -3.3885542563E-02  -1.0876520940E-04   3.0845428086E-05   2.3413690438E-03
   39      3.3286989817E-03   1.4370891032E-05   9.0107146530E-03   1.4988601366E-02   3.7028758347E-05
   40     -3.3235156867E-03  -1.3652944405E-05  -1.6258813036E-02  -1.9624422839E-02  -5.9310086741E-05
   41     -5.0744852741E-05   5.2063018378E-03  -1.0783064212E-04  -2.9667527414E-05   2.3457481100E-03
   42     -8.1179644723E-04  -4.9174548789E-06  -4.2637755107E-03  -1.0583514516E-03   3.9463486029E-05
   43      3.3600071011E-04   2.7710715580E-06  -2.9979462051E-04   2.0593958573E-03  -4.7597320120E-05
   44      2.1377805155E-05  -5.2555688341E-04   6.6022567233E-05  -3.9952554951E-05   7.5203334502E-03
                   15                 16                 17                 18                 19        
    0      2.9317039208E-03  -1.4294695879E-03   4.1454791960E-04  -2.3730586170E-02  -5.8956653633E-03
    1     -1.9472588761E-03  -4.6848822815E-03  -1.2974559330E-03  -3.0109064847E-02   3.1809893893E-03
    2      9.8544588964E-04   5.6443115477E-04   6.6870952081E-03   6.4192924675E-04  -3.7576632018E-04
    3     -2.9472415887E-02  -2.8667067531E-02  -1.9520726787E-04  -1.7063359782E-01  -1.1089098309E-01
    4     -7.2538774601E-02   3.3383613446E-02   5.3827589414E-04  -4.9979503224E-02  -2.6635927044E-01
    5      5.8014326966E-04  -8.0597379971E-04   6.2043478126E-03  -4.3798350247E-04   9.3107303902E-05
    6     -4.4523108666E-02   2.7750984168E-02   2.2631168487E-04   5.7312052405E-02   1.9962039171E-02
    7      2.6229034856E-02  -1.6316773891E-02  -1.9072179137E-04  -1.9990856948E-02  -5.9613061309E-02
    8      7.9398702975E-04  -4.3875228030E-04  -6.4551594772E-03  -1.0477184095E-03  -4.6032669055E-04
    9      5.5286377157E-02  -2.0379354527E-02  -8.9757153812E-05  -4.4536275234E-02  -2.6211322558E-02
   10      2.0374464220E-02  -5.5255613568E-02  -1.3340749969E-04  -2.7754330071E-02  -1.6307927494E-02
   11     -9.1928202219E-05   1.3689142681E-04   1.0354474774E-02   2.2810442200E-04   1.9206172931E-04
   12     -1.4581272807E-01   1.1226561691E-01   4.4384336643E-04  -3.3137144561E-02   2.5250953087E-02
   13      5.7817079279E-02  -2.8509266474E-01  -6.2781179317E-04   7.9425838058E-02   3.0534928467E-02
   14      6.8424505092E-05  -6.2937190261E-04  -6.1247572927E-02   4.7739230196E-04   1.5945710046E-05
   15      6.7068006822E-01   4.3327186354E-02  -2.1647848210E-03  -3.3205109544E-01   2.8604718391E-02
   16      4.3327186354E-02   7.1957291265E-01   1.3511503888E-03  -3.4786363069E-02  -1.2566496804E-01
   17     -2.1647848210E-03   1.3511503888E-03   1.2524369670E-01   1.1446878871E-03  -2.1628790712E-04
   18     -3.3205109544E-01  -3.4786363069E-02   1.1446878871E-03   6.8174408869E-01  -3.1766787356E-02
   19      2.8604718391E-02  -1.2566496804E-01  -2.1628790712E-04  -3.1766787356E-02   6.9972067661E-01
   20      7.2591760969E-04   5.1113829623E-04  -5.6633671790E-02  -1.9342389954E-03   2.2530669990E-03
   21     -3.5896320427E-02  -5.2809477309E-05   2.5815288963E-05   3.2548637512E-03   5.3399488106E-03
   22      2.2507200897E-02   2.6001601784E-03  -6.1420177867E-05  -1.1490886679E-03  -3.2077273474E-03
   23      1.9268130132E-04  -9.2989682618E-05   2.9978400417E-03  -4.2324303940E-05  -5.0000986898E-05
   24     -1.4459825497E-04   8.8405291254E-05  -3.6933859185E-04   2.0688598558E-03   1.8136340175E-03
   25      6.6599099131E-04   1.6597871571E-04   5.3621189520E-04  -2.0567026177E-03   4.7372843963E-04
   26      3.1031954937E-04  -3.6532127748E-05  -9.0956340285E-05  -3.6684618071E-04  -2.2587397998E-04
   27     -6.6817734770E-04   2.4712744231E-04   1.5283629712E-03  -1.7104152568E-04   1.4530348241E-03
   28      1.1403561580E-03  -6.4708970962E-04   4.5359446256E-04  -2.0142874038E-03  -3.1179194286E-04
   29     -5.0990040535E-04   7.0047364908E-05   3.8471146399E-05   4.3856702698E-04   6.5467995818E-04
   30     -3.2024958732E-04  -1.4495295689E-03  -9.5955726495E-04  -5.6699811465E-03   1.9344876221E-03
   31      9.7164721788E-05  -1.0001807423E-04   3.3933503506E-05  -4.4231849892E-04   4.7952794331E-04
   32     -8.7857642852E-04   9.2167173294E-05   1.1361464719E-04  -6.1743345067E-05  -2.9080385038E-05
   33     -7.7432597414E-04   8.1166688168E-04  -5.0781846766E-06  -8.2772036437E-04   3.4949438438E-03
   34      9.7685237271E-04   3.3725991478E-04  -2.6291776067E-06   4.3620208732E-03  -3.5352840322E-03
   35      3.6279536641E-05  -2.1898140907E-05  -5.2629735881E-04  -5.8366607434E-05  -1.7429273746E-04
   36     -1.0690987573E-03  -3.3289453897E-03   1.4416880400E-05  -7.9820972534E-04  -9.4272897632E-04
   37     -4.2992454614E-03  -3.3235709863E-03   1.4043445604E-05  -9.6869716827E-04   4.3515994337E-04
   38      6.1798322941E-06   5.1030780364E-05   5.2028955551E-03   5.2919226177E-05   1.3524014824E-05
   39     -1.2579551778E-01  -1.2368965992E-01  -3.7906617653E-05  -1.0610253649E-02  -2.8078903899E-02
   40     -1.2069229152E-01  -2.6758302005E-01  -4.6213583715E-04   1.7114628741E-03   3.8559612122E-03
   41     -6.5456123634E-05  -5.8094086036E-04  -3.3884432236E-02   7.0949005251E-05   5.5898582775E-05
   42     -1.2370513092E-02   2.8971600413E-02   1.5228896790E-05  -1.2221395907E-01   1.1596415242E-01
   43     -1.9418661720E-03   2.6086764357E-03   5.7950686175E-05   1.1548715712E-01  -2.6368094140E-01
   44      1.9682463702E-05  -1.6368794987E-04   1.9956542483E-03   9.0144409513E-04  -1.7204680155E-03
                   20                 21                 22                 23                 24        
    0     -2.1005554203E-04   3.4812236296E-04   1.7728635773E-06  -1.4333692063E-04  -7.9166444567E-02
    1     -1.4427003031E-03  -6.3678095416E-06   2.6111197585E-04  -1.0630613973E-07   7.4588459806E-02
    2      3.8754608037E-03  -2.8238312282E-04   2.1207551119E-07  -6.7458226227E-04   4.3393578956E-02
    3      4.2798074061E-05  -1.3171802038E-03  -5.8938153991E-07   1.1196037250E-04  -1.3168502959E-02
    4     -1.2807684009E-03   7.9146882334E-06   1.4700699023E-03  -1.0237548941E-07   2.8431781691E-02
    5     -6.6614752753E-02   2.9669737020E-04  -1.5299817891E-07  -8.6581483654E-04   1.4390753810E-02
    6     -1.0480616271E-03   3.2519859491E-03   1.1473518562E-03  -4.2431870746E-05  -5.7390949651E-03
    7      4.6262658934E-04  -5.3421399897E-03  -3.2076839893E-03   5.0394258069E-05  -1.9313446056E-03
    8      1.0370247545E-02   2.7426813157E-05  -3.1353121441E-05   4.2808038596E-03   5.7165955615E-04
    9      7.9460127483E-04  -3.5894576804E-02  -2.2503442854E-02   1.9387419678E-04  -3.0512233138E-04
   10      4.3946194413E-04   5.7953054858E-05   2.5999201778E-03   9.3190324822E-05   1.4752652779E-03
   11     -6.4567714457E-03   2.5799627605E-05   6.1359242366E-05   2.9967338741E-03  -9.3491378842E-04
   12      2.2570084041E-04  -1.1655195433E-01   2.7083573452E-06   1.7850541957E-04   1.9412815589E-04
   13     -1.2054689797E-03   2.7988488185E-06  -3.1972704454E-02   1.5716413489E-07  -1.0539606023E-04
   14      7.8971382021E-03   2.8225959065E-04   3.6894423487E-07  -1.8615372079E-02   1.4887287348E-04
   15      7.2591760969E-04  -3.5896320427E-02   2.2507200897E-02   1.9268130132E-04  -1.4459825497E-04
   16      5.1113829623E-04  -5.2809477309E-05   2.6001601784E-03  -9.2989682618E-05   8.8405291254E-05
   17     -5.6633671790E-02   2.5815288963E-05  -6.1420177867E-05   2.9978400417E-03  -3.6933859185E-04
   18     -1.9342389954E-03   3.2548637512E-03  -1.1490886679E-03  -4.2324303940E-05   2.0688598558E-03
   19      2.2530669990E-03   5.3399488106E-03  -3.2077273474E-03  -5.0000986898E-05   1.8136340175E-03
   20      1.2848803588E-01   2.7377379746E-05   3.1683608243E-05   4.2868037789E-03  -6.2354063987E-04
   21      2.7377379746E-05   1.8471229330E-01  -5.7300693399E-06  -4.4842322079E-04  -1.2709661609E-04
   22      3.1683608243E-05  -5.7300693399E-06   2.9513147744E-02  -1.7604507820E-07  -8.1063241033E-05
   23      4.2868037789E-03  -4.4842322079E-04  -1.7604507820E-07   9.9718952803E-03   4.0543628650E-05
   24     -6.2354063987E-04  -1.2709661609E-04  -8.1063241033E-05   4.0543628650E-05   8.9789756115E-02
   25      4.4461646405E-04   9.5751906356E-05   2.9606523843E-05  -9.5343863050E-05  -8.4524931876E-02
   26      5.0183264654E-04   5.2243331069E-05  -5.5668762866E-06   9.9033041784E-06  -4.6472738565E-02
   27      3.1695875464E-04  -4.3352697884E-04   9.1147188540E-07  -1.2970698351E-04   3.3140861751E-03
   28      5.4924176715E-04  -2.2850130258E-06  -4.0466985338E-05  -2.2053600231E-06  -9.1130858008E-03
   29      3.7433286623E-04  -1.1914652100E-04   1.9171244007E-07  -4.7638583264E-05  -4.0628162209E-03
   30      5.7973178789E-04  -1.3182244682E-04   8.0527962635E-05   4.2056422129E-05   3.8216789523E-03
   31      5.8431184918E-04  -9.4381834899E-05   2.8725275897E-05   9.7590206359E-05  -9.4901951989E-03
   32      6.0978512310E-04   6.8312508366E-05   4.6891174999E-06   9.7081771307E-06  -6.6899569374E-03
   33      5.7458217541E-05  -1.5845422571E-03  -8.1345413187E-04   3.2907300378E-05   8.4598872464E-06
   34      4.8223682418E-05   2.3469543948E-04   1.7351299618E-05   5.4530112440E-06  -9.0640862643E-06
   35      5.9311402871E-03   2.6509760631E-05   8.7458553664E-06   1.8856724367E-04   2.7991081067E-04
   36      1.3572307807E-05   9.7711288863E-04  -7.8485487242E-04  -1.1247003295E-05  -4.7931127663E-04
   37      3.0596036776E-05   5.4034322485E-04   9.4551773456E-04  -1.6950342163E-05   1.4836683638E-06
   38     -5.3384689794E-04  -2.8058676406E-06  -9.3490297004E-06  -2.3628089448E-03  -4.4658553609E-05
   39     -9.4374421332E-05   9.7739342971E-04   7.8486231150E-04  -1.1254654277E-05   3.8794661268E-05
   40      2.0275102160E-07  -5.4077473634E-04   9.4553148207E-04   1.6819059974E-05  -1.1766963438E-05
   41      2.3233865148E-03  -2.7677991811E-06   9.2037944104E-06  -2.3654349308E-03  -5.8348109097E-06
   42      1.1193831124E-03  -1.5847516154E-03   8.1341332851E-04   3.2845114723E-05  -1.0559283271E-04
   43     -1.4524195791E-03  -2.3544287317E-04   1.7440481409E-05  -5.4462604260E-06  -1.1168846844E-03
   44     -3.4419120757E-02   2.6436062180E-05  -8.7189042374E-06   1.8939607712E-04   3.7681773038E-04
                   25                 26                 27                 28                 29        
    0      7.6558439627E-02   4.5170991209E-02  -6.8848680734E-02  -5.8907304165E-04  -7.6523589536E-02
    1     -2.2291758242E-01  -9.7278731183E-02  -6.1877221257E-04  -4.3136276707E-02  -1.9044875455E-03
    2     -9.6735431248E-02  -9.7849837413E-02  -8.0479250547E-02  -1.8954771004E-03  -2.7369486706E-01
    3      5.2272075633E-04  -2.5690022898E-03  -1.5616833143E-02  -5.2275141879E-05  -1.8688202167E-03
    4     -1.7206877069E-04   2.7196697931E-03  -2.7844044255E-04  -4.0469549990E-04   2.2753115368E-05
    5      1.8558909451E-03  -1.7961874756E-04  -3.0781431295E-02   1.5395145870E-05   3.1824632849E-03
    6      4.1950095024E-04  -8.5706237273E-05  -1.0676786200E-04   2.0327105361E-03   4.4158641367E-04
    7      4.9096668651E-04   4.6542003391E-05  -1.4394313911E-03  -3.1694857847E-04  -6.5388855094E-04
    8     -5.8577416038E-04   6.5286276006E-04   3.3617435689E-04  -5.4180369277E-04   4.1035712133E-04
    9     -1.0480039700E-04  -8.2274844058E-04  -6.5515436331E-04  -1.1600773915E-03  -5.2093375521E-04
   10     -9.4181818478E-05  -8.6214444471E-05  -2.5774368081E-04  -6.4485679482E-04  -6.7885077887E-05
   11     -4.1652795208E-05   1.3153240535E-04   1.5184833898E-03  -4.3954196117E-04   4.9760493901E-05
   12     -3.5370826334E-04   3.6543060436E-05   2.1335675347E-04   7.6056592160E-06   4.1886630941E-04
   13      3.1394399881E-04   5.2968707146E-04  -5.0617860471E-06   1.2721198806E-03   4.5624382934E-06
   14      8.1014195278E-05  -1.5583263835E-06  -1.9188861094E-04   1.5716881465E-06  -4.6711208959E-05
   15      6.6599099131E-04   3.1031954937E-04  -6.6817734770E-04   1.1403561580E-03  -5.0990040535E-04
   16      1.6597871571E-04  -3.6532127748E-05   2.4712744231E-04  -6.4708970962E-04   7.0047364908E-05
   17      5.3621189520E-04  -9.0956340285E-05   1.5283629712E-03   4.5359446256E-04   3.8471146399E-05
   18     -2.0567026177E-03  -3.6684618071E-04  -1.7104152568E-04  -2.0142874038E-03   4.3856702698E-04
   19      4.7372843963E-04  -2.2587397998E-04   1.4530348241E-03  -3.1179194286E-04   6.5467995818E-04
   20      4.4461646405E-04   5.0183264654E-04   3.1695875464E-04   5.4924176715E-04   3.7433286623E-04
   21      9.5751906356E-05   5.2243331069E-05  -4.3352697884E-04  -2.2850130258E-06  -1.1914652100E-04
   22      2.9606523843E-05  -5.5668762866E-06   9.1147188540E-07  -4.0466985338E-05   1.9171244007E-07
   23     -9.5343863050E-05   9.9033041784E-06  -1.2970698351E-04  -2.2053600231E-06  -4.7638583264E-05
   24     -8.4524931876E-02  -4.6472738565E-02   3.3140861751E-03  -9.1130858008E-03  -4.0628162209E-03
   25      2.3942706973E-01   1.0678950870E-01  -6.8960671730E-04   2.4129611447E-04   1.0165296923E-03
   26      1.0678950870E-01   1.0292514994E-01   1.1270957266E-02  -2.5683719689E-02  -1.3094484268E-02
   27     -6.8960671730E-04   1.1270957266E-02   7.9818379029E-02   7.1063138924E-04   8.6807120907E-02
   28      2.4129611447E-04  -2.5683719689E-02   7.1063138924E-04   4.3631993739E-02   2.0779163715E-03
   29      1.0165296923E-03  -1.3094484268E-02   8.6807120907E-02   2.0779163715E-03   2.9685912850E-01
   30      9.3883566339E-03  -6.8447420254E-03   3.3132206664E-03   9.0422616019E-03  -4.2136103345E-03
   31     -1.8587267628E-02   1.3053272949E-02   8.6873366123E-04   6.3978449938E-04  -1.2250018503E-03
   32     -1.2642617700E-02   7.1130941906E-03   1.1241574663E-02   2.5480845911E-02  -1.3531833622E-02
   33     -1.5390611153E-04  -2.3182746053E-05   2.4441686004E-05   6.4811468923E-05  -1.2056085096E-04
   34      4.1956745227E-04  -1.4523879676E-04   3.2125222986E-04  -1.3611537836E-04  -3.7838678103E-05
   35     -5.1577941205E-05  -5.2772966275E-05  -6.9469991030E-04   2.8652306122E-04  -2.7552845809E-04
   36      4.8266646113E-05  -4.1546814156E-05  -1.0005106537E-04   8.9004584194E-06  -3.3506833555E-05
   37      1.6641385085E-06   9.8976777756E-06   2.2828259562E-05  -1.0747358158E-05  -3.0965016427E-06
   38     -9.2261177821E-06  -8.7345104318E-05  -1.7199381067E-05   5.6810608464E-05   2.0234789885E-05
   39      5.9841182314E-05   2.8334328516E-05  -1.0511765050E-04  -1.1054850151E-05  -3.2772963278E-05
   40      9.9833026873E-07  -3.6693036582E-06  -2.2648443094E-05  -1.1469953531E-05   3.2382634173E-06
   41     -4.8653541409E-05  -3.4586964854E-05  -1.5574923766E-05  -5.8839374634E-05   2.1335807436E-05
   42      1.0949005354E-04   3.5878529594E-04   2.1866360350E-05  -6.5927034687E-05  -1.1493328348E-04
   43      2.0628050828E-04   2.9029484085E-04  -3.1202619901E-04  -1.2473532570E-04   4.4860346651E-05
   44     -4.8682116631E-04   5.6784889221E-05  -6.9543039453E-04  -3.0289289718E-04  -2.6502081471E-04
                   30                 31                 32                 33                 34        
    0     -7.9052609914E-02  -7.5716134912E-02   4.6370769854E-02   1.2082395412E-03  -1.8555183048E-03
    1     -7.3857790324E-02  -2.1973605108E-01   9.9196793730E-02   8.5956642235E-04   1.1935403604E-03
    2      4.4611765295E-02   9.8642987900E-02  -1.0090419658E-01  -3.1452332821E-04   4.5386539501E-04
    3     -1.3231625018E-02  -5.9056716329E-04  -2.5768951856E-03   1.0046003086E-02  -1.6244143323E-02
    4     -2.8192884318E-02  -2.0445237607E-04  -2.7332252682E-03   1.3216539753E-02  -2.0044639178E-02
    5      1.4809079352E-02  -1.8773115746E-03  -7.2702732005E-05   5.3579145690E-05   2.2446614223E-04
    6      2.0572090719E-03   2.0538219801E-03  -3.4592688885E-04  -1.2223274965E-01  -1.1548432307E-01
    7     -1.7965687330E-03   4.5806591790E-04   2.3526689292E-04  -1.1593910391E-01  -2.6365256821E-01
    8     -6.3600152128E-04  -4.4866687166E-04   5.2641724425E-04   1.1256862443E-03   1.4647765536E-03
    9     -1.4384051029E-04  -6.8594658673E-04   3.0134143822E-04  -1.2372075406E-02   1.9430430175E-03
   10     -9.4973873238E-05   1.5512911279E-04   3.0410332269E-05  -2.8977511827E-02   2.6079023570E-03
   11     -3.8409863637E-04  -5.4153047773E-04  -8.2092504604E-05   1.6780701191E-05  -5.8180642397E-05
   12      1.9345266380E-04   3.5869234336E-04   2.3749159622E-05  -4.2649079174E-03   2.9931864320E-04
   13      9.5770113777E-05   3.2402016365E-04  -5.4215710937E-04   1.0593359139E-03   2.0580519131E-03
   14      1.5228756512E-04  -8.2981288977E-05  -3.7848502803E-06   3.9738053721E-05   4.8195074159E-05
   15     -3.2024958732E-04   9.7164721788E-05  -8.7857642852E-04  -7.7432597414E-04   9.7685237271E-04
   16     -1.4495295689E-03  -1.0001807423E-04   9.2167173294E-05   8.1166688168E-04   3.3725991478E-04
   17     -9.5955726495E-04   3.3933503506E-05   1.1361464719E-04  -5.0781846766E-06  -2.6291776067E-06
   18     -5.6699811465E-03  -4.4231849892E-04  -6.1743345067E-05  -8.2772036437E-04   4.3620208732E-03
   19      1.9344876221E-03   4.7952794331E-04  -2.9080385038E-05   3.4949438438E-03  -3.5352840322E-03
   20      5.7973178789E-04   5.8431184918E-04   6.0978512310E-04   5.7458217541E-05   4.8223682418E-05
   21     -1.3182244682E-04  -9.4381834899E-05   6.8312508366E-05  -1.5845422571E-03   2.3469543948E-04
   22      8.0527962635E-05   2.8725275897E-05   4.6891174999E-06  -8.1345413187E-04   1.7351299618E-05
   23      4.2056422129E-05   9.7590206359E-05   9.7081771307E-06   3.2907300378E-05   5.4530112440E-06
   24      3.8216789523E-03  -9.4901951989E-03  -6.6899569374E-03   8.4598872464E-06  -9.0640862643E-06
   25      9.3883566339E-03  -1.8587267628E-02  -1.2642617700E-02  -1.5390611153E-04   4.1956745227E-04
   26     -6.8447420254E-03   1.3053272949E-02   7.1130941906E-03  -2.3182746053E-05  -1.4523879676E-04
   27      3.3132206664E-03   8.6873366123E-04   1.1241574663E-02   2.4441686004E-05   3.2125222986E-04
   28      9.0422616019E-03   6.3978449938E-04   2.5480845911E-02   6.4811468923E-05  -1.3611537836E-04
   29     -4.2136103345E-03  -1.2250018503E-03  -1.3531833622E-02  -1.2056085096E-04  -3.7838678103E-05
   30      8.9690576783E-02   8.3714169558E-02  -4.7784368460E-02  -9.6801518007E-05   1.1052753854E-03
   31      8.3714169558E-02   2.3592322326E-01  -1.0887802510E-01  -1.0368877963E-04   1.9562151261E-04
   32     -4.7784368460E-02  -1.0887802510E-01   1.0633809153E-01   3.5837501827E-04  -3.0581116305E-04
   33     -9.6801518007E-05  -1.0368877963E-04   3.5837501827E-04   1.2922368878E-01   1.2549708163E-01
   34      1.1052753854E-03   1.9562151261E-04  -3.0581116305E-04   1.2549708163E-01   2.8103311138E-01
   35      3.8556265984E-04   4.9321002990E-04   4.3137937175E-05  -1.1444014717E-03  -1.6333060522E-03
   36      3.8288570475E-05  -5.9030048992E-05   2.9767040234E-05   1.0159043572E-03  -2.1586767220E-04
   37      1.2260510557E-05   7.5234459960E-07   4.1273380523E-06   1.9825973310E-04   7.5561133806E-04
   38     -5.3448847617E-06   4.9300629494E-05  -3.3804884629E-05  -2.7862402623E-05  -3.1553328721E-05
   39     -4.7547513621E-04  -4.8905086430E-05  -3.9911026041E-05   4.9699529160E-05  -8.2352233033E-05
   40     -1.7886422493E-06   1.2621454956E-06  -9.7283308481E-06  -6.4154376510E-05  -2.4621303475E-06
   41     -4.5751288294E-05   1.0708997168E-05  -8.2978058782E-05  -2.5029479448E-06  -1.6323980157E-05
   42      7.9785688674E-06   1.5154348741E-04  -1.2143958470E-05   5.7668622438E-04  -8.3546866302E-04
   43      7.4684276446E-06   4.2167697814E-04   1.2469774879E-04   8.3681125709E-04  -1.2469485948E-03
   44      2.8862388056E-04   5.9847919405E-05  -4.2455621609E-05  -5.2525771250E-05  -2.5362600191E-05
                   35                 36                 37                 38                 39        
    0     -4.6977168192E-04  -2.2125673647E-04  -1.7113962952E-05  -1.5983594099E-04  -2.2212149716E-04
    1     -8.4820154472E-04   1.4080631036E-03   1.4266694537E-05  -9.3017874934E-05  -1.4025307668E-03
    2     -3.3838918994E-03   1.4794856006E-04  -1.3875251415E-06   1.2558275559E-04   1.4812344277E-04
    3      7.1863875385E-04  -5.2859280444E-03  -8.9451768558E-04   2.5329395769E-04  -5.2860478757E-03
    4      2.7222062544E-06  -1.5381033858E-03   1.9648986616E-03  -9.2478212302E-05   1.5358224034E-03
    5      3.5054668014E-03  -6.2767115346E-05  -5.8683735499E-06   7.6346542988E-03  -6.3215873624E-05
    6      9.0823778164E-04  -1.0614037208E-02  -1.7109720780E-03   7.1688156447E-05  -7.9776769603E-04
    7      1.7324050826E-03   2.8078644569E-02   3.8555991747E-03  -5.6003045817E-05   9.4315470929E-04
    8     -3.4426535457E-02  -9.6059063239E-05  -5.9636532587E-07   2.3180986478E-03   1.3445640127E-05
    9      1.9415145691E-05  -1.2579003898E-01   1.2068914398E-01  -6.9825300421E-05  -1.0684281996E-03
   10      1.6366486532E-04   1.2368506759E-01  -2.6758673232E-01   5.8999835275E-04   3.3286989817E-03
   11      1.9982772112E-03  -4.1990788366E-05   4.7148156166E-04  -3.3885542563E-02   1.4370891032E-05
   12      6.6124055081E-05   9.0107925013E-03   1.6258455867E-02  -1.0876520940E-04   9.0107146530E-03
   13      4.0738692050E-05  -1.4988879837E-02  -1.9622724489E-02   3.0845428086E-05   1.4988601366E-02
   14      7.5281104451E-03   3.7526052406E-05   6.0470370539E-05   2.3413690438E-03   3.7028758347E-05
   15      3.6279536641E-05  -1.0690987573E-03  -4.2992454614E-03   6.1798322941E-06  -1.2579551778E-01
   16     -2.1898140907E-05  -3.3289453897E-03  -3.3235709863E-03   5.1030780364E-05  -1.2368965992E-01
   17     -5.2629735881E-04   1.4416880400E-05   1.4043445604E-05   5.2028955551E-03  -3.7906617653E-05
   18     -5.8366607434E-05  -7.9820972534E-04  -9.6869716827E-04   5.2919226177E-05  -1.0610253649E-02
   19     -1.7429273746E-04  -9.4272897632E-04   4.3515994337E-04   1.3524014824E-05  -2.8078903899E-02
   20      5.9311402871E-03   1.3572307807E-05   3.0596036776E-05  -5.3384689794E-04  -9.4374421332E-05
   21      2.6509760631E-05   9.7711288863E-04   5.4034322485E-04  -2.8058676406E-06   9.7739342971E-04
   22      8.7458553664E-06  -7.8485487242E-04   9.4551773456E-04  -9.3490297004E-06   7.8486231150E-04
   23      1.8856724367E-04  -1.1247003295E-05  -1.6950342163E-05  -2.3628089448E-03  -1.1254654277E-05
   24      2.7991081067E-04  -4.7931127663E-04   1.4836683638E-06  -4.4658553609E-05   3.8794661268E-05
   25     -5.1577941205E-05   4.8266646113E-05   1.6641385085E-06  -9.2261177821E-06   5.9841182314E-05
   26     -5.2772966275E-05  -4.1546814156E-05   9.8976777756E-06  -8.7345104318E-05   2.8334328516E-05
   27     -6.9469991030E-04  -1.0005106537E-04   2.2828259562E-05  -1.7199381067E-05  -1.0511765050E-04
   28      2.8652306122E-04   8.9004584194E-06  -1.0747358158E-05   5.6810608464E-05  -1.1054850151E-05
   29     -2.7552845809E-04  -3.3506833555E-05  -3.0965016427E-06   2.0234789885E-05  -3.2772963278E-05
   30      3.8556265984E-04   3.8288570475E-05   1.2260510557E-05  -5.3448847617E-06  -4.7547513621E-04
   31      4.9321002990E-04  -5.9030048992E-05   7.5234459960E-07   4.9300629494E-05  -4.8905086430E-05
   32      4.3137937175E-05   2.9767040234E-05   4.1273380523E-06  -3.3804884629E-05  -3.9911026041E-05
   33     -1.1444014717E-03   1.0159043572E-03   1.9825973310E-04  -2.7862402623E-05   4.9699529160E-05
   34     -1.6333060522E-03  -2.1586767220E-04   7.5561133806E-04  -3.1553328721E-05  -8.2352233033E-05
   35      2.4306057073E-02  -1.1520135868E-05  -1.7737475392E-05  -4.0419167367E-03  -3.3691815085E-06
   36     -1.1520135868E-05   1.3262209379E-01  -1.3067461850E-01   6.3622046939E-05   6.4438811595E-04
   37     -1.7737475392E-05  -1.3067461850E-01   2.8358886811E-01  -5.2813211709E-04   7.9110462759E-04
   38     -4.0419167367E-03   6.3622046939E-05  -5.2813211709E-04   2.3857134253E-02  -6.9106156083E-06
   39     -3.3691815085E-06   6.4438811595E-04   7.9110462759E-04  -6.9106156083E-06   1.3262448124E-01
   40      4.8209339135E-06  -7.9118539752E-04  -1.0160136999E-03   9.1682881729E-06   1.3067773950E-01
   41     -1.0540091906E-03  -6.8165334018E-06  -9.0712843735E-06   4.9798385239E-04   5.8513260129E-05
   42     -5.2436493009E-05   4.9351566082E-05   6.4166208641E-05  -2.5385146205E-06   1.0152578615E-03
   43      2.5447725780E-05   8.2390497526E-05  -2.5492770654E-06   1.6186885066E-05   2.1622740302E-04
   44      2.6019506766E-04  -3.3551494193E-06  -4.8817066147E-06  -1.0526880649E-03  -1.1487688799E-05
                   40                 41                 42                 43                 44        
    0      1.7558444066E-05  -1.5997323135E-04   1.2223804090E-03   1.8683825074E-03  -4.6911095086E-04
    1      1.4149160663E-05   9.2398563867E-05  -8.8829922572E-04   1.1803664843E-03   8.4818709745E-04
    2      1.4155132560E-06   1.2449339076E-04  -3.1491531981E-04  -4.5303517898E-04  -3.4301371474E-03
    3      8.9456110004E-04   2.5342215927E-04   1.0009346185E-02   1.6236295803E-02   7.1757432102E-04
    4      1.9657539101E-03   9.3107618434E-05  -1.3204447024E-02  -2.0047965905E-02   1.7509325549E-07
    5      6.4180585927E-06   7.6195113736E-03   5.3413631230E-05  -2.2340618540E-04   3.5139749190E-03
    6      9.6823603888E-04   5.2817381496E-05  -8.2401862657E-04  -4.3606883951E-03  -5.7577731191E-05
    7      4.3482404783E-04  -1.3402075704E-05  -3.4964906381E-03  -3.5380383522E-03   1.7495373313E-04
    8     -3.0876751815E-05  -5.3370129179E-04   5.7551360364E-05  -4.7621121768E-05   5.9266503018E-03
    9      4.2994146412E-03   5.8041185587E-06  -7.7502087982E-04  -9.7824356865E-04   3.5969988569E-05
   10     -3.3235156867E-03  -5.0744852741E-05  -8.1179644723E-04   3.3600071011E-04   2.1377805155E-05
   11     -1.3652944405E-05   5.2063018378E-03  -4.9174548789E-06   2.7710715580E-06  -5.2555688341E-04
   12     -1.6258813036E-02  -1.0783064212E-04  -4.2637755107E-03  -2.9979462051E-04   6.6022567233E-05
   13     -1.9624422839E-02  -2.9667527414E-05  -1.0583514516E-03   2.0593958573E-03  -3.9952554951E-05
