*************************************************
******************* ORCA 6.0.0 ******************
*************************************************
$Calculation_Status
   &GeometryIndex 1
   &ListStatus       OUT
   &VERSION [&Type "String"] "6.0.0"
   &PROGNAME [&Type "String"] "LeanSCF"
   &STATUS [&Type "String"] "NORMAL TERMINATION"
$End
$Geometry
   &GeometryIndex 1
   &ListStatus       OUT
   &NATOMS [&Type "Integer"] 10
   &NCORELESSECP [&Type "Integer"] 0
   &NGHOSTATOMS [&Type "Integer"] 0
   &CartesianCoordinates [&Type "Coordinates", &Dim(10,4), &Units "Bohr"] 
              C      3.477166970042   -0.226502785305    0.000000555202
              C      1.143551777946    0.755785179382   -0.000093339621
              C     -1.143550761273   -0.755787004858    0.000288581590
              C     -3.477166394810    0.226500204128    0.000148973347
              H      5.142295631065    0.971786157140    0.000030484495
              H      3.772053043086   -2.260886744241    0.000234414291
              H      0.893132717334    2.800636111977   -0.000198686940
              H     -0.893131169648   -2.800637922712    0.000337180244
              H     -5.142294355121   -0.971789652756    0.000133437909
              H     -3.772053575800    2.260883983540   -0.000074771550
$End
$SCF_Energy
   &GeometryIndex 1
   &ListStatus       OUT
   &SCF_ENERGY [&Type "Double"]      -1.5596827881980181e+02
$End
$DFT_Energy
   &GeometryIndex 1
   &ListStatus       OUT
   &NALPHAEL [&Type "Integer"] 15
   &NBETAEL [&Type "Integer"] 15
   &NTOTALEL [&Type "Integer"] 30
   &EEXCHANGE [&Type "Double"]       0.0000000000000000e+00
   &ECORR [&Type "Double"]       0.0000000000000000e+00
   &ECNL [&Type "Double"]       0.0000000000000000e+00
   &EXC [&Type "Double"]      -1.1494975569417134e+01
   &EEMBED [&Type "Double"]       0.0000000000000000e+00
   &FINALEN [&Type "Double"]      -1.5596827881980181e+02  "No Van der Waals correction"
$End
$Mulliken_Population_Analysis
   &GeometryIndex 1
   &ListStatus       OUT
   &NATOMS [&Type "Integer"] 10
   &ATNO [&Type "ArrayOfIntegers", &Dim (10,1)] 
                                                         0

0                                                        6
1                                                        6
2                                                        6
3                                                        6
4                                                        1
5                                                        1
6                                                        1
7                                                        1
8                                                        1
9                                                        1
   &ATOMICCHARGES [&Type "ArrayOfDoubles", &Dim (10,1)] 
                                                         0

0                                     -3.2472060976855843e-01
1                                     -6.2126392337336966e-02
2                                     -6.2139243199208494e-02
3                                     -3.2471240616702168e-01
4                                      1.3375116012036925e-01
5                                      1.2703056277618674e-01
6                                      1.2606625997770138e-01
7                                      1.2606806706472862e-01
8                                      1.3375103714749725e-01
9                                      1.2703156438547325e-01
$End
$Loewdin_Population_Analysis
   &GeometryIndex 1
   &ListStatus       OUT
   &NATOMS [&Type "Integer"] 10
   &ATNO [&Type "ArrayOfIntegers", &Dim (10,1)] 
                                                         0

0                                                        6
1                                                        6
2                                                        6
3                                                        6
4                                                        1
5                                                        1
6                                                        1
7                                                        1
8                                                        1
9                                                        1
   &ATOMICCHARGES [&Type "ArrayOfDoubles", &Dim (10,1)] 
                                                         0

0                                     -1.9714473332272853e-01
1                                     -1.9549781128056676e-01
2                                     -1.9549832298011260e-01
3                                     -1.9714468777706529e-01
4                                      1.2281351306320487e-01
5                                      1.2347064382575557e-01
6                                      1.4635868790680162e-01
7                                      1.4635865597705777e-01
8                                      1.2281337276630977e-01
9                                      1.2347068182116527e-01
$End
$Mayer_Population_Analysis
   &GeometryIndex 1
   &ListStatus       OUT
   &NATOMS [&Type "Integer"] 10 "Total number of atoms"
   &BONDTHRESH [&Type "Double"]       1.0000000000000001e-01  "The threshold for printing"
   &NBONDORDERSPRINT [&Type "Integer"] 9 "The number of bond orders larger than threshold"
   &BONDORDERS [&Type "ArrayOfDoubles", &Dim (9,1)] "The bond orders"
                                                         0

0                                      1.8310968202735223e+00
1                                      9.7476734058439096e-01
2                                      9.7517546262185806e-01
3                                      1.0402529162309582e+00
4                                      9.4912532619714307e-01
5                                      1.8310976345003647e+00
6                                      9.4912558950190140e-01
7                                      9.7476066982104004e-01
8                                      9.7517501058761102e-01
   &COMPONENTS [&Type "ArrayOfIntegers", &Dim (9,4)] "The indices and atomic numbers of the bonding atoms"
                                                         0                           1                           2                           3

0                                                        0                           6                           1                           6
1                                                        0                           6                           4                           1
2                                                        0                           6                           5                           1
3                                                        1                           6                           2                           6
4                                                        1                           6                           6                           1
5                                                        2                           6                           3                           6
6                                                        2                           6                           7                           1
7                                                        3                           6                           8                           1
8                                                        3                           6                           9                           1
   &ATNO [&Type "ArrayOfIntegers", &Dim (10,1)] "Atomic number of the elements"
                                                         0

0                                                        6
1                                                        6
2                                                        6
3                                                        6
4                                                        1
5                                                        1
6                                                        1
7                                                        1
8                                                        1
9                                                        1
   &NA [&Type "ArrayOfDoubles", &Dim (10,1)] "Mulliken gross atomic population"
                                                         0

0                                      6.3247206097685877e+00
1                                      6.0621263923373636e+00
2                                      6.0621392431992129e+00
3                                      6.3247124061670581e+00
4                                      8.6624883987963308e-01
5                                      8.7296943722381426e-01
6                                      8.7393374002229784e-01
7                                      8.7393193293527172e-01
8                                      8.6624896285250219e-01
9                                      8.7296843561452653e-01
   &ZA [&Type "ArrayOfDoubles", &Dim (10,1)] "Total nuclear charge"
                                                         0

0                                      6.0000000000000000e+00
1                                      6.0000000000000000e+00
2                                      6.0000000000000000e+00
3                                      6.0000000000000000e+00
4                                      1.0000000000000000e+00
5                                      1.0000000000000000e+00
6                                      1.0000000000000000e+00
7                                      1.0000000000000000e+00
8                                      1.0000000000000000e+00
9                                      1.0000000000000000e+00
   &QA [&Type "ArrayOfDoubles", &Dim (10,1)] "Mulliken gross atomic charge"
                                                         0

0                                     -3.2472060976858774e-01
1                                     -6.2126392337363612e-02
2                                     -6.2139243199212935e-02
3                                     -3.2471240616705810e-01
4                                      1.3375116012036692e-01
5                                      1.2703056277618574e-01
6                                      1.2606625997770216e-01
7                                      1.2606806706472828e-01
8                                      1.3375103714749781e-01
9                                      1.2703156438547347e-01
   &VA [&Type "ArrayOfDoubles", &Dim (10,1)] "Mayer's total valence"
                                                         0

0                                      3.9047162126222701e+00
1                                      3.8007996604156147e+00
2                                      3.8008075927819074e+00
3                                      3.9047020759704765e+00
4                                      9.7276148936995421e-01
5                                      9.7483317059857089e-01
6                                      9.7009504803373547e-01
7                                      9.7009437007304211e-01
8                                      9.7276051646721551e-01
9                                      9.7483211647674106e-01
   &BVA [&Type "ArrayOfDoubles", &Dim (10,1)] "Mayer's bonded valence"
                                                         0

0                                      3.9047162126222905e+00
1                                      3.8007996604156706e+00
2                                      3.8008075927819243e+00
3                                      3.9047020759704227e+00
4                                      9.7276148936994444e-01
5                                      9.7483317059860330e-01
6                                      9.7009504803378532e-01
7                                      9.7009437007304800e-01
8                                      9.7276051646722173e-01
9                                      9.7483211647674406e-01
   &FA [&Type "ArrayOfDoubles", &Dim (10,1)] "Mayer's free valence"
                                                         0

0                                      0.0000000000000000e+00
1                                      0.0000000000000000e+00
2                                      0.0000000000000000e+00
3                                      0.0000000000000000e+00
4                                      0.0000000000000000e+00
5                                      0.0000000000000000e+00
6                                      0.0000000000000000e+00
7                                      0.0000000000000000e+00
8                                      0.0000000000000000e+00
9                                      0.0000000000000000e+00
$End
$Calculation_Info
   &GeometryIndex 1
   &ListStatus       OUT
   &MULT [&Type "Integer"] 1
   &CHARGE [&Type "Integer"] 0
   &NUMOFATOMS [&Type "Integer"] 10
   &NUMOFELECTRONS [&Type "Integer"] 30
   &NUMOFFCELECTRONS [&Type "Integer"] 1
   &NUMOFCORRELECTRONS [&Type "Integer"] 0
   &NUMOFBASISFUNCTS [&Type "Integer"] 160
   &NUMOFAUXCBASISFUNCTS [&Type "Integer"] 0
   &NUMOFAUXJBASISFUNCTS [&Type "Integer"] 262
   &NUMOFAUXJKBASISFUNCTS [&Type "Integer"] 0
   &NUMOFCABSBASISFUNCTS [&Type "Integer"] 0
   &TOTALENERGY [&Type "Double"]      -1.5596827881980181e+02  "Hartrees"
$End
$SCF_Dipole_Moment
   &GeometryIndex 1
   &ListStatus       OUT
   &METHOD [&Type "String"] "SCF"
   &LEVEL [&Type "String"] "Relaxed density"
   &MULT [&Type "Integer"] 1
   &STATE [&Type "Integer"] -1
   &IRREP [&Type "Integer"] 0
   &NATOMS [&Type "Integer"] 10
   &DODIPOLEATOM [&Type "Boolean"] false
   &DIPOLEELECCONTRIB [&Type "ArrayOfDoubles", &Dim (3,1)] "Electronic contribution"
                                                         0

0                                      6.4862960651602269e-07
1                                      8.5498619936024214e-07
2                                      2.1507260715431434e-05
   &DIPOLENUCCONTRIB [&Type "ArrayOfDoubles", &Dim (3,1)] "Nuclear contribution"
                                                         0

0                                     -4.2747241746354803e-08
1                                     -6.4249992126619304e-07
2                                     -2.4295301701472369e-05
   &DIPOLETOTAL [&Type "ArrayOfDoubles", &Dim (3,1)] "Total"
                                                         0

0                                      6.0588236476966789e-07
1                                      2.1248627809404910e-07
2                                     -2.7880409860409342e-06
   &DIPOLEMAGNITUDE [&Type "Double", &Units "a.u."]       2.8610166721222109e-06
$End
$THERMOCHEMISTRY_Energies
   &GeometryIndex 1
   &ListStatus       OUT
   &TEMPERATURE [&Type "Double"]       2.9814999999999998e+02
   &PRESSURE [&Type "Double"]       1.0000000000000000e+00
   &TOTALMASS [&Type "Double"]       5.4091999999999999e+01
   &SPINDEGENERACY [&Type "Integer"] 1
   &ELENERGY [&Type "Double"]      -1.5596827881980181e+02
   &TRANSENERGY [&Type "Double"]       1.4162714244859817e-03
   &ROTENERGY [&Type "Double"]       1.4162714244859817e-03
   &VIBENERGY [&Type "Double"]       1.6740347456936566e-03
   &NUMOFFREQS [&Type "Integer"] 30
   &FREQSCALINGFACTOR [&Type "Double"]       1.0000000000000000e+00
   &FREQ [&Type "ArrayOfDoubles", &Dim (30,1)] "In cm^-1"
                                                         0

0                                      0.0000000000000000e+00
1                                      0.0000000000000000e+00
2                                      0.0000000000000000e+00
3                                      0.0000000000000000e+00
4                                      0.0000000000000000e+00
5                                      0.0000000000000000e+00
6                                      2.0278990701958375e+02
7                                      3.3102372745726461e+02
8                                      5.2594670021339971e+02
9                                      5.7643669199450369e+02
10                                     8.0216137107609222e+02
11                                     9.1964558886560155e+02
12                                     9.7519685737490954e+02
13                                     9.7808696734181945e+02
14                                     1.0163360820501958e+03
15                                     1.0267930359239474e+03
16                                     1.0733138087242933e+03
17                                     1.2426281616449000e+03
18                                     1.3151681133729403e+03
19                                     1.3222340950961643e+03
20                                     1.4174156512025304e+03
21                                     1.4818160419064307e+03
22                                     1.6493667074374923e+03
23                                     1.7129113296541550e+03
24                                     3.1300156729493010e+03
25                                     3.1331867184371440e+03
26                                     3.1387024058975580e+03
27                                     3.1442245674722676e+03
28                                     3.2272284668766911e+03
29                                     3.2272856803899886e+03
   &ZPE [&Type "Double"]       8.5590562717528601e-02
   &INNERENERGYU [&Type "Double"]      -1.5587818167948961e+02
   &ENTHALPYH [&Type "Double"]      -1.5587723747044737e+02
   &QEL [&Type "Double"]       0.0000000000000000e+00
   &QROT [&Type "Double"]       1.1200140347915407e-02
   &QVIB [&Type "Double"]       2.5494560722896065e-03
   &QTRANS [&Type "Double"]       1.8000966151892603e-02
   &ENTROPYS [&Type "Double"]       3.1750562572097615e-02
   &FREEENERGYG [&Type "Double"]      -1.5590898803301945e+02
   &ISLINEAR [&Type "Boolean"] false
$End
$Hessian
   &GeometryIndex 1
   &ListStatus       OUT
   &HESSIAN [&Type "ArrayOfDoubles", &Dim (30,30)] "The Hessian"
                                                         0                           1                           2                           3                           4                           5                           6                           7

0                                      8.0392601274517517e-01        -5.4573169277861648e-02         2.2703240047083627e-05        -4.5570103894527147e-01         1.5275788502781512e-01        -1.2502050435614354e-05        -4.9225962372840160e-02         8.4078071077874558e-03
1                                     -5.4573169277861648e-02         6.6833352345750918e-01        -4.8816800682956597e-05         1.4478365876693650e-01        -1.8601384733931126e-01         1.2594469688094548e-05        -1.1899737394302126e-02         1.5246945959223518e-02
2                                      2.2703240047083627e-05        -4.8816800682956597e-05         1.1579448589128648e-01        -1.5531997632033981e-05         1.1594111848732676e-05        -5.6419562113436961e-02         3.4674154224406294e-06        -1.8268402535953596e-06
3                                     -4.5570103894527147e-01         1.4478365876693650e-01        -1.5531997632033981e-05         7.7640585016908048e-01        -9.3825032220897581e-02        -9.0835756267697633e-06        -1.9509514394781602e-01        -8.6998246968743670e-02
4                                      1.5275788502781512e-01        -1.8601384733931126e-01         1.1594111848732676e-05        -9.3825032220897581e-02         6.8033218109367499e-01        -4.7386413611617866e-05        -8.6999192354629468e-02        -1.7202010436380971e-01
5                                     -1.2502050435614354e-05         1.2594469688094548e-05        -5.6419562113436961e-02        -9.0835756267697633e-06        -4.7386413611617866e-05         1.3974915473942834e-01         2.3001857696032980e-05         1.7295587291682069e-05
6                                     -4.9225962372840160e-02        -1.1899737394302126e-02         3.4674154224406294e-06        -1.9509514394781602e-01        -8.6999192354629468e-02         2.3001857696032980e-05         7.7641146098091618e-01        -9.3825301542783651e-02
7                                      8.4078071077874558e-03         1.5246945959223518e-02        -1.8268402535953596e-06        -8.6998246968743670e-02        -1.7202010436380971e-01         1.7295587291682069e-05        -9.3825301542783651e-02         6.8032995467513235e-01
8                                      7.8700188817770191e-07        -9.0321108921658440e-07         6.9743489158659248e-03         2.2428869167482252e-05         1.7308359684210707e-05        -6.6420674141936198e-02        -3.2782886733393903e-06        -4.1300857773199367e-05
9                                      4.4606095346850748e-03        -6.3995941899356061e-03         1.1394062893459131e-06        -4.9223807769878600e-02         8.4071154049623203e-03         5.8214143676646219e-08        -4.5570419112292376e-01         1.5275668673941081e-01
10                                    -6.4022790196283227e-03        -2.1887665626569744e-03         9.6934196505115301e-07        -1.1904491692324840e-02         1.5246538427869247e-02        -9.5600080133394621e-07         1.4477782739031628e-01        -1.8601186720085600e-01
11                                     1.0894899112245658e-06         8.6482004956941679e-07         1.8742797534366876e-03         3.2302783943643694e-06        -1.1531578776009337e-06         6.9758479553681495e-03        -2.2051334244164369e-05         1.3640517664491729e-05
12                                    -2.4019899557529487e-01        -1.3292378282152198e-01        -4.5483724263766943e-06        -1.8510840456651328e-02        -1.9537157666937720e-02         2.1204376529131496e-06        -2.6551450931590684e-03         3.9510356960049241e-03
13                                    -1.3843563198524467e-01        -1.5960725447383811e-01         1.6318990842011674e-06         1.3251529856599061e-02         1.0807722606531674e-02        -7.9368283590043711e-07         1.8138039557807142e-03        -1.0329588715066972e-03
14                                    -6.0836270960679114e-06         2.9971683285023763e-07        -3.6469268344618645e-02        -1.4127840937497530e-08        -1.1413011780750607e-06         5.4309042839588064e-03         2.4084665092749114e-07         1.6385928402221496e-06
15                                    -6.3140135559132948e-02         3.2255321626654843e-02        -6.2608622392505866e-06        -5.3525415928104038e-05         3.0507694580956826e-02        -3.1600241600402847e-06         1.5192132293479644e-03         1.9076337422433819e-03
16                                     3.6896248889422500e-02        -3.2951831340684445e-01         3.5102399987858858e-05         3.4937126829068244e-04        -1.0327616933111339e-02         1.3868554125836835e-06        -1.8663305500599570e-03         1.3087876528402997e-03
17                                    -4.6567145159035115e-06         3.5953602769728837e-05        -3.6825724328580285e-02         3.9424236781194167e-07         1.6086438442041988e-06         6.0517925395594113e-03        -3.0709325819456605e-07        -1.3875870363698377e-06
18                                    -8.8322937586523013e-04         3.1236740692982566e-02        -2.3023632792565998e-06        -6.0921825746413236e-02         2.9183244845059769e-02         4.9627208010790105e-07         4.2365440320010928e-03        -2.6423523705867730e-02
19                                    -1.3620322858551304e-04        -8.8583692376449849e-03         1.0634474461358673e-06         3.0488068921996559e-02        -3.2204303382928756e-01         1.6383058376964746e-05         3.9796524174678105e-03        -1.6257162409716669e-02
20                                     3.2614950206783308e-07         2.9342151410882227e-07         6.4794708794718887e-03        -5.4658609330355325e-07         1.3889494858127988e-05        -4.3314730008566033e-02        -2.1560941955536697e-07         4.0102901548695310e-06
21                                     1.5870231104187921e-03        -8.5538135823170613e-04         4.9926984599227349e-07         4.2363122404224293e-03        -2.6424297908929337e-02         9.9197789505856805e-07        -6.0920749939902083e-02         2.9183814212930960e-02
22                                     9.1939550798429519e-04         1.4317901919265056e-03         1.3338682706297397e-07         3.9793555503333800e-03        -1.6258120516450730e-02         1.7950294962070022e-06         3.0487363822934928e-02        -3.2204333210739955e-01
23                                    -5.4116580265020688e-07        -2.6511502871952823e-07        -1.2655547887301419e-03         3.0670262071135239e-07         4.2003739015015220e-06         3.6494619962054902e-03         7.6942933812020510e-07         6.1581747333851657e-06
24                                    -7.6275383016285178e-04        -1.1796258839310732e-03         1.7176888102056265e-07        -2.6560985066794197e-03         3.9515523301046594e-03        -2.7540744203819767e-06        -1.8512224074445048e-02        -1.9537537026608123e-02
25                                     3.7985208676148533e-04         8.1431882167978559e-04        -1.4817973868602246e-07         1.8134932756002781e-03        -1.0331847671635878e-03        -8.1879090395032103e-08         1.3251397142021171e-02         1.0807317024024822e-02
26                                     5.3553078844430698e-08        -3.7580854061490666e-07        -3.2735219823371665e-04         1.8786531217472621e-07         1.7691547385791116e-06         1.2530062172245515e-02        -8.3750198732553015e-07        -1.5888041902409088e-06
27                                    -6.1529731711373810e-05        -3.1217562104568486e-04        -1.2347838699006284e-07         1.5201183791352631e-03         1.9074939555466766e-03        -4.0206848728645274e-07        -5.3801691179182921e-05         3.0508331127112188e-02
28                                     5.3840351805165606e-05         3.5997258995673046e-04         3.7867117485780055e-07        -1.8670127508416327e-03         1.3094656210582319e-03         6.4719863441610731e-07         3.4981773176774589e-04        -1.0327580357932398e-02
29                                    -3.8990309913725542e-07         2.7346682849323635e-07         1.8487633353875537e-04        -1.3863700719625751e-07        -1.5734887687632222e-06        -8.2322574228265270e-03         1.7832514397826026e-07         2.5263260183745330e-06
                                                         8                           9                          10                          11                          12                          13                          14                          15

0                                      7.8700188817770191e-07         4.4606095346850748e-03        -6.4022790196283227e-03         1.0894899112245658e-06        -2.4019899557529487e-01        -1.3843563198524467e-01        -6.0836270960679114e-06        -6.3140135559132948e-02
1                                     -9.0321108921658440e-07        -6.3995941899356061e-03        -2.1887665626569744e-03         8.6482004956941679e-07        -1.3292378282152198e-01        -1.5960725447383811e-01         2.9971683285023763e-07         3.2255321626654843e-02
2                                      6.9743489158659248e-03         1.1394062893459131e-06         9.6934196505115301e-07         1.8742797534366876e-03        -4.5483724263766943e-06         1.6318990842011674e-06        -3.6469268344618645e-02        -6.2608622392505866e-06
3                                      2.2428869167482252e-05        -4.9223807769878600e-02        -1.1904491692324840e-02         3.2302783943643694e-06        -1.8510840456651328e-02         1.3251529856599061e-02        -1.4127840937497530e-08        -5.3525415928104038e-05
4                                      1.7308359684210707e-05         8.4071154049623203e-03         1.5246538427869247e-02        -1.1531578776009337e-06        -1.9537157666937720e-02         1.0807722606531674e-02        -1.1413011780750607e-06         3.0507694580956826e-02
5                                     -6.6420674141936198e-02         5.8214143676646219e-08        -9.5600080133394621e-07         6.9758479553681495e-03         2.1204376529131496e-06        -7.9368283590043711e-07         5.4309042839588064e-03        -3.1600241600402847e-06
6                                     -3.2782886733393903e-06        -4.5570419112292376e-01         1.4477782739031628e-01        -2.2051334244164369e-05        -2.6551450931590684e-03         1.8138039557807142e-03         2.4084665092749114e-07         1.5192132293479644e-03
7                                     -4.1300857773199367e-05         1.5275668673941081e-01        -1.8601186720085600e-01         1.3640517664491729e-05         3.9510356960049241e-03        -1.0329588715066972e-03         1.6385928402221496e-06         1.9076337422433819e-03
8                                      1.3974776627484747e-01        -1.9404057561517889e-05         1.4658339245826059e-05        -5.6418482315146345e-02        -3.3700843014433703e-06        -6.7516961251272429e-08         1.2530066006808536e-02         1.4416979144205171e-07
9                                     -1.9404057561517889e-05         8.0392633603790487e-01        -5.4566681436155978e-02         2.8104457636270581e-05        -7.6261912393721398e-04         3.7974184249765720e-04         3.2359340620300338e-07        -6.1141040890016514e-05
10                                     1.4658339245826059e-05        -5.4566681436155978e-02         6.6833180217681876e-01        -5.0288490314655959e-05        -1.1796246408868223e-03         8.1429019161302597e-04        -2.6651118392496985e-07        -3.1158356084196921e-04
11                                    -5.6418482315146345e-02         2.8104457636270581e-05        -5.0288490314655959e-05         1.1579297057972941e-01        -8.4714494976230742e-07        -5.0319738017128185e-07        -3.2704002761093303e-04         1.7659378627158925e-07
12                                    -3.3700843014433703e-06        -7.6261912393721398e-04        -1.1796246408868223e-03        -8.4714494976230742e-07         2.5510311864222662e-01         1.4491868215229003e-01         4.9203014598047961e-06         6.2924790966198373e-03
13                                    -6.7516961251272429e-08         3.7974184249765720e-04         8.1429019161302597e-04        -5.0319738017128185e-07         1.4491868215229003e-01         1.5859194869391846e-01        -4.8672789379594881e-07        -2.2136279983688049e-02
14                                     1.2530066006808536e-02         3.2359340620300338e-07        -2.6651118392496985e-07        -3.2704002761093303e-04         4.9203014598047961e-06        -4.8672789379594881e-07         2.4656949032093173e-02         2.5776203694611969e-06
15                                     1.4416979144205171e-07        -6.1141040890016514e-05        -3.1158356084196921e-04         1.7659378627158925e-07         6.2924790966198373e-03        -2.2136279983688049e-02         2.5776203694611969e-06         6.0040570245941879e-02
16                                    -7.4231954094822312e-07         5.3080306799426196e-05         3.5995620528895861e-04         4.6541649060328526e-07         4.5414430225377417e-03        -1.0830082746702132e-02         2.1297598261568418e-06        -4.2639752913760320e-02
17                                    -8.2324430940133274e-03        -4.4978710724773431e-07         2.6844540008656887e-08         1.8427606550621841e-04        -8.8394108687097209e-07        -3.3211492419673367e-07         2.7940784781707280e-03         6.5324878242722860e-06
18                                     1.4764116858007768e-06         1.5860057145528402e-03        -8.5468355145338617e-04         4.4978498063417495e-07         9.8716544476665398e-04        -2.8967823553735571e-04        -9.7711429546685191e-08        -4.4632461183755452e-03
19                                     2.5085978683524312e-06         9.1813358237993054e-04         1.4318871834276400e-03         3.6268208434452722e-07         8.8935718096181532e-05         1.0006399937839347e-03        -5.9442421334762892e-07         1.5542996473783930e-03
20                                     3.6496671770840502e-03        -2.5580923949602234e-07        -9.5841348468462222e-08        -1.2659399482656342e-03         4.9354533368208814e-07        -4.7577069948842956e-07        -7.3340928707221944e-03        -4.4271877857527926e-07
21                                     1.1826056471492561e-06        -8.8313700840761400e-04         3.1236647768417378e-02        -1.6309312708395308e-06         1.0731440076498138e-04         3.8174408015196281e-04         5.7617712620614629e-08        -2.8012991950596817e-04
22                                     9.0067769198625960e-06        -1.3646186594892806e-04        -8.8585519805158795e-03         5.5709801138087188e-07        -1.0892352020031200e-04         3.6122833254837762e-04        -1.8530363253174906e-07        -8.6632969624090986e-04
23                                    -4.3313074823409278e-02        -4.6454191249208734e-07         1.2918548595830021e-06         6.4793343097795282e-03        -1.4027084534986576e-08        -2.1108066987024009e-08        -2.2629904024741563e-04        -1.4183888965128104e-07
24                                     2.1453579868445254e-06        -2.4019788310042767e-01        -1.3292381394749281e-01        -2.5141206621724635e-06        -3.8603030061147136e-04         1.8277136332956476e-04         3.7335525014328259e-09         2.4418181788015314e-05
25                                    -1.0394619387666018e-07        -1.3843501305726549e-01        -1.5960711623644222e-01         2.7629658337761347e-06         1.8334470421827419e-04        -7.6659066298765711e-05        -1.6163148343815308e-07        -7.4831903797998873e-05
26                                     5.4310739684596057e-03        -3.7840141315601982e-06         1.0190155969544788e-06        -3.6469413891557452e-02        -2.7391676026472560e-08        -1.0312329991861664e-07        -1.2739974447021853e-03        -2.5622160086206322e-08
27                                    -3.0800322995162595e-06        -6.3140172120677768e-02         3.2255086311615153e-02        -6.4404866081218357e-06         2.3552965275779048e-05        -7.4473211388735106e-05         3.6749326307930817e-07         1.2149730013489069e-04
28                                     4.7037839062060954e-07         3.6896589051691228e-02        -3.2951817220454660e-01         3.2816888786353914e-05         7.3837521609540491e-05        -2.8874660049757819e-05         2.5923021799533785e-09        -2.0740185730847569e-04
29                                     6.0517520314395633e-03        -4.8340484968869997e-06         3.4115904092868293e-05        -3.6825832481239620e-02        -1.3906296943098037e-07        -8.3419238787095285e-08         2.1869992687012388e-04         5.2872456983484911e-09
                                                        16                          17                          18                          19                          20                          21                          22                          23

0                                      3.6896248889422500e-02        -4.6567145159035115e-06        -8.8322937586523013e-04        -1.3620322858551304e-04         3.2614950206783308e-07         1.5870231104187921e-03         9.1939550798429519e-04        -5.4116580265020688e-07
1                                     -3.2951831340684445e-01         3.5953602769728837e-05         3.1236740692982566e-02        -8.8583692376449849e-03         2.9342151410882227e-07        -8.5538135823170613e-04         1.4317901919265056e-03        -2.6511502871952823e-07
2                                      3.5102399987858858e-05        -3.6825724328580285e-02        -2.3023632792565998e-06         1.0634474461358673e-06         6.4794708794718887e-03         4.9926984599227349e-07         1.3338682706297397e-07        -1.2655547887301419e-03
3                                      3.4937126829068244e-04         3.9424236781194167e-07        -6.0921825746413236e-02         3.0488068921996559e-02        -5.4658609330355325e-07         4.2363122404224293e-03         3.9793555503333800e-03         3.0670262071135239e-07
4                                     -1.0327616933111339e-02         1.6086438442041988e-06         2.9183244845059769e-02        -3.2204303382928756e-01         1.3889494858127988e-05        -2.6424297908929337e-02        -1.6258120516450730e-02         4.2003739015015220e-06
5                                      1.3868554125836835e-06         6.0517925395594113e-03         4.9627208010790105e-07         1.6383058376964746e-05        -4.3314730008566033e-02         9.9197789505856805e-07         1.7950294962070022e-06         3.6494619962054902e-03
6                                     -1.8663305500599570e-03        -3.0709325819456605e-07         4.2365440320010928e-03         3.9796524174678105e-03        -2.1560941955536697e-07        -6.0920749939902083e-02         3.0487363822934928e-02         7.6942933812020510e-07
7                                      1.3087876528402997e-03        -1.3875870363698377e-06        -2.6423523705867730e-02        -1.6257162409716669e-02         4.0102901548695310e-06         2.9183814212930960e-02        -3.2204333210739955e-01         6.1581747333851657e-06
8                                     -7.4231954094822312e-07        -8.2324430940133274e-03         1.4764116858007768e-06         2.5085978683524312e-06         3.6496671770840502e-03         1.1826056471492561e-06         9.0067769198625960e-06        -4.3313074823409278e-02
9                                      5.3080306799426196e-05        -4.4978710724773431e-07         1.5860057145528402e-03         9.1813358237993054e-04        -2.5580923949602234e-07        -8.8313700840761400e-04        -1.3646186594892806e-04        -4.6454191249208734e-07
10                                     3.5995620528895861e-04         2.6844540008656887e-08        -8.5468355145338617e-04         1.4318871834276400e-03        -9.5841348468462222e-08         3.1236647768417378e-02        -8.8585519805158795e-03         1.2918548595830021e-06
11                                     4.6541649060328526e-07         1.8427606550621841e-04         4.4978498063417495e-07         3.6268208434452722e-07        -1.2659399482656342e-03        -1.6309312708395308e-06         5.5709801138087188e-07         6.4793343097795282e-03
12                                     4.5414430225377417e-03        -8.8394108687097209e-07         9.8716544476665398e-04         8.8935718096181532e-05         4.9354533368208814e-07         1.0731440076498138e-04        -1.0892352020031200e-04        -1.4027084534986576e-08
13                                    -1.0830082746702132e-02        -3.3211492419673367e-07        -2.8967823553735571e-04         1.0006399937839347e-03        -4.7577069948842956e-07         3.8174408015196281e-04         3.6122833254837762e-04        -2.1108066987024009e-08
14                                     2.1297598261568418e-06         2.7940784781707280e-03        -9.7711429546685191e-08        -5.9442421334762892e-07        -7.3340928707221944e-03         5.7617712620614629e-08        -1.8530363253174906e-07        -2.2629904024741563e-04
