*************************************************
******************* ORCA 6.0.0 ******************
*************************************************
$Calculation_Status
   &GeometryIndex 1
   &ListStatus       OUT
   &VERSION [&Type "String"] "6.0.0"
   &PROGNAME [&Type "String"] "LeanSCF"
   &STATUS [&Type "String"] "NORMAL TERMINATION"
$End
$Geometry
   &GeometryIndex 1
   &ListStatus       OUT
   &NATOMS [&Type "Integer"] 10
   &NCORELESSECP [&Type "Integer"] 0
   &NGHOSTATOMS [&Type "Integer"] 0
   &CartesianCoordinates [&Type "Coordinates", &Dim(10,4), &Units "Bohr"] 
              C      3.478346642353   -0.224871794804    0.000171202763
              C      1.144997758778    0.750941324319    0.000080547687
              C     -1.144998559077   -0.750972686591    0.000012506208
              C     -3.478345077093    0.224835623934    0.000059714212
              H      5.143492409176    0.969444822365    0.000048818051
              H      3.778336175935   -2.256722878592    0.000053480761
              H      0.898622828688    2.795454887886    0.000011665846
              H     -0.898605988772   -2.795481396964   -0.000018713958
              H     -5.143481898519   -0.969491304526    0.000046356683
              H     -3.778341056719    2.256684621653    0.000081894117
$End
$SCF_Energy
   &GeometryIndex 1
   &ListStatus       OUT
   &SCF_ENERGY [&Type "Double"]      -1.5596834435721129e+02
$End
$DFT_Energy
   &GeometryIndex 1
   &ListStatus       OUT
   &NALPHAEL [&Type "Integer"] 15
   &NBETAEL [&Type "Integer"] 15
   &NTOTALEL [&Type "Integer"] 30
   &EEXCHANGE [&Type "Double"]       0.0000000000000000e+00
   &ECORR [&Type "Double"]       0.0000000000000000e+00
   &ECNL [&Type "Double"]       0.0000000000000000e+00
   &EXC [&Type "Double"]      -1.1496904289543204e+01
   &EEMBED [&Type "Double"]       0.0000000000000000e+00
   &FINALEN [&Type "Double"]      -1.5596834435721129e+02  "No Van der Waals correction"
$End
$Mulliken_Population_Analysis
   &GeometryIndex 1
   &ListStatus       OUT
   &NATOMS [&Type "Integer"] 10
   &ATNO [&Type "ArrayOfIntegers", &Dim (10,1)] 
                                                         0

0                                                        6
1                                                        6
2                                                        6
3                                                        6
4                                                        1
5                                                        1
6                                                        1
7                                                        1
8                                                        1
9                                                        1
   &ATOMICCHARGES [&Type "ArrayOfDoubles", &Dim (10,1)] 
                                                         0

0                                     -3.2412463969942351e-01
1                                     -6.1820482413478928e-02
2                                     -6.1827512965776599e-02
3                                     -3.2411929479251000e-01
4                                      1.3372692963131005e-01
5                                      1.2662954161954976e-01
6                                      1.2558997047457432e-01
7                                      1.2558827093640823e-01
8                                      1.3372643455612832e-01
9                                      1.2663078265316696e-01
$End
$Loewdin_Population_Analysis
   &GeometryIndex 1
   &ListStatus       OUT
   &NATOMS [&Type "Integer"] 10
   &ATNO [&Type "ArrayOfIntegers", &Dim (10,1)] 
                                                         0

0                                                        6
1                                                        6
2                                                        6
3                                                        6
4                                                        1
5                                                        1
6                                                        1
7                                                        1
8                                                        1
9                                                        1
   &ATOMICCHARGES [&Type "ArrayOfDoubles", &Dim (10,1)] 
                                                         0

0                                     -1.9648476257192105e-01
1                                     -1.9591390703601164e-01
2                                     -1.9591526481060662e-01
3                                     -1.9648413416540667e-01
4                                      1.2261378467556872e-01
5                                      1.2325859545601481e-01
6                                      1.4652667183011814e-01
7                                      1.4652644308324048e-01
8                                      1.2261380956591605e-01
9                                      1.2325876397303948e-01
$End
$Mayer_Population_Analysis
   &GeometryIndex 1
   &ListStatus       OUT
   &NATOMS [&Type "Integer"] 10 "Total number of atoms"
   &BONDTHRESH [&Type "Double"]       1.0000000000000001e-01  "The threshold for printing"
   &NBONDORDERSPRINT [&Type "Integer"] 9 "The number of bond orders larger than threshold"
   &BONDORDERS [&Type "ArrayOfDoubles", &Dim (9,1)] "The bond orders"
                                                         0

0                                      1.8314235348568455e+00
1                                      9.7497560562375252e-01
2                                      9.7513787197334290e-01
3                                      1.0405940526388644e+00
4                                      9.4909892193663503e-01
5                                      1.8314165988236528e+00
6                                      9.4909917291780144e-01
7                                      9.7496799422885871e-01
8                                      9.7513899539097193e-01
   &COMPONENTS [&Type "ArrayOfIntegers", &Dim (9,4)] "The indices and atomic numbers of the bonding atoms"
                                                         0                           1                           2                           3

0                                                        0                           6                           1                           6
1                                                        0                           6                           4                           1
2                                                        0                           6                           5                           1
3                                                        1                           6                           2                           6
4                                                        1                           6                           6                           1
5                                                        2                           6                           3                           6
6                                                        2                           6                           7                           1
7                                                        3                           6                           8                           1
8                                                        3                           6                           9                           1
   &ATNO [&Type "ArrayOfIntegers", &Dim (10,1)] "Atomic number of the elements"
                                                         0

0                                                        6
1                                                        6
2                                                        6
3                                                        6
4                                                        1
5                                                        1
6                                                        1
7                                                        1
8                                                        1
9                                                        1
   &NA [&Type "ArrayOfDoubles", &Dim (10,1)] "Mulliken gross atomic population"
                                                         0

0                                      6.3241246396994324e+00
1                                      6.0618204824134754e+00
2                                      6.0618275129657739e+00
3                                      6.3241192947924931e+00
4                                      8.6627307036869028e-01
5                                      8.7337045838044902e-01
6                                      8.7441002952542546e-01
7                                      8.7441172906359210e-01
8                                      8.6627356544387124e-01
9                                      8.7336921734683326e-01
   &ZA [&Type "ArrayOfDoubles", &Dim (10,1)] "Total nuclear charge"
                                                         0

0                                      6.0000000000000000e+00
1                                      6.0000000000000000e+00
2                                      6.0000000000000000e+00
3                                      6.0000000000000000e+00
4                                      1.0000000000000000e+00
5                                      1.0000000000000000e+00
6                                      1.0000000000000000e+00
7                                      1.0000000000000000e+00
8                                      1.0000000000000000e+00
9                                      1.0000000000000000e+00
   &QA [&Type "ArrayOfDoubles", &Dim (10,1)] "Mulliken gross atomic charge"
                                                         0

0                                     -3.2412463969943239e-01
1                                     -6.1820482413475375e-02
2                                     -6.1827512965773934e-02
3                                     -3.2411929479249313e-01
4                                      1.3372692963130972e-01
5                                      1.2662954161955098e-01
6                                      1.2558997047457454e-01
7                                      1.2558827093640790e-01
8                                      1.3372643455612876e-01
9                                      1.2663078265316674e-01
   &VA [&Type "ArrayOfDoubles", &Dim (10,1)] "Mayer's total valence"
                                                         0

0                                      3.9050012245217500e+00
1                                      3.8015120775195901e+00
2                                      3.8015016253046707e+00
3                                      3.9049886648865884e+00
4                                      9.7272561167306160e-01
5                                      9.7488646073431995e-01
6                                      9.7007770915854297e-01
7                                      9.7007540079172405e-01
8                                      9.7272563077861296e-01
9                                      9.7488621890962512e-01
   &BVA [&Type "ArrayOfDoubles", &Dim (10,1)] "Mayer's bonded valence"
                                                         0

0                                      3.9050012245217247e+00
1                                      3.8015120775196158e+00
2                                      3.8015016253048346e+00
3                                      3.9049886648866483e+00
4                                      9.7272561167305172e-01
5                                      9.7488646073429108e-01
6                                      9.7007770915853309e-01
7                                      9.7007540079174148e-01
8                                      9.7272563077859442e-01
9                                      9.7488621890960359e-01
   &FA [&Type "ArrayOfDoubles", &Dim (10,1)] "Mayer's free valence"
                                                         0

0                                      0.0000000000000000e+00
1                                      0.0000000000000000e+00
2                                      0.0000000000000000e+00
3                                      0.0000000000000000e+00
4                                      0.0000000000000000e+00
5                                      0.0000000000000000e+00
6                                      0.0000000000000000e+00
7                                      0.0000000000000000e+00
8                                      0.0000000000000000e+00
9                                      0.0000000000000000e+00
$End
$Calculation_Info
   &GeometryIndex 1
   &ListStatus       OUT
   &MULT [&Type "Integer"] 1
   &CHARGE [&Type "Integer"] 0
   &NUMOFATOMS [&Type "Integer"] 10
   &NUMOFELECTRONS [&Type "Integer"] 30
   &NUMOFFCELECTRONS [&Type "Integer"] 1
   &NUMOFCORRELECTRONS [&Type "Integer"] 0
   &NUMOFBASISFUNCTS [&Type "Integer"] 160
   &NUMOFAUXCBASISFUNCTS [&Type "Integer"] 0
   &NUMOFAUXJBASISFUNCTS [&Type "Integer"] 262
   &NUMOFAUXJKBASISFUNCTS [&Type "Integer"] 0
   &NUMOFCABSBASISFUNCTS [&Type "Integer"] 0
   &TOTALENERGY [&Type "Double"]      -1.5596834435721129e+02  "Hartrees"
$End
$SCF_Dipole_Moment
   &GeometryIndex 1
   &ListStatus       OUT
   &METHOD [&Type "String"] "SCF"
   &LEVEL [&Type "String"] "Relaxed density"
   &MULT [&Type "Integer"] 1
   &STATE [&Type "Integer"] -1
   &IRREP [&Type "Integer"] 0
   &NATOMS [&Type "Integer"] 10
   &DODIPOLEATOM [&Type "Boolean"] false
   &DIPOLEELECCONTRIB [&Type "ArrayOfDoubles", &Dim (3,1)] "Electronic contribution"
                                                         0

0                                     -8.0555843746969377e-06
1                                      4.0349473931695391e-06
2                                      6.6996858005698533e-05
   &DIPOLENUCCONTRIB [&Type "ArrayOfDoubles", &Dim (3,1)] "Nuclear contribution"
                                                         0

0                                      9.4021410288469554e-06
1                                     -4.3867992931545530e-06
2                                     -1.1573008887832963e-04
   &DIPOLETOTAL [&Type "ArrayOfDoubles", &Dim (3,1)] "Total"
                                                         0

0                                      1.3465566541500176e-06
1                                     -3.5185189998501384e-07
2                                     -4.8733230872631094e-05
   &DIPOLEMAGNITUDE [&Type "Double", &Units "a.u."]       4.8753100474405968e-05
$End
$THERMOCHEMISTRY_Energies
   &GeometryIndex 1
   &ListStatus       OUT
   &TEMPERATURE [&Type "Double"]       2.9814999999999998e+02
   &PRESSURE [&Type "Double"]       1.0000000000000000e+00
   &TOTALMASS [&Type "Double"]       5.4091999999999999e+01
   &SPINDEGENERACY [&Type "Integer"] 1
   &ELENERGY [&Type "Double"]      -1.5596834435721129e+02
   &TRANSENERGY [&Type "Double"]       1.4162714244859817e-03
   &ROTENERGY [&Type "Double"]       1.4162714244859817e-03
   &VIBENERGY [&Type "Double"]       1.7006891273813013e-03
   &NUMOFFREQS [&Type "Integer"] 30
   &FREQSCALINGFACTOR [&Type "Double"]       1.0000000000000000e+00
   &FREQ [&Type "ArrayOfDoubles", &Dim (30,1)] "In cm^-1"
                                                         0

0                                      0.0000000000000000e+00
1                                      0.0000000000000000e+00
2                                      0.0000000000000000e+00
3                                      0.0000000000000000e+00
4                                      0.0000000000000000e+00
5                                      0.0000000000000000e+00
6                                      1.9647379130333891e+02
7                                      3.2438392267716307e+02
8                                      5.2350387813200882e+02
9                                      5.6839517791215837e+02
10                                     7.9865692985322573e+02
11                                     9.1763671723638799e+02
12                                     9.7288830142403810e+02
13                                     9.7546038254926509e+02
14                                     1.0132269915440180e+03
15                                     1.0256750564861281e+03
16                                     1.0725043362369793e+03
17                                     1.2440087348259788e+03
18                                     1.3167428018899657e+03
19                                     1.3235730209498035e+03
20                                     1.4181562760887246e+03
21                                     1.4819022202689086e+03
22                                     1.6537857695740765e+03
23                                     1.7189531298952027e+03
24                                     3.1356476317752363e+03
25                                     3.1419530450720372e+03
26                                     3.1458503246739383e+03
27                                     3.1484218367128169e+03
28                                     3.2366527279794159e+03
29                                     3.2367147918987121e+03
   &ZPE [&Type "Double"]       8.5638981631544098e-02
   &INNERENERGYU [&Type "Double"]      -1.5587817214360339e+02
   &ENTHALPYH [&Type "Double"]      -1.5587722793456115e+02
   &QEL [&Type "Double"]       0.0000000000000000e+00
   &QROT [&Type "Double"]       1.0543007761235550e-02
   &QVIB [&Type "Double"]       2.6053534126040038e-03
   &QTRANS [&Type "Double"]       1.8000966151892603e-02
   &ENTROPYS [&Type "Double"]       3.1149327325732157e-02
   &FREEENERGYG [&Type "Double"]      -1.5590837726188687e+02
   &ISLINEAR [&Type "Boolean"] false
$End
$Hessian
   &GeometryIndex 1
   &ListStatus       OUT
   &HESSIAN [&Type "ArrayOfDoubles", &Dim (30,30)] "The Hessian"
                                                         0                           1                           2                           3                           4                           5                           6                           7

0                                      8.1016951361849665e-01        -5.5575543360314839e-02        -6.4590945052624976e-06        -4.6011626290319352e-01         1.5387980598290960e-01        -1.4520964516381412e-05        -4.9083707986990410e-02         8.4817130643193434e-03
1                                     -5.5575543360314839e-02         6.6992140320504567e-01         1.8651042130356348e-06         1.4579384592768266e-01        -1.8568229840295503e-01         5.6593028919041659e-06        -1.1883671912339605e-02         1.5239158643942546e-02
2                                     -6.4590945052624976e-06         1.8651042130356348e-06         1.1505228406349856e-01        -1.1121754678294342e-05         5.5287766977266560e-06        -5.6025015519179586e-02        -1.7995162699133062e-06         1.5869042812297274e-06
3                                     -4.6011626290319352e-01         1.4579384592768266e-01        -1.1121754678294342e-05         7.8278255130630159e-01        -9.3426154624335248e-02         1.9993769743048357e-05        -1.9745315873908664e-01        -8.8065116668839302e-02
4                                      1.5387980598290960e-01        -1.8568229840295503e-01         5.5287766977266560e-06        -9.3426154624335248e-02         6.8071227986723615e-01        -1.3320780718901770e-05        -8.8066430177488150e-02        -1.7200985204394564e-01
5                                     -1.4520964516381412e-05         5.6593028919041659e-06        -5.6025015519179586e-02         1.9993769743048357e-05        -1.3320780718901770e-05         1.3913241704735543e-01        -3.8239211508234302e-06        -1.9128224966479836e-06
6                                     -4.9083707986990410e-02        -1.1883671912339605e-02        -1.7995162699133062e-06        -1.9745315873908664e-01        -8.8066430177488150e-02        -3.8239211508234302e-06         7.8278896064122760e-01        -9.3431484418385058e-02
7                                      8.4817130643193434e-03         1.5239158643942546e-02         1.5869042812297274e-06        -8.8065116668839302e-02        -1.7200985204394564e-01        -1.9128224966479836e-06        -9.3431484418385058e-02         6.8071433549722293e-01
8                                     -1.9619233241804639e-06        -1.1307214234639459e-06         6.9217119795619425e-03        -3.5190897766439027e-06        -1.9565040634043785e-06        -6.6170977269541714e-02        -2.2419612205990084e-06         1.0792629143379590e-05
9                                      4.5409704969843400e-03        -6.3866797007401804e-03         4.2178607244467389e-07        -4.9082578037527400e-02         8.4788150322057873e-03        -1.5107803921008816e-06        -4.6012391779701634e-01         1.5388106266924517e-01
10                                    -6.3880744360258236e-03        -2.1860646299780148e-03        -1.0797927941577361e-06        -1.1888125286767304e-02         1.5239040638566632e-02         6.3752042209671105e-07         1.4579178596773917e-01        -1.8568299584911341e-01
11                                     3.0902473760381927e-07         1.3070699495736241e-08         1.8780969705268556e-03        -2.7103731662976802e-07        -3.3787010332805109e-07         6.9230596408683572e-03         6.8069470185050824e-06        -3.3908584609326304e-06
12                                    -2.4204466396188284e-01        -1.3419014876736668e-01         1.4826858852756349e-05        -1.8416325945003906e-02        -1.9472213465759381e-02         9.6327691995164107e-07        -2.6079833301234541e-03         3.9224043841329104e-03
13                                    -1.3959782506966592e-01        -1.5996256740307088e-01         8.6277671739848215e-06         1.3324082318417065e-02         1.0806849662429315e-02        -1.4361373543401793e-08         1.8087639516420114e-03        -1.0391930737902203e-03
14                                     1.7731075791234413e-05         1.0931802564521626e-05        -3.6158330094326244e-02        -2.5496500816602300e-06        -2.6030758335681448e-07         5.3802025800025934e-03        -4.8749181886699504e-07         7.7564698501501483e-08
15                                    -6.3262667925658322e-02         3.3210878811239873e-02         3.6697974491832424e-06        -8.6573343728276039e-05         3.0667414120875272e-02         7.5823045250031180e-07         1.5654185954285015e-03         1.8816394382507951e-03
16                                     3.7766662929800660e-02        -3.3088393261689508e-01        -1.5183969770465910e-05         3.8248184691778986e-04        -1.0334911565992753e-02        -6.1347899475917717e-07        -1.8470662034257086e-03         1.3207546158785204e-03
17                                     4.7102298093438211e-06        -1.9322538752666779e-05        -3.6832459575697384e-02        -2.2143213191549995e-06         1.4981472894654323e-06         6.1633873443344006e-03         3.7016146094750877e-07         2.3461226183704490e-07
18                                    -1.0033316649198406e-03         3.1479317211377880e-02        -1.0943747151196793e-07        -6.0775329556619774e-02         2.8688873827216025e-02        -2.0249810312476203e-06         4.1912522440818722e-03        -2.6623570333354166e-02
19                                    -4.7546441221305025e-05        -9.0608463447051334e-03        -3.6186285171406646e-07         3.0101959655996480e-02        -3.2263206855462800e-01         1.0333800795503255e-05         3.8855947405279645e-03        -1.6379664462117693e-02
20                                     5.5901340841217597e-08         1.7639067248286265e-06         6.5808534663296756e-03        -2.7850513383543881e-07         1.0186914356045037e-05        -4.3402173119723490e-02        -7.0482611636682507e-07        -8.2578310616748331e-07
21                                     1.6146781285872576e-03        -8.3261963281353729e-04        -1.5398368669384623e-08         4.1911563315126027e-03        -2.6623384598026476e-02        -6.2313309084654313e-07        -6.0774292247432020e-02         2.8691585900574197e-02
22                                     9.1416704395176455e-04         1.4450291785675059e-03        -4.7622399630293202e-07         3.8859287642105250e-03        -1.6381103855247922e-02        -1.1880618298702353e-06         3.0103645027543403e-02        -3.2263471607354799e-01
23                                    -1.9771672852602341e-07         4.7600137580910319e-08        -1.2752604898622687e-03         6.7571025504900613e-07        -4.8184524548547005e-07         3.7140855794251682e-03        -4.7952273321202866e-07        -5.6517295497418975e-06
24                                    -7.5324206036051595e-04        -1.1689951120785525e-03         4.6332357083841759e-07        -2.6088078293629857e-03         3.9226191844025510e-03         3.2977224604382518e-07        -1.8416256386254840e-02        -1.9472311328994782e-02
25                                     3.8061813704881381e-04         8.1361052136676366e-04         3.0182674209081340e-07         1.8083995893351558e-03        -1.0393110674572674e-03        -5.2363008501961106e-07         1.3323605893264298e-02         1.0806636795000551e-02
26                                     1.6005387575019954e-07        -1.7916356516529460e-09        -3.2666441244601316e-04         6.9297645009061293e-08        -1.7688735771118738e-07         1.2558254832360057e-02         3.2941709642152546e-07         3.2003874406416698e-07
27                                    -6.1285741062699548e-05        -3.1522042055720533e-04         3.8307479604455455e-07         1.5653287167082825e-03         1.8811809647815234e-03        -4.6635616772266301e-07        -8.6314993834117528e-05         3.0667059525675583e-02
28                                     5.4859105107885487e-05         3.5650784868165554e-04        -6.7268791987112113e-07        -1.8478277693993127e-03         1.3213753219945279e-03         5.6741336688976857e-08         3.8227489829696648e-04        -1.0334464049529484e-02
29                                    -8.6225928038810968e-08         3.8422804859790736e-08         1.8478361159444972e-04         1.4066765069067585e-07         2.0612678149961879e-07        -8.2732411159012215e-03         7.8394266490110181e-07        -9.0809673981212827e-07
                                                         8                           9                          10                          11                          12                          13                          14                          15

0                                     -1.9619233241804639e-06         4.5409704969843400e-03        -6.3880744360258236e-03         3.0902473760381927e-07        -2.4204466396188284e-01        -1.3959782506966592e-01         1.7731075791234413e-05        -6.3262667925658322e-02
1                                     -1.1307214234639459e-06        -6.3866797007401804e-03        -2.1860646299780148e-03         1.3070699495736241e-08        -1.3419014876736668e-01        -1.5996256740307088e-01         1.0931802564521626e-05         3.3210878811239873e-02
2                                      6.9217119795619425e-03         4.2178607244467389e-07        -1.0797927941577361e-06         1.8780969705268556e-03         1.4826858852756349e-05         8.6277671739848215e-06        -3.6158330094326244e-02         3.6697974491832424e-06
3                                     -3.5190897766439027e-06        -4.9082578037527400e-02        -1.1888125286767304e-02        -2.7103731662976802e-07        -1.8416325945003906e-02         1.3324082318417065e-02        -2.5496500816602300e-06        -8.6573343728276039e-05
4                                     -1.9565040634043785e-06         8.4788150322057873e-03         1.5239040638566632e-02        -3.3787010332805109e-07        -1.9472213465759381e-02         1.0806849662429315e-02        -2.6030758335681448e-07         3.0667414120875272e-02
5                                     -6.6170977269541714e-02        -1.5107803921008816e-06         6.3752042209671105e-07         6.9230596408683572e-03         9.6327691995164107e-07        -1.4361373543401793e-08         5.3802025800025934e-03         7.5823045250031180e-07
6                                     -2.2419612205990084e-06        -4.6012391779701634e-01         1.4579178596773917e-01         6.8069470185050824e-06        -2.6079833301234541e-03         1.8087639516420114e-03        -4.8749181886699504e-07         1.5654185954285015e-03
7                                      1.0792629143379590e-05         1.5388106266924517e-01        -1.8568299584911341e-01        -3.3908584609326304e-06         3.9224043841329104e-03        -1.0391930737902203e-03         7.7564698501501483e-08         1.8816394382507951e-03
8                                      1.3913155542847103e-01         7.2810619929453555e-06        -4.0907839930895404e-06        -5.6023444953015131e-02         1.0470438779399539e-06         9.9904081288932648e-07         1.2558366938337414e-02        -2.3480898293831378e-07
9                                      7.2810619929453555e-06         8.1017458307198975e-01        -5.5569079948033472e-02        -5.6529071022485494e-06        -7.5340264394385291e-04         3.8025697639657973e-04         4.2415729221140945e-07        -6.1253167469723871e-05
10                                    -4.0907839930895404e-06        -5.5569079948033472e-02         6.6992433085401570e-01         9.6226064598707124e-06        -1.1710348233203950e-03         8.1316053947851194e-04        -1.8107768023852522e-07        -3.1607207446667060e-04
11                                    -5.6023444953015131e-02        -5.6529071022485494e-06         9.6226064598707124e-06         1.1504966703126251e-01        -4.9225971195751188e-07        -1.7473641926362791e-07        -3.2712132808174828e-04         1.6562994434474462e-07
12                                     1.0470438779399539e-06        -7.5340264394385291e-04        -1.1710348233203950e-03        -4.9225971195751188e-07         2.5677706979607884e-01         1.4615667530015022e-01        -1.5532215150469712e-05         6.3109373203356391e-03
13                                     9.9904081288932648e-07         3.8025697639657973e-04         8.1316053947851194e-04        -1.7473641926362791e-07         1.4615667530015022e-01         1.5912767989285884e-01        -9.5485469589261937e-06        -2.2276489161608549e-02
14                                     1.2558366938337414e-02         4.2415729221140945e-07        -1.8107768023852522e-07        -3.2712132808174828e-04        -1.5532215150469712e-05        -9.5485469589261937e-06         2.4337469831508283e-02        -8.8611266167693428e-07
15                                    -2.3480898293831378e-07        -6.1253167469723871e-05        -3.1607207446667060e-04         1.6562994434474462e-07         6.3109373203356391e-03        -2.2276489161608549e-02        -8.8611266167693428e-07         6.0138978201713225e-02
16                                     2.8613610491331687e-08         5.4469520500104954e-05         3.5709967052024457e-04        -1.3120605612645811e-07         4.5400999444597939e-03        -1.1023870080886986e-02        -9.9359965056894981e-07        -4.3597548680504444e-02
17                                    -8.2729721358986985e-03         2.8206534961465528e-07         1.7717133366397230e-07         1.8466210901134551e-04         2.4501157753010387e-07         1.5794768780651729e-06         2.8934173655158846e-03        -3.1975394122334233e-06
18                                     3.9707921171128401e-07         1.6155644639493380e-03        -8.3336829691815035e-04         1.2352845872362142e-08         9.8770935669499627e-04        -2.9190837037756760e-04         1.8229994281591668e-07        -4.4859901578239219e-03
19                                     3.8914000418048881e-07         9.1464558961934853e-04         1.4451120731964742e-03        -1.5524548697744578e-08         7.5186970155186744e-05         1.0230853914048130e-03        -1.0966640674927443e-06         1.5772973359527848e-03
20                                     3.7138900712250025e-03         1.3776712053031296e-07         4.2341546443526400e-09        -1.2753111623304736e-03        -4.7806062708076769e-07        -5.0592280211811051e-07        -7.4031504027578746e-03        -1.7981437291368872e-07
21                                     2.1798091058363250e-07        -1.0032376899509997e-03         3.1479495348610192e-02         6.4478128550043430e-07         1.0443625435649698e-04         3.8236097248400683e-04         2.9917653427056359e-08        -2.6722746419234394e-04
22                                    -5.3391709419756837e-06        -4.6937905104176003e-05        -9.0594389441904805e-03         1.6303026380542664e-07        -1.0889971062387743e-04         3.5954181830026837e-04        -1.9209586350634905e-08        -8.7822408700549096e-04
23                                    -4.3401853995197318e-02         3.3690601818007118e-07        -6.2327784990131096e-07         6.5812708083330604e-03         1.3479555953727361e-08         2.7873316324429854e-08        -2.2982243765370854e-04        -7.7678926346468676e-08
24                                    -1.2316838258127786e-07        -2.4204443011388990e-01        -1.3419145586055975e-01        -1.5219851060722337e-06        -3.8095164369529371e-04         1.8064143789073717e-04         5.3929733144971512e-07         2.3527126163464624e-05
25                                     5.9335764977855235e-07        -1.3959945025478476e-01        -1.5996470847602512e-01        -1.5742416290397977e-06         1.8122364233709573e-04        -7.6905678964912013e-05         6.3315916848151529e-08        -7.4602050212139298e-05
26                                     5.3802499594937311e-03        -1.4479612376174475e-06        -1.7599046367972193e-06        -3.6158152315122330e-02        -1.1024569445046211e-08        -1.0099820647605354e-07        -1.2713346142918885e-03         5.6730259881871299e-08
27                                     3.8455676276911534e-07        -6.3262298583125237e-02         3.3211260127384457e-02         2.0488426102685160e-07         2.3174797183310512e-05        -7.4730255297062690e-05         6.8270442857841303e-08         1.2485081523176192e-04
28                                    -6.0805957449565048e-07         3.7767567303053376e-02        -3.3088553587647063e-01        -4.1403133655474739e-06         7.4878425803607228e-05        -2.7781067758776180e-05         1.1952704125250446e-07        -2.0552873603847405e-04
29                                     6.1634739765637526e-03        -4.7752596990483284e-07        -2.7406522563275077e-06        -3.6832726801452442e-02        -1.0165946650122187e-07         1.7602884873715198e-08         2.2030216174728437e-04        -4.0188049341375951e-08
                                                        16                          17                          18                          19                          20                          21                          22                          23

0                                      3.7766662929800660e-02         4.7102298093438211e-06        -1.0033316649198406e-03        -4.7546441221305025e-05         5.5901340841217597e-08         1.6146781285872576e-03         9.1416704395176455e-04        -1.9771672852602341e-07
1                                     -3.3088393261689508e-01        -1.9322538752666779e-05         3.1479317211377880e-02        -9.0608463447051334e-03         1.7639067248286265e-06        -8.3261963281353729e-04         1.4450291785675059e-03         4.7600137580910319e-08
2                                     -1.5183969770465910e-05        -3.6832459575697384e-02        -1.0943747151196793e-07        -3.6186285171406646e-07         6.5808534663296756e-03        -1.5398368669384623e-08        -4.7622399630293202e-07        -1.2752604898622687e-03
3                                      3.8248184691778986e-04        -2.2143213191549995e-06        -6.0775329556619774e-02         3.0101959655996480e-02        -2.7850513383543881e-07         4.1911563315126027e-03         3.8859287642105250e-03         6.7571025504900613e-07
4                                     -1.0334911565992753e-02         1.4981472894654323e-06         2.8688873827216025e-02        -3.2263206855462800e-01         1.0186914356045037e-05        -2.6623384598026476e-02        -1.6381103855247922e-02        -4.8184524548547005e-07
5                                     -6.1347899475917717e-07         6.1633873443344006e-03        -2.0249810312476203e-06         1.0333800795503255e-05        -4.3402173119723490e-02        -6.2313309084654313e-07        -1.1880618298702353e-06         3.7140855794251682e-03
6                                     -1.8470662034257086e-03         3.7016146094750877e-07         4.1912522440818722e-03         3.8855947405279645e-03        -7.0482611636682507e-07        -6.0774292247432020e-02         3.0103645027543403e-02        -4.7952273321202866e-07
7                                      1.3207546158785204e-03         2.3461226183704490e-07        -2.6623570333354166e-02        -1.6379664462117693e-02        -8.2578310616748331e-07         2.8691585900574197e-02        -3.2263471607354799e-01        -5.6517295497418975e-06
8                                      2.8613610491331687e-08        -8.2729721358986985e-03         3.9707921171128401e-07         3.8914000418048881e-07         3.7138900712250025e-03         2.1798091058363250e-07        -5.3391709419756837e-06        -4.3401853995197318e-02
9                                      5.4469520500104954e-05         2.8206534961465528e-07         1.6155644639493380e-03         9.1464558961934853e-04         1.3776712053031296e-07        -1.0032376899509997e-03        -4.6937905104176003e-05         3.3690601818007118e-07
10                                     3.5709967052024457e-04         1.7717133366397230e-07        -8.3336829691815035e-04         1.4451120731964742e-03         4.2341546443526400e-09         3.1479495348610192e-02        -9.0594389441904805e-03        -6.2327784990131096e-07
11                                    -1.3120605612645811e-07         1.8466210901134551e-04         1.2352845872362142e-08        -1.5524548697744578e-08        -1.2753111623304736e-03         6.4478128550043430e-07         1.6303026380542664e-07         6.5812708083330604e-03
12                                     4.5400999444597939e-03         2.4501157753010387e-07         9.8770935669499627e-04         7.5186970155186744e-05        -4.7806062708076769e-07         1.0443625435649698e-04        -1.0889971062387743e-04         1.3479555953727361e-08
13                                    -1.1023870080886986e-02         1.5794768780651729e-06        -2.9190837037756760e-04         1.0230853914048130e-03        -5.0592280211811051e-07         3.8236097248400683e-04         3.5954181830026837e-04         2.7873316324429854e-08
14                                    -9.9359965056894981e-07         2.8934173655158846e-03         1.8229994281591668e-07        -1.0966640674927443e-06        -7.4031504027578746e-03         2.9917653427056359e-08        -1.9209586350634905e-08        -2.2982243765370854e-04
