
$orca_hessian_file

$act_atom
  0

$act_coord
  0

$act_energy
        0.000000

$multiplicity
  1

$hessian
39
                    0                  1                  2                  3                  4        
    0      7.3567348742E-01  -5.2473150940E-04  -3.0567473183E-05  -1.7790680121E-01  -1.1740038007E-01
    1     -5.2473150940E-04   6.4728582307E-01  -6.7334253253E-05  -5.8390552252E-02  -2.7491447621E-01
    2     -3.0567473183E-05  -6.7334253253E-05   1.2091293589E-01   1.7105008401E-05   3.7873993074E-05
    3     -1.7790680121E-01  -5.8390552252E-02   1.7105008401E-05   6.7136733157E-01  -3.1534706137E-02
    4     -1.1740038007E-01  -2.7491447621E-01   3.7873993074E-05  -3.1534706137E-02   7.1275235124E-01
    5      2.4367749386E-05   3.2644056186E-05  -5.7827650946E-02  -2.6691339302E-05  -6.3438450655E-05
    6     -3.1168581138E-02  -7.1426513018E-02   6.3045992936E-06  -3.3299478903E-01   2.9777430054E-02
    7     -2.7992489203E-02   3.0817476390E-02  -9.8401887563E-07  -3.0881966665E-02  -1.2510400294E-01
    8      6.2574637339E-06   9.5760608906E-07   7.4618429814E-03   1.1368000438E-05   5.4771643838E-06
    9      4.8457681176E-03  -4.9600828785E-04   7.2576292107E-07  -3.1193124244E-02   2.9583288910E-02
   10     -1.5981320921E-05  -6.7410792191E-02   1.1611683041E-05   7.6787872198E-02   3.1195983576E-02
   11     -1.5683823824E-06   5.2760542654E-06  -6.8788070787E-03  -6.9696229148E-06  -3.1862086578E-06
   12     -2.9752480176E-02   7.2300201596E-02  -7.0938646878E-06  -4.5184315288E-02  -2.7247914744E-02
   13      2.8540775156E-02   2.9273036436E-02  -5.7088886005E-06  -2.4840132313E-02  -1.5149173258E-02
   14     -1.4464769150E-06  -4.6912103134E-06   6.8816123689E-03   4.0291791479E-06   1.8286699764E-06
   15     -1.7593073229E-01   5.7246088472E-02  -4.4928502882E-06   5.9378308467E-02   2.1013678607E-02
   16      1.1657782837E-01  -2.7671122787E-01   2.4108930564E-05  -2.2385176387E-02  -6.0245468672E-02
   17     -9.9583180191E-06   2.2803824239E-05  -5.7301417492E-02   2.5934994322E-08   8.9537531284E-06
   18     -4.1085583447E-03   2.3181943367E-04   1.2491566635E-06   4.8832844487E-03   1.4439320795E-03
   19     -1.6456443992E-04   2.8698771306E-03  -7.7890870358E-07  -1.8802275330E-03  -6.1424797905E-03
   20      3.7109899515E-07  -1.6455829367E-07  -9.6961452495E-04  -3.0399171689E-07   1.4343330823E-06
   21     -3.3371090691E-01   1.4898165103E-03   1.5080682466E-05  -1.2235639151E-02   2.6737187547E-03
   22      1.4800274378E-03  -5.8221424884E-02   3.5346104506E-06  -2.8260261839E-02   4.7020957355E-03
   23      1.2123963739E-05   3.2493536267E-06  -3.1448179143E-02   5.6855025066E-06  -5.0707453974E-07
   24      1.1723652701E-02  -1.4607247281E-02   2.5228400371E-06  -1.2327390053E-01   1.1637027680E-01
   25      1.6205323810E-02  -1.8676337908E-02  -1.5930913090E-06   1.1658181022E-01  -2.6711302338E-01
   26     -2.9616181985E-06   4.6718077571E-06   2.2468124029E-03  -2.7592784190E-06   1.0069218313E-05
   27     -5.7771433323E-03   1.6031618044E-03   5.5805602226E-09  -1.1309710648E-02  -2.9238592111E-02
   28      4.6309756169E-04   2.0552926400E-03  -2.7445867810E-07   1.5486722020E-03   3.2978521927E-03
   29      9.7627929949E-07   5.3686261047E-07   7.3467870142E-03  -7.4881592060E-07   3.5520368544E-07
   30     -5.7215086865E-03  -1.6021636063E-03   1.9220819919E-06  -7.9666964929E-04  -7.8671901778E-04
   31     -3.6552554895E-04   2.1590528293E-03  -1.4882254894E-06  -9.4732610802E-04   2.6391727521E-04
   32      6.0147142943E-07   3.8783104238E-07   7.4243267150E-03  -1.3655484724E-07  -4.7233593035E-08
   33      1.1742709054E-02   1.4308875602E-02  -2.6940927678E-06  -7.3614280799E-04   3.4068658925E-03
   34     -1.6604773776E-02  -1.8723236828E-02   1.8558603752E-06   4.4269658457E-03  -3.4486227846E-03
   35      1.6803207995E-06   1.6495721630E-06   2.1202716654E-03  -7.9057236963E-07   1.2844401518E-06
   36      9.1094793728E-05  -1.1647906590E-04   1.4311756429E-07   2.1680676948E-06   1.9569997310E-03
   37     -2.1487486867E-04   1.9693738736E-04  -4.2433958723E-07  -2.4284997654E-04  -9.4952991862E-05
   38     -8.6627655486E-08  -3.8583912813E-07   3.1080150725E-05   3.4396032118E-07   2.5467268750E-07
                    5                  6                  7                  8                  9        
    0      2.4367749386E-05  -3.1168581138E-02  -2.7992489203E-02   6.2574637339E-06   4.8457681176E-03
    1      3.2644056186E-05  -7.1426513018E-02   3.0817476390E-02   9.5760608906E-07  -4.9600828785E-04
    2     -5.7827650946E-02   6.3045992936E-06  -9.8401887563E-07   7.4618429814E-03   7.2576292107E-07
    3     -2.6691339302E-05  -3.3299478903E-01  -3.0881966665E-02   1.1368000438E-05  -3.1193124244E-02
    4     -6.3438450655E-05   2.9777430054E-02  -1.2510400294E-01   5.4771643838E-06   2.9583288910E-02
    5      1.2822984033E-01   1.0127088361E-05   6.7634454175E-06  -5.5743474268E-02  -3.5242802020E-06
    6      1.0127088361E-05   6.7881518466E-01   4.1574162006E-02  -2.3956525715E-05  -1.5274696466E-01
    7      6.7634454175E-06   4.1574162006E-02   6.9503865558E-01  -6.8638095022E-05   9.9227284288E-02
    8     -5.5743474268E-02  -2.3956525715E-05  -6.8638095022E-05   1.2388905118E-01  -1.1384373882E-05
    9     -3.5242802020E-06  -1.5274696466E-01   9.9227284288E-02  -1.1384373882E-05   4.9401976191E-01
   10     -7.8678281711E-06   5.0713872991E-02  -2.6881675696E-01   2.8799032647E-05   3.9443999687E-03
   11      6.8364638123E-03  -2.7014405783E-06   2.4343753251E-05  -6.3693585471E-02  -1.3793812472E-05
   12      6.6792250549E-06   5.4881572759E-02  -1.8353346030E-02  -3.7141016172E-07  -1.5088459493E-01
   13      4.8584476436E-06   1.7653301290E-02  -5.2629466209E-02   4.1736209354E-06  -1.0378593714E-01
   14     -7.8443409787E-03  -4.6837043721E-06   9.1199535632E-06   9.9266836450E-03   1.6181419873E-05
   15     -3.3724292927E-06  -4.4504102462E-02   2.5288090395E-02  -4.1701490198E-06  -3.2930912228E-02
   16      6.3749104257E-06   2.7577951443E-02  -1.5964705058E-02   2.1957688453E-06  -2.8298844550E-02
   17      6.9685821608E-03   1.5089901577E-06  -1.2142598282E-06  -7.4313625806E-03   3.2107048776E-06
   18     -2.3868358948E-06  -2.7746378959E-02   8.6199448975E-03   2.9324117969E-06  -1.3398962784E-01
   19      1.2264999816E-06   2.9707509221E-02   4.2632623206E-03  -1.9019881887E-06  -2.0665536094E-03
   20      2.7325072854E-03  -2.3929373616E-06  -6.2508761151E-07   3.7354922924E-03   7.4570431812E-06
   21     -2.4225409948E-06   7.7837526592E-04  -3.4497069697E-03   2.2634235919E-06   6.9758146341E-04
   22      9.4019237725E-07  -2.4404165201E-03  -4.5314049047E-03   1.6474647344E-06   2.4702168719E-05
   23      9.8339896696E-04   4.5065337966E-08   2.0300981793E-06   7.0237121382E-03   9.1743005634E-08
   24     -5.5344894355E-06  -1.1380247982E-02   2.8757823047E-02  -1.3467750071E-06  -5.4518851986E-03
   25      1.4929321968E-05  -1.7968564536E-03   2.6233598293E-03  -1.2027833134E-06  -5.1676857634E-04
   26     -3.4835490430E-02   1.6101751882E-07  -7.8763294992E-07   2.0403049534E-03   9.4780522256E-08
   27      3.6340669777E-06  -1.2513288669E-01  -1.1774227322E-01   1.5186246674E-05   1.0832605393E-02
   28     -1.3483599997E-07  -1.1755782850E-01  -2.6377128654E-01   2.9173065351E-05  -1.5750724274E-02
   29      1.9855112629E-03   1.4685433610E-05   2.8135977756E-05  -3.3267051964E-02   2.3305221610E-06
   30     -8.2577183085E-07  -8.6791766507E-04  -3.6103820815E-03   1.3551403555E-06   7.6080132931E-03
   31      1.3355911968E-06  -4.5048739056E-03  -3.1117721791E-03   1.9833627509E-07   1.5485656055E-02
   32     -4.2344626259E-04   1.1446685198E-06   1.2550376034E-06   5.5073978516E-03  -2.3812305899E-06
   33     -1.8766159184E-07  -8.0105899739E-04   9.1130396527E-04   1.8825063240E-07  -5.3207963579E-03
   34      1.4306509676E-06   9.3436363632E-04   3.5047978389E-04  -2.7201594454E-07   5.8862465961E-04
   35      7.3276674277E-03   5.9927992374E-07  -4.9408603372E-07  -7.5616776107E-04   5.9151002911E-07
   36     -2.0191553676E-08  -7.1322051017E-03  -2.4777919031E-03   6.8920990257E-07  -5.4858247129E-03
   37      5.8551762491E-07  -8.2754775056E-05   8.3616088941E-04   3.0053652912E-08   2.1234125968E-03
   38      1.6104316441E-03   1.4755196491E-07   4.5768410422E-07   1.3071570056E-03   1.5849327364E-07
                   10                 11                 12                 13                 14        
    0     -1.5981320921E-05  -1.5683823824E-06  -2.9752480176E-02   2.8540775156E-02  -1.4464769150E-06
    1     -6.7410792191E-02   5.2760542654E-06   7.2300201596E-02   2.9273036436E-02  -4.6912103134E-06
    2      1.1611683041E-05  -6.8788070787E-03  -7.0938646878E-06  -5.7088886005E-06   6.8816123689E-03
    3      7.6787872198E-02  -6.9696229148E-06  -4.5184315288E-02  -2.4840132313E-02   4.0291791479E-06
    4      3.1195983576E-02  -3.1862086578E-06  -2.7247914744E-02  -1.5149173258E-02   1.8286699764E-06
    5     -7.8678281711E-06   6.8364638123E-03   6.6792250549E-06   4.8584476436E-06  -7.8443409787E-03
    6      5.0713872991E-02  -2.7014405783E-06   5.4881572759E-02   1.7653301290E-02  -4.6837043721E-06
    7     -2.6881675696E-01   2.4343753251E-05  -1.8353346030E-02  -5.2629466209E-02   9.1199535632E-06
    8      2.8799032647E-05  -6.3693585471E-02  -3.7141016172E-07   4.1736209354E-06   9.9266836450E-03
    9      3.9443999687E-03  -1.3793812472E-05  -1.5088459493E-01  -1.0378593714E-01   1.6181419873E-05
   10      6.3596567377E-01  -6.7233980489E-05  -5.2266376883E-02  -2.6578613616E-01   2.5550811535E-05
   11     -6.7233980489E-05   1.2576270854E-01   1.0527641280E-05   2.8982141904E-05  -6.1142704488E-02
   12     -5.2266376883E-02   1.0527641280E-05   6.7093558387E-01  -4.2870876234E-02  -2.0870242708E-05
   13     -2.6578613616E-01   2.8982141904E-05  -4.2870876234E-02   6.9770837571E-01  -6.7612042605E-05
   14      2.5550811535E-05  -6.1142704488E-02  -2.0870242708E-05  -6.7612042605E-05   1.1980543913E-01
   15     -7.7130767441E-02   1.2890026677E-05  -3.3062050632E-01   3.3973039413E-02   9.1316272381E-06
   16      3.1405350987E-02  -1.8202057433E-06  -2.7337245533E-02  -1.2485409286E-01   9.7593031861E-06
   17     -1.9189252519E-06   6.4401342874E-03   1.8207621358E-05   7.7478782050E-06  -5.4490599720E-02
   18     -3.0758753169E-02   9.1647937065E-06  -3.7624520338E-02  -4.2912938255E-03   3.3061819267E-06
   19     -5.9308243161E-02   6.6544970044E-06  -2.5042823798E-02   1.1212288235E-03   1.9845748137E-06
   20      8.1434588248E-06  -2.2650549614E-02   4.9776171950E-06   7.8736493360E-07   4.2718871443E-03
   21     -3.8825703252E-05  -1.1420220455E-06   9.0961034649E-04   3.3469415639E-03   4.3905286418E-07
   22     -1.5754857148E-03   1.7090215695E-07   2.2589837113E-03  -4.5971488938E-03   1.3856754580E-06
   23      1.7836991061E-07  -9.2806432059E-04   2.4270566436E-07   1.1415676790E-06   7.2636531739E-03
   24     -8.4880872689E-04  -6.4833141559E-08  -8.3455541528E-04  -9.0895564877E-04   4.6339843897E-07
   25      1.9908080135E-03   1.7649417841E-06  -9.4063244319E-04   3.8068007977E-04  -6.4041541044E-07
   26      3.9026059017E-07   7.6881751792E-03   3.3681600388E-07  -1.7284124918E-07  -6.0251453514E-04
   27      1.4540966423E-02  -2.3856585124E-06  -1.2778143886E-03   3.2873028160E-03  -4.0826420201E-07
   28     -1.9042497996E-02   2.5263112170E-06   4.2781769943E-03  -3.0178448287E-03   7.1768011161E-07
   29      2.5552236684E-06   2.0221142892E-03  -1.1436158846E-06   8.2530938923E-07   5.7675416804E-03
   30     -1.4066567987E-02   9.1251771909E-07  -1.2060697694E-01   1.1719283889E-01  -1.0083486842E-05
   31     -1.9726606102E-02   2.8011039672E-06   1.1602450185E-01  -2.6599384403E-01   2.2482411839E-05
   32      1.9015420126E-06   1.6054197677E-03  -1.1015517083E-05   2.4494234601E-05  -3.1551929333E-02
   33      8.0690885487E-04   4.0183710629E-07  -1.1586222832E-02  -2.8685089717E-02   3.7908558016E-06
   34      2.0373356846E-03   7.8771743844E-07   1.9879715992E-03   2.7992304326E-03  -6.2235399792E-07
   35      3.8477872566E-07   7.6044501914E-03  -5.3085704768E-07   1.4299559221E-06   1.7542238128E-03
   36      2.8269528584E-02  -5.0293271397E-06   1.6452196551E-03   1.5757895855E-03  -3.0250580655E-07
   37     -9.2863374293E-04  -6.6554627807E-07  -2.9783239274E-03   7.4515475624E-04  -5.9351504982E-08
   38     -2.8959088624E-06  -2.6657550957E-03   5.0684657135E-07  -1.5045540979E-07  -3.8951897591E-05
                   15                 16                 17                 18                 19        
    0     -1.7593073229E-01   1.1657782837E-01  -9.9583180191E-06  -4.1085583447E-03  -1.6456443992E-04
    1      5.7246088472E-02  -2.7671122787E-01   2.2803824239E-05   2.3181943367E-04   2.8698771306E-03
    2     -4.4928502882E-06   2.4108930564E-05  -5.7301417492E-02   1.2491566635E-06  -7.7890870358E-07
    3      5.9378308467E-02  -2.2385176387E-02   2.5934994322E-08   4.8832844487E-03  -1.8802275330E-03
    4      2.1013678607E-02  -6.0245468672E-02   8.9537531284E-06   1.4439320795E-03  -6.1424797905E-03
    5     -3.3724292927E-06   6.3749104257E-06   6.9685821608E-03  -2.3868358948E-06   1.2264999816E-06
    6     -4.4504102462E-02   2.7577951443E-02   1.5089901577E-06  -2.7746378959E-02   2.9707509221E-02
    7      2.5288090395E-02  -1.5964705058E-02  -1.2142598282E-06   8.6199448975E-03   4.2632623206E-03
    8     -4.1701490198E-06   2.1957688453E-06  -7.4313625806E-03   2.9324117969E-06  -1.9019881887E-06
    9     -3.2930912228E-02  -2.8298844550E-02   3.2107048776E-06  -1.3398962784E-01  -2.0665536094E-03
   10     -7.7130767441E-02   3.1405350987E-02  -1.9189252519E-06  -3.0758753169E-02  -5.9308243161E-02
   11      1.2890026677E-05  -1.8202057433E-06   6.4401342874E-03   9.1647937065E-06   6.6544970044E-06
   12     -3.3062050632E-01  -2.7337245533E-02   1.8207621358E-05  -3.7624520338E-02  -2.5042823798E-02
   13      3.3973039413E-02  -1.2485409286E-01   7.7478782050E-06  -4.2912938255E-03   1.1212288235E-03
   14      9.1316272381E-06   9.7593031861E-06  -5.4490599720E-02   3.3061819267E-06   1.9845748137E-06
   15      6.7002574403E-01   3.1269478454E-02  -2.6611823524E-05   5.2585139448E-03   2.2847476504E-03
   16      3.1269478454E-02   7.1105915611E-01  -7.2453867949E-05  -3.9656750410E-03  -4.6527534243E-03
   17     -2.6611823524E-05  -7.2453867949E-05   1.2647516709E-01  -6.0037050769E-07   1.4907597094E-06
   18      5.2585139448E-03  -3.9656750410E-03  -6.0037050769E-07   2.1831469014E-01  -7.1866975782E-03
   19      2.2847476504E-03  -4.6527534243E-03   1.4907597094E-06  -7.1866975782E-03   3.1924694335E-01
   20     -1.0390025122E-07   8.4770564591E-07   5.0689560176E-03  -9.8289781025E-06  -5.6082177356E-05
   21     -1.1976181744E-02  -2.4414836593E-03  -1.5174328483E-07   2.0452515498E-04  -1.7680149498E-05
   22      2.8522450672E-02   4.3107879338E-03  -1.5457551123E-06   9.5280397683E-05   1.8903924084E-04
   23     -3.3345951918E-06   1.6750114583E-07   8.6842558746E-04  -6.9693463988E-08  -1.1926245451E-07
   24     -8.2185740617E-04  -3.4580698714E-03   2.1127603110E-07  -2.0115584175E-04   1.2138359015E-03
   25     -4.4051316467E-03  -3.3519413229E-03   2.7316612108E-06  -9.2275167522E-05   5.3325993634E-06
   26      1.5616480133E-06   1.6910837018E-06   7.1823509865E-03   1.2747763379E-08   2.5677418749E-08
   27     -7.2730758354E-04   9.2678964413E-04  -4.3853749789E-08   8.8738115879E-04   6.9050416604E-04
   28      9.9588627215E-04   2.7123627555E-04   3.4172547091E-07   2.8024563454E-04  -4.7272330623E-04
   29     -3.3736443140E-07   1.1394873952E-07  -3.6612601576E-04   2.7556427629E-07  -2.6214416078E-07
   30     -1.1051484589E-02   2.9340533252E-02  -4.0590591171E-06   1.4148421999E-03  -1.8100860560E-03
   31     -1.2429719272E-03   2.6579077033E-03   1.6615598810E-06   1.0465023176E-03   7.9160898106E-04
   32      1.5955906891E-06  -1.8841699097E-06   1.4115728127E-03  -1.5087477272E-07  -5.2257301269E-07
   33     -1.2602509619E-01  -1.1805570532E-01   1.7725327408E-05  -1.0718640783E-03  -9.1815952283E-04
   34     -1.1815103152E-01  -2.6392488333E-01   3.1917704067E-05   1.3308186795E-04   1.4125513112E-05
   35      1.8029840009E-05   3.0406170471E-05  -3.4244015208E-02   1.0808987789E-07   1.1520003692E-07
   36     -7.4385625181E-05   2.1855111016E-04  -6.2416123075E-08  -2.6221131641E-02   5.1123307649E-03
   37      3.6751068697E-04   6.3352595763E-07  -5.8141831986E-08   3.4521753135E-02  -2.5792521828E-01
   38     -1.8789112841E-07   3.5004939758E-08  -5.8166792927E-04  -4.6777356185E-06   4.8175792598E-05
                   20                 21                 22                 23                 24        
    0      3.7109899515E-07  -3.3371090691E-01   1.4800274378E-03   1.2123963739E-05   1.1723652701E-02
    1     -1.6455829367E-07   1.4898165103E-03  -5.8221424884E-02   3.2493536267E-06  -1.4607247281E-02
    2     -9.6961452495E-04   1.5080682466E-05   3.5346104506E-06  -3.1448179143E-02   2.5228400371E-06
    3     -3.0399171689E-07  -1.2235639151E-02  -2.8260261839E-02   5.6855025066E-06  -1.2327390053E-01
    4      1.4343330823E-06   2.6737187547E-03   4.7020957355E-03  -5.0707453974E-07   1.1637027680E-01
    5      2.7325072854E-03  -2.4225409948E-06   9.4019237725E-07   9.8339896696E-04  -5.5344894355E-06
    6     -2.3929373616E-06   7.7837526592E-04  -2.4404165201E-03   4.5065337966E-08  -1.1380247982E-02
    7     -6.2508761151E-07  -3.4497069697E-03  -4.5314049047E-03   2.0300981793E-06   2.8757823047E-02
    8      3.7354922924E-03   2.2634235919E-06   1.6474647344E-06   7.0237121382E-03  -1.3467750071E-06
    9      7.4570431812E-06   6.9758146341E-04   2.4702168719E-05   9.1743005634E-08  -5.4518851986E-03
   10      8.1434588248E-06  -3.8825703252E-05  -1.5754857148E-03   1.7836991061E-07  -8.4880872689E-04
   11     -2.2650549614E-02  -1.1420220455E-06   1.7090215695E-07  -9.2806432059E-04  -6.4833141559E-08
   12      4.9776171950E-06   9.0961034649E-04   2.2589837113E-03   2.4270566436E-07  -8.3455541528E-04
   13      7.8736493360E-07   3.3469415639E-03  -4.5971488938E-03   1.1415676790E-06  -9.0895564877E-04
   14      4.2718871443E-03   4.3905286418E-07   1.3856754580E-06   7.2636531739E-03   4.6339843897E-07
   15     -1.0390025122E-07  -1.1976181744E-02   2.8522450672E-02  -3.3345951918E-06  -8.2185740617E-04
   16      8.4770564591E-07  -2.4414836593E-03   4.3107879338E-03   1.6750114583E-07  -3.4580698714E-03
   17      5.0689560176E-03  -1.5174328483E-07  -1.5457551123E-06   8.6842558746E-04   2.1127603110E-07
   18     -9.8289781025E-06   2.0452515498E-04   9.5280397683E-05  -6.9693463988E-08  -2.0115584175E-04
   19     -5.6082177356E-05  -1.7680149498E-05   1.8903924084E-04  -1.1926245451E-07   1.2138359015E-03
   20      1.3196299346E-02  -1.4359123338E-07  -1.1498772479E-07  -6.3630600702E-04  -2.7316517726E-07
   21     -1.4359123338E-07   3.5530697883E-01  -1.6106921642E-03  -1.4043082763E-05   7.5809780018E-04
   22     -1.1498772479E-07  -1.6106921642E-03   5.7706636936E-02  -4.8694089832E-06   4.7262968421E-04
   23     -6.3630600702E-04  -1.4043082763E-05  -4.8694089832E-06   2.3816758712E-02  -3.5507593682E-07
   24     -2.7316517726E-07   7.5809780018E-04   4.7262968421E-04  -3.5507593682E-07   1.2854111433E-01
   25      3.9065731298E-08  -1.6218483105E-04   9.7986386058E-04  -5.0878274014E-07  -1.2602462182E-01
   26      2.8449506995E-04  -2.1234529869E-07  -6.6780041229E-07  -3.7340929219E-03   4.4669375820E-06
   27     -6.3626265088E-08  -7.5614648505E-04  -1.4828808691E-03   2.8308417474E-07   1.0442642441E-03
   28     -1.8561720879E-07   1.6556214685E-04   2.1641481660E-05  -3.8696588286E-08  -1.9463665124E-04
   29     -1.3961676807E-03   3.3397914807E-07   1.3094656137E-07   3.4680288547E-04  -1.7760780268E-07
   30      7.1768069831E-08  -7.4429851614E-04   1.5079005370E-03  -4.8974126804E-08   6.4851641807E-05
   31     -4.3514281439E-07  -1.4814699122E-04  -1.6762547332E-05  -6.9166700597E-08   6.2954869375E-05
   32     -2.6871582984E-03   1.9924492064E-08   2.6668943481E-08   3.5353482713E-04  -2.1891200904E-07
   33      1.0838854525E-07   7.5915293524E-04  -4.6178268410E-04  -1.6285901642E-07   4.2157175965E-04
   34     -2.5645551093E-08   1.6140323154E-04   9.9416149331E-04  -6.2707786084E-07  -8.9041749000E-04
   35      3.0564797694E-04  -4.5670483469E-07  -5.7433425566E-07  -3.7803604755E-03   3.4212900710E-08
   36      7.8981647051E-07   8.8510101513E-06  -1.0305593508E-04   8.1154672589E-09  -5.8995010317E-04
   37      4.6375340655E-05   2.8393663704E-05   3.8000262799E-05  -7.2620029248E-08   5.8046490812E-05
   38     -1.2554890077E-03  -3.0931503284E-08  -1.8974838719E-08  -1.2928342334E-04   2.0805969886E-08
                   25                 26                 27                 28                 29        
    0      1.6205323810E-02  -2.9616181985E-06  -5.7771433323E-03   4.6309756169E-04   9.7627929949E-07
    1     -1.8676337908E-02   4.6718077571E-06   1.6031618044E-03   2.0552926400E-03   5.3686261047E-07
    2     -1.5930913090E-06   2.2468124029E-03   5.5805602226E-09  -2.7445867810E-07   7.3467870142E-03
    3      1.1658181022E-01  -2.7592784190E-06  -1.1309710648E-02   1.5486722020E-03  -7.4881592060E-07
    4     -2.6711302338E-01   1.0069218313E-05  -2.9238592111E-02   3.2978521927E-03   3.5520368544E-07
    5      1.4929321968E-05  -3.4835490430E-02   3.6340669777E-06  -1.3483599997E-07   1.9855112629E-03
    6     -1.7968564536E-03   1.6101751882E-07  -1.2513288669E-01  -1.1755782850E-01   1.4685433610E-05
    7      2.6233598293E-03  -7.8763294992E-07  -1.1774227322E-01  -2.6377128654E-01   2.8135977756E-05
    8     -1.2027833134E-06   2.0403049534E-03   1.5186246674E-05   2.9173065351E-05  -3.3267051964E-02
    9     -5.1676857634E-04   9.4780522256E-08   1.0832605393E-02  -1.5750724274E-02   2.3305221610E-06
   10      1.9908080135E-03   3.9026059017E-07   1.4540966423E-02  -1.9042497996E-02   2.5552236684E-06
   11      1.7649417841E-06   7.6881751792E-03  -2.3856585124E-06   2.5263112170E-06   2.0221142892E-03
   12     -9.4063244319E-04   3.3681600388E-07  -1.2778143886E-03   4.2781769943E-03  -1.1436158846E-06
   13      3.8068007977E-04  -1.7284124918E-07   3.2873028160E-03  -3.0178448287E-03   8.2530938923E-07
   14     -6.4041541044E-07  -6.0251453514E-04  -4.0826420201E-07   7.1768011161E-07   5.7675416804E-03
   15     -4.4051316467E-03   1.5616480133E-06  -7.2730758354E-04   9.9588627215E-04  -3.3736443140E-07
   16     -3.3519413229E-03   1.6910837018E-06   9.2678964413E-04   2.7123627555E-04   1.1394873952E-07
   17      2.7316612108E-06   7.1823509865E-03  -4.3853749789E-08   3.4172547091E-07  -3.6612601576E-04
   18     -9.2275167522E-05   1.2747763379E-08   8.8738115879E-04   2.8024563454E-04   2.7556427629E-07
   19      5.3325993634E-06   2.5677418749E-08   6.9050416604E-04  -4.7272330623E-04  -2.6214416078E-07
   20      3.9065731298E-08   2.8449506995E-04  -6.3626265088E-08  -1.8561720879E-07  -1.3961676807E-03
   21     -1.6218483105E-04  -2.1234529869E-07  -7.5614648505E-04   1.6556214685E-04   3.3397914807E-07
   22      9.7986386058E-04  -6.6780041229E-07  -1.4828808691E-03   2.1641481660E-05   1.3094656137E-07
   23     -5.0878274014E-07  -3.7340929219E-03   2.8308417474E-07  -3.8696588286E-08   3.4680288547E-04
   24     -1.2602462182E-01   4.4669375820E-06   1.0442642441E-03  -1.9463665124E-04  -1.7760780268E-07
   25      2.8348238569E-01  -1.5266293656E-05   2.4011635556E-04   8.0615210811E-04  -5.2350323678E-07
   26     -1.5266293656E-05   2.4982536361E-02  -1.3241126667E-07  -5.6396902459E-07  -4.0454071008E-03
   27      2.4011635556E-04  -1.3241126667E-07   1.3155104390E-01   1.2666560255E-01  -1.6306493334E-05
   28      8.0615210811E-04  -5.6396902459E-07   1.2666560255E-01   2.8061165883E-01  -3.2176380081E-05
   29     -5.2350323678E-07  -4.0454071008E-03  -1.6306493334E-05  -3.2176380081E-05   2.3399769526E-02
   30      8.9212137359E-05  -1.1185018888E-07   6.7067498384E-04  -7.3247069290E-04   1.7255687700E-07
   31      3.1886098789E-06  -1.1622786348E-07   8.7648035678E-04  -1.0905606443E-03   2.5576489860E-07
   32      1.0593603940E-07  -1.2540601450E-03  -2.0837165625E-08   4.5344708977E-07   4.3687603298E-04
   33      8.4981869693E-04  -1.7363464037E-07   8.6250684385E-05  -7.5691181718E-05   1.4588956483E-07
   34     -1.1440020792E-03   3.5465650514E-07  -8.6695755235E-05   1.0494374768E-05   9.0850164009E-08
   35      4.7121741524E-07   1.9324827907E-04   1.0490961497E-07   1.3817970743E-07  -1.2988023795E-03
   36     -3.0619590681E-05  -3.1421841455E-08  -9.1211244053E-05  -1.2181693451E-04  -1.1477368343E-07
   37      1.3533898136E-05   3.4660013901E-08  -2.4455728446E-04   3.2058541464E-04  -7.6999639180E-08
   38      3.0126371829E-08  -1.4635809879E-04   5.5702615322E-08   6.2488277691E-08  -9.3184755086E-04
                   30                 31                 32                 33                 34        
    0     -5.7215086865E-03  -3.6552554895E-04   6.0147142943E-07   1.1742709054E-02  -1.6604773776E-02
    1     -1.6021636063E-03   2.1590528293E-03   3.8783104238E-07   1.4308875602E-02  -1.8723236828E-02
    2      1.9220819919E-06  -1.4882254894E-06   7.4243267150E-03  -2.6940927678E-06   1.8558603752E-06
    3     -7.9666964929E-04  -9.4732610802E-04  -1.3655484724E-07  -7.3614280799E-04   4.4269658457E-03
    4     -7.8671901778E-04   2.6391727521E-04  -4.7233593035E-08   3.4068658925E-03  -3.4486227846E-03
    5     -8.2577183085E-07   1.3355911968E-06  -4.2344626259E-04  -1.8766159184E-07   1.4306509676E-06
    6     -8.6791766507E-04  -4.5048739056E-03   1.1446685198E-06  -8.0105899739E-04   9.3436363632E-04
    7     -3.6103820815E-03  -3.1117721791E-03   1.2550376034E-06   9.1130396527E-04   3.5047978389E-04
    8      1.3551403555E-06   1.9833627509E-07   5.5073978516E-03   1.8825063240E-07  -2.7201594454E-07
    9      7.6080132931E-03   1.5485656055E-02  -2.3812305899E-06  -5.3207963579E-03   5.8862465961E-04
   10     -1.4066567987E-02  -1.9726606102E-02   1.9015420126E-06   8.0690885487E-04   2.0373356846E-03
   11      9.1251771909E-07   2.8011039672E-06   1.6054197677E-03   4.0183710629E-07   7.8771743844E-07
   12     -1.2060697694E-01   1.1602450185E-01  -1.1015517083E-05  -1.1586222832E-02   1.9879715992E-03
   13      1.1719283889E-01  -2.6599384403E-01   2.4494234601E-05  -2.8685089717E-02   2.7992304326E-03
   14     -1.0083486842E-05   2.2482411839E-05  -3.1551929333E-02   3.7908558016E-06  -6.2235399792E-07
   15     -1.1051484589E-02  -1.2429719272E-03   1.5955906891E-06  -1.2602509619E-01  -1.1815103152E-01
   16      2.9340533252E-02   2.6579077033E-03  -1.8841699097E-06  -1.1805570532E-01  -2.6392488333E-01
   17     -4.0590591171E-06   1.6615598810E-06   1.4115728127E-03   1.7725327408E-05   3.1917704067E-05
   18      1.4148421999E-03   1.0465023176E-03  -1.5087477272E-07  -1.0718640783E-03   1.3308186795E-04
   19     -1.8100860560E-03   7.9160898106E-04  -5.2257301269E-07  -9.1815952283E-04   1.4125513112E-05
   20      7.1768069831E-08  -4.3514281439E-07  -2.6871582984E-03   1.0838854525E-07  -2.5645551093E-08
   21     -7.4429851614E-04  -1.4814699122E-04   1.9924492064E-08   7.5915293524E-04   1.6140323154E-04
   22      1.5079005370E-03  -1.6762547332E-05   2.6668943481E-08  -4.6178268410E-04   9.9416149331E-04
   23     -4.8974126804E-08  -6.9166700597E-08   3.5353482713E-04  -1.6285901642E-07  -6.2707786084E-07
   24      6.4851641807E-05   6.2954869375E-05  -2.1891200904E-07   4.2157175965E-04  -8.9041749000E-04
   25      8.9212137359E-05   3.1886098789E-06   1.0593603940E-07   8.4981869693E-04  -1.1440020792E-03
   26     -1.1185018888E-07  -1.1622786348E-07  -1.2540601450E-03  -1.7363464037E-07   3.5465650514E-07
   27      6.7067498384E-04   8.7648035678E-04  -2.0837165625E-08   8.6250684385E-05  -8.6695755235E-05
   28     -7.3247069290E-04  -1.0905606443E-03   4.5344708977E-07  -7.5691181718E-05   1.0494374768E-05
   29      1.7255687700E-07   2.5576489860E-07   4.3687603298E-04   1.4588956483E-07   9.0850164009E-08
   30      1.2946913324E-01  -1.2530181144E-01   1.0856997856E-05   9.8937602578E-04  -2.5052728798E-04
   31     -1.2530181144E-01   2.8297745412E-01  -2.6173921682E-05   1.9436674958E-04   7.9350009258E-04
   32      1.0856997856E-05  -2.6173921682E-05   2.2432257798E-02  -2.4747091690E-07  -3.7843688961E-07
   33      9.8937602578E-04   1.9436674958E-04  -2.4747091690E-07   1.3140909096E-01   1.2776230994E-01
   34     -2.5052728798E-04   7.9350009258E-04  -3.7843688961E-07   1.2776230994E-01   2.8024289190E-01
   35     -2.5016654185E-07  -3.5999156240E-07  -3.8531530537E-03  -1.9008640406E-05  -3.4519017001E-05
   36     -4.2803534029E-04  -1.1520357306E-03   1.0771097735E-07   1.3302983913E-04  -3.3801371719E-05
   37      2.4727958503E-06   2.9291589117E-04   1.7508363186E-07  -2.1494843831E-05  -1.4742554455E-06
   38     -6.6720802226E-08   1.1446217724E-07   5.9836128782E-04   1.6310589541E-08   3.2730093807E-08
                   35                 36                 37                 38        
     0      1.6803207995E-06   9.1094793728E-05  -2.1487486867E-04  -8.6627655486E-08
     1      1.6495721630E-06  -1.1647906590E-04   1.9693738736E-04  -3.8583912813E-07
     2      2.1202716654E-03   1.4311756429E-07  -4.2433958723E-07   3.1080150725E-05
     3     -7.9057236963E-07   2.1680676948E-06  -2.4284997654E-04   3.4396032118E-07
     4      1.2844401518E-06   1.9569997310E-03  -9.4952991862E-05   2.5467268750E-07
     5      7.3276674277E-03  -2.0191553676E-08   5.8551762491E-07   1.6104316441E-03
     6      5.9927992374E-07  -7.1322051017E-03  -8.2754775056E-05   1.4755196491E-07
     7     -4.9408603372E-07  -2.4777919031E-03   8.3616088941E-04   4.5768410422E-07
     8     -7.5616776107E-04   6.8920990257E-07   3.0053652912E-08   1.3071570056E-03
     9      5.9151002911E-07  -5.4858247129E-03   2.1234125968E-03   1.5849327364E-07
    10      3.8477872566E-07   2.8269528584E-02  -9.2863374293E-04  -2.8959088624E-06
    11      7.6044501914E-03  -5.0293271397E-06  -6.6554627807E-07  -2.6657550957E-03
    12     -5.3085704768E-07   1.6452196551E-03  -2.9783239274E-03   5.0684657135E-07
    13      1.4299559221E-06   1.5757895855E-03   7.4515475624E-04  -1.5045540979E-07
    14      1.7542238128E-03  -3.0250580655E-07  -5.9351504982E-08  -3.8951897591E-05
    15      1.8029840009E-05  -7.4385625181E-05   3.6751068697E-04  -1.8789112841E-07
    16      3.0406170471E-05   2.1855111016E-04   6.3352595763E-07   3.5004939758E-08
    17     -3.4244015208E-02  -6.2416123075E-08  -5.8141831986E-08  -5.8166792927E-04
    18      1.0808987789E-07  -2.6221131641E-02   3.4521753135E-02  -4.6777356185E-06
    19      1.1520003692E-07   5.1123307649E-03  -2.5792521828E-01   4.8175792598E-05
    20      3.0564797694E-04   7.8981647051E-07   4.6375340655E-05  -1.2554890077E-03
    21     -4.5670483469E-07   8.8510101513E-06   2.8393663704E-05  -3.0931503284E-08
    22     -5.7433425566E-07  -1.0305593508E-04   3.8000262799E-05  -1.8974838719E-08
    23     -3.7803604755E-03   8.1154672589E-09  -7.2620029248E-08  -1.2928342334E-04
    24      3.4212900710E-08  -5.8995010317E-04   5.8046490812E-05   2.0805969886E-08
    25      4.7121741524E-07  -3.0619590681E-05   1.3533898136E-05   3.0126371829E-08
    26      1.9324827907E-04  -3.1421841455E-08   3.4660013901E-08  -1.4635809879E-04
    27      1.0490961497E-07  -9.1211244053E-05  -2.4455728446E-04   5.5702615322E-08
    28      1.3817970743E-07  -1.2181693451E-04   3.2058541464E-04   6.2488277691E-08
    29     -1.2988023795E-03  -1.1477368343E-07  -7.6999639180E-08  -9.3184755086E-04
    30     -2.5016654185E-07  -4.2803534029E-04   2.4727958503E-06  -6.6720802226E-08
    31     -3.5999156240E-07  -1.1520357306E-03   2.9291589117E-04   1.1446217724E-07
    32     -3.8531530537E-03   1.0771097735E-07   1.7508363186E-07   5.9836128782E-04
    33     -1.9008640406E-05   1.3302983913E-04  -2.1494843831E-05   1.6310589541E-08
    34     -3.4519017001E-05  -3.3801371719E-05  -1.4742554455E-06   3.2730093807E-08
    35      2.4733752726E-02  -1.3722262848E-08   4.2291893280E-08  -1.0676320193E-04
    36     -1.3722262848E-08   3.8142380403E-02  -3.3207166469E-02   3.8183117154E-06
    37      4.2291893280E-08  -3.3207166469E-02   2.5650635724E-01  -4.5798865806E-05
    38     -1.0676320193E-04   3.8183117154E-06  -4.5798865806E-05   2.3090861169E-03

$vibrational_frequencies
39
    0        0.0000000000000000
    1        0.0000000000000000
    2        0.0000000000000000
    3        0.0000000000000000
    4        0.0000000000000000
    5        0.0000000000000000
    6      185.6314204500988012
    7      239.5821720082482216
    8      286.8545696551383344
    9      406.5432712770306125
   10      407.1690324941058634
   11      478.7276459939018309
   12      632.2030690733491838
   13      700.8111319594080442
   14      702.6083917150764364
   15      742.2175164729751486
   16      831.1360901511816337
   17      887.6414926694282030
   18      942.1267017444018848
   19      943.6531180854302647
   20      968.9948230268144016
   21     1017.3583569440721703
   22     1044.3794206463019236
   23     1099.1305986554948504
   24     1105.2941152882929146
   25     1181.1848928009519568
   26     1205.8711852580054256
   27     1326.0981065117257458
   28     1351.0980625209394930
   29     1470.4224472268647332
   30     1502.6783554181229192
   31     1605.8428646930824470
   32     1614.3263150683437743
   33     2658.2695291747791089
   34     3154.1656318531158831
   35     3157.5188495035440610
   36     3167.5379340092222265
   37     3172.6343500591037809
   38     3184.1586424148676997

$normal_modes
39 39
                    0                  1                  2                  3                  4        
    0      0.0000000000E+00   0.0000000000E+00   0.0000000000E+00   0.0000000000E+00   0.0000000000E+00
    1      0.0000000000E+00   0.0000000000E+00   0.0000000000E+00   0.0000000000E+00   0.0000000000E+00
    2      0.0000000000E+00   0.0000000000E+00   0.0000000000E+00   0.0000000000E+00   0.0000000000E+00
    3      0.0000000000E+00   0.0000000000E+00   0.0000000000E+00   0.0000000000E+00   0.0000000000E+00
    4      0.0000000000E+00   0.0000000000E+00   0.0000000000E+00   0.0000000000E+00   0.0000000000E+00
    5      0.0000000000E+00   0.0000000000E+00   0.0000000000E+00   0.0000000000E+00   0.0000000000E+00
    6      0.0000000000E+00   0.0000000000E+00   0.0000000000E+00   0.0000000000E+00   0.0000000000E+00
    7      0.0000000000E+00   0.0000000000E+00   0.0000000000E+00   0.0000000000E+00   0.0000000000E+00
    8      0.0000000000E+00   0.0000000000E+00   0.0000000000E+00   0.0000000000E+00   0.0000000000E+00
    9      0.0000000000E+00   0.0000000000E+00   0.0000000000E+00   0.0000000000E+00   0.0000000000E+00
   10      0.0000000000E+00   0.0000000000E+00   0.0000000000E+00   0.0000000000E+00   0.0000000000E+00
   11      0.0000000000E+00   0.0000000000E+00   0.0000000000E+00   0.0000000000E+00   0.0000000000E+00
   12      0.0000000000E+00   0.0000000000E+00   0.0000000000E+00   0.0000000000E+00   0.0000000000E+00
   13      0.0000000000E+00   0.0000000000E+00   0.0000000000E+00   0.0000000000E+00   0.0000000000E+00
   14      0.0000000000E+00   0.0000000000E+00   0.0000000000E+00   0.0000000000E+00   0.0000000000E+00
   15      0.0000000000E+00   0.0000000000E+00   0.0000000000E+00   0.0000000000E+00   0.0000000000E+00
   16      0.0000000000E+00   0.0000000000E+00   0.0000000000E+00   0.0000000000E+00   0.0000000000E+00
   17      0.0000000000E+00   0.0000000000E+00   0.0000000000E+00   0.0000000000E+00   0.0000000000E+00
   18      0.0000000000E+00   0.0000000000E+00   0.0000000000E+00   0.0000000000E+00   0.0000000000E+00
   19      0.0000000000E+00   0.0000000000E+00   0.0000000000E+00   0.0000000000E+00   0.0000000000E+00
   20      0.0000000000E+00   0.0000000000E+00   0.0000000000E+00   0.0000000000E+00   0.0000000000E+00
   21      0.0000000000E+00   0.0000000000E+00   0.0000000000E+00   0.0000000000E+00   0.0000000000E+00
   22      0.0000000000E+00   0.0000000000E+00   0.0000000000E+00   0.0000000000E+00   0.0000000000E+00
   23      0.0000000000E+00   0.0000000000E+00   0.0000000000E+00   0.0000000000E+00   0.0000000000E+00
   24      0.0000000000E+00   0.0000000000E+00   0.0000000000E+00   0.0000000000E+00   0.0000000000E+00
   25      0.0000000000E+00   0.0000000000E+00   0.0000000000E+00   0.0000000000E+00   0.0000000000E+00
   26      0.0000000000E+00   0.0000000000E+00   0.0000000000E+00   0.0000000000E+00   0.0000000000E+00
   27      0.0000000000E+00   0.0000000000E+00   0.0000000000E+00   0.0000000000E+00   0.0000000000E+00
   28      0.0000000000E+00   0.0000000000E+00   0.0000000000E+00   0.0000000000E+00   0.0000000000E+00
   29      0.0000000000E+00   0.0000000000E+00   0.0000000000E+00   0.0000000000E+00   0.0000000000E+00
   30      0.0000000000E+00   0.0000000000E+00   0.0000000000E+00   0.0000000000E+00   0.0000000000E+00
   31      0.0000000000E+00   0.0000000000E+00   0.0000000000E+00   0.0000000000E+00   0.0000000000E+00
   32      0.0000000000E+00   0.0000000000E+00   0.0000000000E+00   0.0000000000E+00   0.0000000000E+00
   33      0.0000000000E+00   0.0000000000E+00   0.0000000000E+00   0.0000000000E+00   0.0000000000E+00
   34      0.0000000000E+00   0.0000000000E+00   0.0000000000E+00   0.0000000000E+00   0.0000000000E+00
   35      0.0000000000E+00   0.0000000000E+00   0.0000000000E+00   0.0000000000E+00   0.0000000000E+00
   36      0.0000000000E+00   0.0000000000E+00   0.0000000000E+00   0.0000000000E+00   0.0000000000E+00
   37      0.0000000000E+00   0.0000000000E+00   0.0000000000E+00   0.0000000000E+00   0.0000000000E+00
   38      0.0000000000E+00   0.0000000000E+00   0.0000000000E+00   0.0000000000E+00   0.0000000000E+00
                    5                  6                  7                  8                  9        
    0      0.0000000000E+00   1.1374495943E-05   2.8070772972E-06  -1.8476473002E-02   7.8938974757E-04
    1      0.0000000000E+00   3.3250873371E-05   4.2118231132E-06  -1.0025892292E-01  -3.2672454011E-05
    2      0.0000000000E+00   2.7683046284E-01   2.9082176520E-02   6.2066233140E-06  -1.8992197374E-03
    3      0.0000000000E+00  -8.4413944285E-06   8.2394384310E-09  -1.5757427072E-01   4.6908394213E-04
    4      0.0000000000E+00   1.7549607468E-06   1.8957161131E-07  -1.7345743756E-02   1.4133169110E-04
    5      0.0000000000E+00   2.7231033638E-02  -4.3635671918E-05   1.7862080833E-05  -2.1414246496E-01
    6      0.0000000000E+00  -1.5186471739E-05   1.1925959918E-06  -1.3131669906E-01   3.6419770458E-04
    7      0.0000000000E+00  -3.2637504627E-05   6.4173491164E-07   1.9322578144E-01   2.9963947259E-04
    8      0.0000000000E+00  -2.7598710382E-01   3.8997820423E-03  -1.6658327207E-05   2.0668837183E-01
    9      0.0000000000E+00  -1.2193254643E-05  -1.3826446283E-06   3.4427223278E-03  -1.2145809643E-04
   10      0.0000000000E+00  -2.9219088740E-05   5.6464249586E-08   2.5535114163E-01   7.3398428794E-05
   11      0.0000000000E+00  -2.5411512347E-01  -6.6731586812E-03  -3.0283020595E-05   9.1370183605E-04
   12      0.0000000000E+00  -1.3248254642E-05  -2.3960127384E-06   1.1161663785E-01   4.1476743614E-04
   13      0.0000000000E+00  -2.7975904814E-05  -6.2821040161E-06   2.0166676044E-01  -1.5439093897E-04
   14      0.0000000000E+00  -2.4954542983E-01  -5.4219164378E-02  -2.2786062598E-05  -2.0627259213E-01
   15      0.0000000000E+00   2.9743670787E-06   1.0537113143E-06   1.3224522133E-01   5.7674947709E-04
