
$orca_hessian_file

$act_atom
  0

$act_coord
  0

$act_energy
        0.000000

$multiplicity
  1

$hessian
39
                    0                  1                  2                  3                  4        
    0      7.3844643747E-01   7.5851239784E-04  -1.3540309639E-06  -1.7677746549E-01  -1.1814145195E-01
    1      7.5851239784E-04   6.5215885688E-01   4.4956320566E-06  -5.8880529383E-02  -2.7932360560E-01
    2     -1.3540309639E-06   4.4956320566E-06   1.2033286507E-01  -5.1435208535E-07  -1.9716426526E-06
    3     -1.7677746549E-01  -5.8880529383E-02  -5.1435208535E-07   6.7447363066E-01  -2.9823405638E-02
    4     -1.1814145195E-01  -2.7932360560E-01  -1.9716426526E-06  -2.9823405638E-02   7.1402163704E-01
    5     -9.8232240643E-07  -2.1151828569E-06  -5.7150924410E-02  -1.1328568867E-06   4.6674984992E-06
    6     -2.9907747912E-02  -7.2628374248E-02  -2.7838539149E-07  -3.3396079833E-01   2.7486816169E-02
    7     -2.8702139688E-02   2.9197715222E-02   2.5379390686E-07  -3.3870279666E-02  -1.2452349509E-01
    8     -8.4789972730E-08   2.1348362149E-07   6.9836281055E-03   7.8561703593E-07  -2.1163806569E-07
    9      5.0170555261E-03   5.0157283258E-04  -6.2089610575E-09  -3.2848292752E-02   2.8319630405E-02
   10      1.4362170895E-05  -6.7452972305E-02  -6.4346903226E-07   7.7103972352E-02   3.1384137345E-02
   11     -6.8312001017E-08  -2.3518695352E-07  -6.9738660757E-03   4.5366298293E-07  -1.2629970841E-07
   12     -3.1348750679E-02   7.1623481661E-02   4.3937327609E-07  -4.4667980062E-02  -2.7611393429E-02
   13      2.8063035493E-02   3.0880400407E-02   1.1700435047E-07  -2.5285281882E-02  -1.6021730095E-02
   14      9.6829694007E-08   2.8660460871E-07   7.5171565822E-03  -2.3713816423E-07  -2.6313947096E-07
   15     -1.7887716565E-01   5.9976758703E-02   1.0524477491E-06   5.9500332715E-02   2.2448658163E-02
   16      1.1896556921E-01  -2.7692102562E-01  -2.1392779298E-06  -2.0964185471E-02  -6.0484704407E-02
   17      1.2626342239E-06  -1.9176925974E-06  -5.7653104883E-02  -6.4261071468E-08  -3.9525099647E-07
   18     -4.1487649178E-03  -1.4086812781E-04  -7.0314776050E-08   5.2215356725E-03   3.8375608829E-03
   19      1.8737591007E-04   2.8802350250E-03   4.7323235366E-08  -2.3376770130E-03  -4.6639423467E-03
   20      1.5244922925E-07  -2.3778940755E-07  -9.6288075988E-04   2.0242723044E-07   1.2458512991E-07
   21     -3.3449742703E-01  -1.6457642006E-03   8.4628555897E-07  -1.2000076598E-02   2.4428072170E-03
   22     -1.6256272334E-03  -5.8218276394E-02  -2.3887321800E-07  -2.8584593867E-02   4.3262385594E-03
   23      1.0282137099E-06  -2.0645040709E-07  -3.1423836429E-02  -3.6587061846E-07  -5.9101666483E-08
   24      1.1769386813E-02  -1.4339046944E-02  -2.1115011621E-07  -1.2615646614E-01   1.1826449713E-01
   25      1.6651575925E-02  -1.8819482293E-02  -6.8736391383E-08   1.1833961691E-01  -2.6419755527E-01
   26      1.3695249760E-07  -2.4430788758E-07   2.1588709473E-03   9.4604257588E-07  -1.6151183052E-06
   27     -5.7476171327E-03   1.5835961589E-03   6.8671085775E-08  -1.1168705292E-02  -2.9503396333E-02
   28      3.4708118210E-04   2.1744337996E-03   4.9489472481E-08   1.2179574270E-03   2.5872709167E-03
   29      3.5127502713E-08   7.0167358237E-09   7.4592904305E-03  -6.3390263462E-08   7.2691646410E-08
   30     -5.7690868969E-03  -1.6186759379E-03  -6.5145554956E-08  -7.2045037591E-04  -9.2812401464E-04
   31     -4.8237078957E-04   2.0637313067E-03   6.1517409838E-08  -1.0053643460E-03   2.7011168290E-04
   32      1.9736458339E-10   2.6391299577E-08   7.3921624016E-03  -5.8828058068E-08  -3.0977389013E-08
   33      1.1744932857E-02   1.4674501604E-02   1.1345178285E-07  -8.1755004258E-04   3.4631991082E-03
   34     -1.6230121257E-02  -1.8809054638E-02  -3.9768216968E-08   4.4223220292E-03  -3.3705725861E-03
   35     -1.1414671500E-07  -2.4747163888E-07   2.2938445831E-03   1.1007953526E-07  -7.6112184853E-08
   36      9.6213043119E-05   1.1801373879E-04  -2.8198880700E-08  -7.7713964262E-05  -2.2106581384E-04
   37      2.1102036601E-04   1.8904420933E-04   2.9477003203E-08  -3.6688335269E-04  -3.7901371503E-06
   38     -1.0124488589E-07   2.2248343295E-07   2.6794432813E-05  -3.6739573264E-08  -1.1577789096E-07
                    5                  6                  7                  8                  9        
    0     -9.8232240643E-07  -2.9907747912E-02  -2.8702139688E-02  -8.4789972730E-08   5.0170555261E-03
    1     -2.1151828569E-06  -7.2628374248E-02   2.9197715222E-02   2.1348362149E-07   5.0157283258E-04
    2     -5.7150924410E-02  -2.7838539149E-07   2.5379390686E-07   6.9836281055E-03  -6.2089610575E-09
    3     -1.1328568867E-06  -3.3396079833E-01  -3.3870279666E-02   7.8561703593E-07  -3.2848292752E-02
    4      4.6674984992E-06   2.7486816169E-02  -1.2452349509E-01  -2.1163806569E-07   2.8319630405E-02
    5      1.2584290887E-01   7.4370288576E-07  -3.2950120826E-07  -5.4211713398E-02   2.5120668081E-07
    6      7.4370288576E-07   6.7498953125E-01   4.1593631072E-02  -1.7813537456E-06  -1.5222878358E-01
    7     -3.2950120826E-07   4.1593631072E-02   6.9921227152E-01   2.4366641913E-06   1.0490625636E-01
    8     -5.4211713398E-02  -1.7813537456E-06   2.4366641913E-06   1.1943738633E-01   9.1874468597E-07
    9      2.5120668081E-07  -1.5222878358E-01   1.0490625636E-01   9.1874468597E-07   4.9886492375E-01
   10      1.9661827256E-07   5.3601951644E-02  -2.6656817072E-01  -1.3743811195E-06  -4.7799602315E-03
   11      6.4145170569E-03   7.3342165207E-07  -1.4778747490E-06  -6.1051327321E-02  -8.5807289719E-07
   12     -1.6190582712E-07   5.5134099648E-02  -1.7559633042E-02   4.2095756942E-09  -1.5368767319E-01
   13     -1.0618782847E-07   1.8439285915E-02  -5.3097725283E-02  -1.7223430571E-07  -1.0032154724E-01
   14     -7.4707723116E-03   9.5014690820E-08  -1.7345745202E-07   1.0094418949E-02  -6.9481205810E-07
   15     -9.2197459720E-08  -4.5444349216E-02   2.4773240429E-02   1.1843778593E-07  -3.1131010425E-02
   16     -3.2922371803E-07   2.7262375704E-02  -1.5184227528E-02  -2.8579927571E-07  -2.9606477460E-02
   17      7.0826741402E-03   1.1521741350E-07  -1.4623584020E-07  -7.8456757403E-03   6.2504376832E-09
   18      1.5981075949E-07  -3.7164249078E-02   4.1704475352E-03   1.4164981273E-07  -1.3677347898E-01
   19     -2.5829374249E-07   2.5100428117E-02   1.1942640384E-03  -2.1203681380E-07   2.6778618168E-03
   20      5.0758054506E-03   1.9627379838E-08  -1.2935230674E-08   4.1611955914E-03   2.5068271199E-07
   21      1.6836216304E-07   9.0664830646E-04  -3.3530671141E-03  -8.9323550694E-08   6.8365513891E-04
   22      8.0902067901E-08  -2.2731641009E-03  -4.5997889145E-03  -9.7780293066E-08  -1.8994138571E-05
   23      9.0133536989E-04   6.4412455581E-08  -1.0817201455E-07   7.2836641623E-03  -2.0022554949E-08
   24      9.9049108429E-07  -1.1640416103E-02   2.8682745313E-02   1.5913862640E-07  -5.3033779839E-03
   25     -1.8125440220E-06  -2.0085813874E-03   2.7949158202E-03   2.6381254092E-08  -6.1006707184E-04
   26     -3.4203576754E-02  -6.5064253279E-08  -3.8602490366E-08   1.7261925590E-03   2.4817913319E-08
   27     -8.4136657417E-08  -1.2035904908E-01  -1.1692523973E-01  -7.8432017048E-08   7.7235378145E-03
   28     -2.9337011497E-08  -1.1590658479E-01  -2.6649104553E-01  -3.3323638179E-07  -1.5490139570E-02
   29      1.4746869293E-03   1.9116159826E-07  -3.1292458839E-07  -3.1717996397E-02  -3.2253394361E-07
   30      1.4496384337E-08  -1.2673667714E-03  -3.2920495271E-03  -1.0683019084E-08   1.0841406427E-02
   31     -1.8520727947E-08  -4.3118071909E-03  -3.1010554623E-03  -6.2520558948E-08   1.5889592172E-02
   32     -3.7489216358E-04  -2.1204165961E-08  -8.9831287388E-08   5.7797226765E-03   1.4173500777E-07
   33      6.7131728290E-08  -8.3963029171E-04   9.1599226222E-04  -2.2378062520E-08  -5.4414901827E-03
   34     -6.7239240427E-08   9.4526794692E-04   3.8695192997E-04  -1.2755023541E-08   5.2899213005E-04
   35      7.1925522136E-03  -1.5225312733E-08   1.3100494946E-08  -6.0653377458E-04  -5.4236735212E-08
   36      3.3824912010E-08   1.7821111592E-03  -1.5305960459E-03   2.8997896201E-08  -5.7164715665E-03
   37      1.2129457141E-07   2.8894469889E-03   7.7939001012E-04   2.1515546315E-08  -2.0595222678E-03
   38     -5.7260099815E-04   1.0883974198E-07   5.0313492209E-08  -3.2961737459E-05   3.5852525153E-07
                   10                 11                 12                 13                 14        
    0      1.4362170895E-05  -6.8312001017E-08  -3.1348750679E-02   2.8063035493E-02   9.6829694007E-08
    1     -6.7452972305E-02  -2.3518695352E-07   7.1623481661E-02   3.0880400407E-02   2.8660460871E-07
    2     -6.4346903226E-07  -6.9738660757E-03   4.3937327609E-07   1.1700435047E-07   7.5171565822E-03
    3      7.7103972352E-02   4.5366298293E-07  -4.4667980062E-02  -2.5285281882E-02  -2.3713816423E-07
    4      3.1384137345E-02  -1.2629970841E-07  -2.7611393429E-02  -1.6021730095E-02  -2.6313947096E-07
    5      1.9661827256E-07   6.4145170569E-03  -1.6190582712E-07  -1.0618782847E-07  -7.4707723116E-03
    6      5.3601951644E-02   7.3342165207E-07   5.5134099648E-02   1.8439285915E-02   9.5014690820E-08
    7     -2.6656817072E-01  -1.4778747490E-06  -1.7559633042E-02  -5.3097725283E-02  -1.7345745202E-07
    8     -1.3743811195E-06  -6.1051327321E-02   4.2095756942E-09  -1.7223430571E-07   1.0094418949E-02
    9     -4.7799602315E-03  -8.5807289719E-07  -1.5368767319E-01  -1.0032154724E-01  -6.9481205810E-07
   10      6.3805355188E-01   4.9147907294E-06  -5.1769526584E-02  -2.6955538659E-01  -1.3506873851E-06
   11      4.9147907294E-06   1.2545271625E-01  -5.5839713032E-07  -1.7346614673E-06  -6.3925263866E-02
   12     -5.1769526584E-02  -5.5839713032E-07   6.8486217114E-01  -4.0952154953E-02   3.8072622964E-07
   13     -2.6955538659E-01  -1.7346614673E-06  -4.0952154953E-02   6.9572879935E-01   3.1060681413E-06
   14     -1.3506873851E-06  -6.3925263866E-02   3.8072622964E-07   3.1060681413E-06   1.2365397149E-01
   15     -7.6724620928E-02  -2.9495351178E-07  -3.3657729607E-01   3.0615748923E-02   1.1874488759E-07
   16      3.1174999941E-02   1.3076957700E-07  -2.9941590025E-02  -1.2501590604E-01  -3.1460746248E-07
   17      2.9732270526E-07   6.8964670785E-03  -1.3093245132E-07  -3.8164595880E-07  -5.5513493373E-02
   18      3.1459842917E-02   2.4491091440E-06  -2.8213174829E-02  -8.6783225115E-03   1.4925369838E-08
   19     -5.9570254487E-02  -1.8087338706E-06  -2.9872060552E-02   4.3591692276E-03  -1.3737956474E-08
   20     -2.0923292808E-06  -2.2427275696E-02  -1.7383190587E-07   1.5977994467E-07   3.8192113736E-03
   21      3.8726461688E-05   1.0822464863E-08   7.7505187466E-04   3.4522001405E-03   8.5289220065E-08
   22     -1.5691236457E-03   8.7527482824E-09   2.4488813445E-03  -4.5296669536E-03  -1.1276289314E-07
   23     -3.3612617734E-08  -9.3105402088E-04  -3.7680111339E-08  -9.7438172659E-08   7.0416390727E-03
   24     -8.0283718550E-04   2.9748548398E-08  -7.9977368141E-04  -9.1639747628E-04   2.4270297379E-08
   25      2.0455121954E-03  -9.0342460233E-09  -9.4130174910E-04   3.5072405986E-04  -7.9775207268E-09
   26     -4.1101188327E-08   7.6136509005E-03   8.7653567050E-09   2.3250622392E-08  -7.6350438843E-04
   27      1.4168452652E-02   3.2538540079E-08  -8.7048954552E-04   3.6347134734E-03   4.1018214815E-08
   28     -1.9898896713E-02  -4.0590813630E-08   4.5336642130E-03  -3.1562260088E-03  -5.9679807669E-08
   29     -1.9376483051E-07   1.7098351372E-03   3.3979478965E-08  -6.9738930784E-08   5.5595697304E-03
   30     -1.4604675319E-02  -1.2068004044E-07  -1.2598324362E-01   1.1842149298E-01   3.4776351284E-07
   31     -1.9321077315E-02   1.0117137104E-08   1.1803653911E-01  -2.6335503068E-01  -8.9182670145E-07
   32     -1.6551236895E-07   2.1879390885E-03   2.2258069616E-07  -8.1905341886E-07  -3.3386991500E-02
   33      8.5198495766E-04   1.8653804276E-08  -1.1420797127E-02  -2.8845291572E-02  -1.0549332513E-07
   34      2.0021320371E-03  -2.2230442761E-08   1.7660163064E-03   2.6055894242E-03   2.1624835988E-09
   35     -1.9574717076E-08   7.7271064008E-03  -2.7277051737E-09   2.4959414583E-08   2.0441129441E-03
   36     -2.8494870649E-02  -1.8236170949E-06  -7.2021438512E-03   2.4977486565E-03  -1.4585254811E-07
   37     -7.2445162407E-04   2.8144621375E-07   1.1384775898E-04   8.0698917554E-04  -1.1551231905E-07
   38      6.1443667862E-07  -2.6934449363E-03  -4.5445503532E-08  -1.4154865546E-07   1.3299452991E-03
                   15                 16                 17                 18                 19        
    0     -1.7887716565E-01   1.1896556921E-01   1.2626342239E-06  -4.1487649178E-03   1.8737591007E-04
    1      5.9976758703E-02  -2.7692102562E-01  -1.9176925974E-06  -1.4086812781E-04   2.8802350250E-03
    2      1.0524477491E-06  -2.1392779298E-06  -5.7653104883E-02  -7.0314776050E-08   4.7323235366E-08
    3      5.9500332715E-02  -2.0964185471E-02  -6.4261071468E-08   5.2215356725E-03  -2.3376770130E-03
    4      2.2448658163E-02  -6.0484704407E-02  -3.9525099647E-07   3.8375608829E-03  -4.6639423467E-03
    5     -9.2197459720E-08  -3.2922371803E-07   7.0826741402E-03   1.5981075949E-07  -2.5829374249E-07
    6     -4.5444349216E-02   2.7262375704E-02   1.1521741350E-07  -3.7164249078E-02   2.5100428117E-02
    7      2.4773240429E-02  -1.5184227528E-02  -1.4623584020E-07   4.1704475352E-03   1.1942640384E-03
    8      1.1843778593E-07  -2.8579927571E-07  -7.8456757403E-03   1.4164981273E-07  -2.1203681380E-07
    9     -3.1131010425E-02  -2.9606477460E-02   6.2504376832E-09  -1.3677347898E-01   2.6778618168E-03
   10     -7.6724620928E-02   3.1174999941E-02   2.9732270526E-07   3.1459842917E-02  -5.9570254487E-02
   11     -2.9495351178E-07   1.3076957700E-07   6.8964670785E-03   2.4491091440E-06  -1.8087338706E-06
   12     -3.3657729607E-01  -2.9941590025E-02  -1.3093245132E-07  -2.8213174829E-02  -2.9872060552E-02
   13      3.0615748923E-02  -1.2501590604E-01  -3.8164595880E-07  -8.6783225115E-03   4.3591692276E-03
   14      1.1874488759E-07  -3.1460746248E-07  -5.5513493373E-02   1.4925369838E-08  -1.3737956474E-08
   15      6.7595280431E-01   3.0244103125E-02  -3.0957298426E-07   4.9580822810E-03   1.8453448120E-03
   16      3.0244103125E-02   7.1520139431E-01   4.0200729207E-06  -1.4613164016E-03  -6.1574923514E-03
   17     -3.0957298426E-07   4.0200729207E-06   1.2767721723E-01  -5.1893442104E-07  -1.7553335526E-08
   18      4.9580822810E-03  -1.4613164016E-03  -5.1893442104E-07   2.2106726379E-01   9.2235568201E-03
   19      1.8453448120E-03  -6.1574923514E-03  -1.7553335526E-08   9.2235568201E-03   3.2346282016E-01
   20     -5.7101849461E-07  -8.6448601089E-08   2.7000859939E-03   5.9414393807E-07   2.1554312881E-05
   21     -1.2268072195E-02  -2.6904421261E-03  -2.9028762536E-08   2.0886847974E-04   1.5942631549E-05
   22      2.8293870202E-02   4.7230416555E-03  -5.3409549108E-08  -9.5669573241E-05   1.8711348198E-04
   23      2.6263343667E-07   5.5267006421E-08   9.9972275343E-04   6.8241245653E-08   4.9866882158E-08
   24     -7.2642714827E-04  -3.4070405823E-03  -2.0803165319E-08  -1.0571325675E-03   9.1754196693E-04
   25     -4.4363575198E-03  -3.4738217970E-03  -9.8735328286E-08  -1.3248788154E-04   1.5730888078E-05
   26     -1.1141567612E-07  -5.0207589149E-08   7.3392636119E-03   3.7357821889E-08   2.4272952418E-08
   27     -8.0132214180E-04   7.9530404253E-04  -4.2968466219E-09   1.4557698722E-03   1.7221770860E-03
   28      9.5558637075E-04   2.6843935119E-04  -2.7133058508E-08  -1.0529349956E-03   8.0212644755E-04
   29      3.3197813682E-08  -1.8114610852E-08  -4.3346286084E-04   6.2261008087E-08   1.7312051551E-07
   30     -1.1315106617E-02   2.9225673457E-02   1.9271705084E-07   8.5947266493E-04  -7.5916575908E-04
   31     -1.5837661638E-03   3.3595642537E-03  -3.9473351897E-08  -3.1604019248E-04  -5.1357751606E-04
   32      1.3099745372E-08   3.2136423722E-08   1.9753814279E-03   1.6530006467E-07   6.0900596117E-08
   33     -1.2327221931E-01  -1.1646764933E-01  -5.8453587570E-07  -1.9381048157E-04  -1.2143164407E-03
   34     -1.1663228433E-01  -2.6741791227E-01  -1.1853916733E-06   8.5225385026E-05   9.8030274155E-07
   35     -5.2975972486E-07  -1.0062707297E-06  -3.4858259662E-02   3.9682704720E-08   1.0534926086E-08
   36      1.7494774487E-06  -1.9719250304E-03   1.8214384385E-07  -2.6220381909E-02  -7.4145618074E-03
   37      2.4131909394E-04  -7.2349504731E-05  -5.5594377512E-08  -3.6991441445E-02  -2.6199717287E-01
   38      2.1375904150E-07  -7.5755701386E-09   1.6331842863E-03  -3.0174784225E-06  -1.9544808775E-05
                   20                 21                 22                 23                 24        
    0      1.5244922925E-07  -3.3449742703E-01  -1.6256272334E-03   1.0282137099E-06   1.1769386813E-02
    1     -2.3778940755E-07  -1.6457642006E-03  -5.8218276394E-02  -2.0645040709E-07  -1.4339046944E-02
    2     -9.6288075988E-04   8.4628555897E-07  -2.3887321800E-07  -3.1423836429E-02  -2.1115011621E-07
    3      2.0242723044E-07  -1.2000076598E-02  -2.8584593867E-02  -3.6587061846E-07  -1.2615646614E-01
    4      1.2458512991E-07   2.4428072170E-03   4.3262385594E-03  -5.9101666483E-08   1.1826449713E-01
    5      5.0758054506E-03   1.6836216304E-07   8.0902067901E-08   9.0133536989E-04   9.9049108429E-07
    6      1.9627379838E-08   9.0664830646E-04  -2.2731641009E-03   6.4412455581E-08  -1.1640416103E-02
    7     -1.2935230674E-08  -3.3530671141E-03  -4.5997889145E-03  -1.0817201455E-07   2.8682745313E-02
    8      4.1611955914E-03  -8.9323550694E-08  -9.7780293066E-08   7.2836641623E-03   1.5913862640E-07
    9      2.5068271199E-07   6.8365513891E-04  -1.8994138571E-05  -2.0022554949E-08  -5.3033779839E-03
   10     -2.0923292808E-06   3.8726461688E-05  -1.5691236457E-03  -3.3612617734E-08  -8.0283718550E-04
   11     -2.2427275696E-02   1.0822464863E-08   8.7527482824E-09  -9.3105402088E-04   2.9748548398E-08
   12     -1.7383190587E-07   7.7505187466E-04   2.4488813445E-03  -3.7680111339E-08  -7.9977368141E-04
   13      1.5977994467E-07   3.4522001405E-03  -4.5296669536E-03  -9.7438172659E-08  -9.1639747628E-04
   14      3.8192113736E-03   8.5289220065E-08  -1.1276289314E-07   7.0416390727E-03   2.4270297379E-08
   15     -5.7101849461E-07  -1.2268072195E-02   2.8293870202E-02   2.6263343667E-07  -7.2642714827E-04
   16     -8.6448601089E-08  -2.6904421261E-03   4.7230416555E-03   5.5267006421E-08  -3.4070405823E-03
   17      2.7000859939E-03  -2.9028762536E-08  -5.3409549108E-08   9.9972275343E-04  -2.0803165319E-08
   18      5.9414393807E-07   2.0886847974E-04  -9.5669573241E-05   6.8241245653E-08  -1.0571325675E-03
   19      2.1554312881E-05   1.5942631549E-05   1.8711348198E-04   4.9866882158E-08   9.1754196693E-04
   20      1.2385670793E-02   9.8281548671E-09   5.8651138180E-10  -6.3644786121E-04   2.4080321303E-08
   21      9.8281548671E-09   3.5616294382E-01   1.7899369056E-03  -1.0007861813E-06   7.6101371231E-04
   22      5.8651138180E-10   1.7899369056E-03   5.7652854816E-02   3.2445917267E-07   4.5836457292E-04
   23     -6.3644786121E-04  -1.0007861813E-06   3.2445917267E-07   2.3728858434E-02   1.2299332754E-08
   24      2.4080321303E-08   7.6101371231E-04   4.5836457292E-04   1.2299332754E-08   1.3152062314E-01
   25     -3.7334435576E-08  -1.5696313255E-04   1.0002241165E-03   3.9942776952E-08  -1.2794287091E-01
   26      3.1576982313E-04  -1.0339512937E-08   4.2818509690E-08  -3.7870001692E-03  -1.0043497273E-06
   27      4.8123045208E-08  -7.4802909831E-04  -1.5098599784E-03  -1.1510856349E-08   9.9362065075E-04
   28     -5.0299353495E-08   1.4649800634E-04  -2.2140879310E-05   1.2717151415E-08  -1.8398195163E-04
   29     -2.6923823866E-03   7.7002128906E-09  -2.6403066237E-09   3.5302247771E-04  -1.4002059225E-08
   30      7.7462673773E-08  -7.5537827424E-04   1.4804553899E-03   4.2694163498E-09   8.5977299579E-05
   31      4.2973849101E-08  -1.6718875429E-04   2.3593488696E-05   1.2411320351E-08   7.5036589229E-05
   32     -1.3714823338E-03   5.9266487357E-09   5.6862204766E-09   3.4778759057E-04   3.1152374864E-09
   33     -6.5640018801E-08   7.6247291598E-04  -4.6823996900E-04  -1.2226636628E-08   4.2014734147E-04
   34     -1.6163744352E-08   1.5866503568E-04   9.8865216496E-04   3.2843566464E-08  -8.4912963948E-04
   35      2.8260954436E-04  -3.4951822524E-09   3.8456910972E-08  -3.7439549301E-03  -3.9390154070E-09
   36     -6.9408851509E-07   8.3289489397E-06   1.0265024358E-04  -1.2033389446E-08   1.3282467153E-04
   37     -1.9414105756E-05  -2.9360868664E-05   3.7278504428E-05  -1.7642035027E-08   2.1007143511E-05
   38     -6.4987953169E-04   1.8819517953E-08  -1.2868443164E-09  -1.3373645100E-04   2.5551860481E-08
                   25                 26                 27                 28                 29        
    0      1.6651575925E-02   1.3695249760E-07  -5.7476171327E-03   3.4708118210E-04   3.5127502713E-08
    1     -1.8819482293E-02  -2.4430788758E-07   1.5835961589E-03   2.1744337996E-03   7.0167358237E-09
    2     -6.8736391383E-08   2.1588709473E-03   6.8671085775E-08   4.9489472481E-08   7.4592904305E-03
    3      1.1833961691E-01   9.4604257588E-07  -1.1168705292E-02   1.2179574270E-03  -6.3390263462E-08
    4     -2.6419755527E-01  -1.6151183052E-06  -2.9503396333E-02   2.5872709167E-03   7.2691646410E-08
    5     -1.8125440220E-06  -3.4203576754E-02  -8.4136657417E-08  -2.9337011497E-08   1.4746869293E-03
    6     -2.0085813874E-03  -6.5064253279E-08  -1.2035904908E-01  -1.1590658479E-01   1.9116159826E-07
    7      2.7949158202E-03  -3.8602490366E-08  -1.1692523973E-01  -2.6649104553E-01  -3.1292458839E-07
    8      2.6381254092E-08   1.7261925590E-03  -7.8432017048E-08  -3.3323638179E-07  -3.1717996397E-02
    9     -6.1006707184E-04   2.4817913319E-08   7.7235378145E-03  -1.5490139570E-02  -3.2253394361E-07
   10      2.0455121954E-03  -4.1101188327E-08   1.4168452652E-02  -1.9898896713E-02  -1.9376483051E-07
   11     -9.0342460233E-09   7.6136509005E-03   3.2538540079E-08  -4.0590813630E-08   1.7098351372E-03
   12     -9.4130174910E-04   8.7653567050E-09  -8.7048954552E-04   4.5336642130E-03   3.3979478965E-08
   13      3.5072405986E-04   2.3250622392E-08   3.6347134734E-03  -3.1562260088E-03  -6.9738930784E-08
   14     -7.9775207268E-09  -7.6350438843E-04   4.1018214815E-08  -5.9679807669E-08   5.5595697304E-03
   15     -4.4363575198E-03  -1.1141567612E-07  -8.0132214180E-04   9.5558637075E-04   3.3197813682E-08
   16     -3.4738217970E-03  -5.0207589149E-08   7.9530404253E-04   2.6843935119E-04  -1.8114610852E-08
   17     -9.8735328286E-08   7.3392636119E-03  -4.2968466219E-09  -2.7133058508E-08  -4.3346286084E-04
   18     -1.3248788154E-04   3.7357821889E-08   1.4557698722E-03  -1.0529349956E-03   6.2261008087E-08
   19      1.5730888078E-05   2.4272952418E-08   1.7221770860E-03   8.0212644755E-04   1.7312051551E-07
   20     -3.7334435576E-08   3.1576982313E-04   4.8123045208E-08  -5.0299353495E-08  -2.6923823866E-03
   21     -1.5696313255E-04  -1.0339512937E-08  -7.4802909831E-04   1.4649800634E-04   7.7002128906E-09
   22      1.0002241165E-03   4.2818509690E-08  -1.5098599784E-03  -2.2140879310E-05  -2.6403066237E-09
   23      3.9942776952E-08  -3.7870001692E-03  -1.1510856349E-08   1.2717151415E-08   3.5302247771E-04
   24     -1.2794287091E-01  -1.0043497273E-06   9.9362065075E-04  -1.8398195163E-04  -1.4002059225E-08
   25      2.8061396982E-01   1.9623795350E-06   2.4716737726E-04   8.1046767515E-04   2.8812137913E-08
   26      1.9623795350E-06   2.4700472452E-02  -2.5072596369E-08   1.5984930888E-08  -3.8856321621E-03
   27      2.4716737726E-04  -2.5072596369E-08   1.2916151408E-01   1.2520436994E-01   1.1947363391E-07
   28      8.1046767515E-04   1.5984930888E-08   1.2520436994E-01   2.8375724476E-01   4.2167818716E-07
   29      2.8812137913E-08  -3.8856321621E-03   1.1947363391E-07   4.2167818716E-07   2.2434424509E-02
   30      8.7399403406E-05   1.8461736934E-08   6.7377050473E-04  -8.7961634022E-04   3.1375860331E-09
   31      9.3755134101E-06  -1.1368883580E-08   7.4387334839E-04  -1.1072779522E-03  -2.7671895250E-08
   32     -3.4259758109E-10  -1.3008576186E-03   1.0551697632E-08  -2.4656932536E-08   4.2430378184E-04
   33      8.9084592995E-04   1.0398132393E-08   6.4772792309E-05  -6.3750015528E-05  -8.4916051339E-10
   34     -1.1491506356E-03  -2.3325420105E-08  -8.9067626723E-05   1.9871128380E-06   1.1556241178E-08
   35     -3.0308406340E-08   1.9429714402E-04  -1.2614569485E-08  -1.8153940248E-09  -1.2573483062E-03
   36      3.4136083903E-05   1.8994506218E-08  -3.7777342358E-04   1.1457678817E-03  -8.3786818983E-08
   37     -9.1009110839E-07  -1.1346969404E-08  -4.6007757627E-05   2.7361702071E-04  -5.5014469701E-08
   38     -2.5830572674E-08  -1.0794634609E-04  -1.0578926287E-07   3.1873179330E-08   5.7168911755E-04
                   30                 31                 32                 33                 34        
    0     -5.7690868969E-03  -4.8237078957E-04   1.9736458339E-10   1.1744932857E-02  -1.6230121257E-02
    1     -1.6186759379E-03   2.0637313067E-03   2.6391299577E-08   1.4674501604E-02  -1.8809054638E-02
    2     -6.5145554956E-08   6.1517409838E-08   7.3921624016E-03   1.1345178285E-07  -3.9768216968E-08
    3     -7.2045037591E-04  -1.0053643460E-03  -5.8828058068E-08  -8.1755004258E-04   4.4223220292E-03
    4     -9.2812401464E-04   2.7011168290E-04  -3.0977389013E-08   3.4631991082E-03  -3.3705725861E-03
    5      1.4496384337E-08  -1.8520727947E-08  -3.7489216358E-04   6.7131728290E-08  -6.7239240427E-08
    6     -1.2673667714E-03  -4.3118071909E-03  -2.1204165961E-08  -8.3963029171E-04   9.4526794692E-04
    7     -3.2920495271E-03  -3.1010554623E-03  -8.9831287388E-08   9.1599226222E-04   3.8695192997E-04
    8     -1.0683019084E-08  -6.2520558948E-08   5.7797226765E-03  -2.2378062520E-08  -1.2755023541E-08
    9      1.0841406427E-02   1.5889592172E-02   1.4173500777E-07  -5.4414901827E-03   5.2899213005E-04
   10     -1.4604675319E-02  -1.9321077315E-02  -1.6551236895E-07   8.5198495766E-04   2.0021320371E-03
   11     -1.2068004044E-07   1.0117137104E-08   2.1879390885E-03   1.8653804276E-08  -2.2230442761E-08
   12     -1.2598324362E-01   1.1803653911E-01   2.2258069616E-07  -1.1420797127E-02   1.7660163064E-03
   13      1.1842149298E-01  -2.6335503068E-01  -8.1905341886E-07  -2.8845291572E-02   2.6055894242E-03
   14      3.4776351284E-07  -8.9182670145E-07  -3.3386991500E-02  -1.0549332513E-07   2.1624835988E-09
   15     -1.1315106617E-02  -1.5837661638E-03   1.3099745372E-08  -1.2327221931E-01  -1.1663228433E-01
   16      2.9225673457E-02   3.3595642537E-03   3.2136423722E-08  -1.1646764933E-01  -2.6741791227E-01
   17      1.9271705084E-07  -3.9473351897E-08   1.9753814279E-03  -5.8453587570E-07  -1.1853916733E-06
   18      8.5947266493E-04  -3.1604019248E-04   1.6530006467E-07  -1.9381048157E-04   8.5225385026E-05
   19     -7.5916575908E-04  -5.1357751606E-04   6.0900596117E-08  -1.2143164407E-03   9.8030274155E-07
   20      7.7462673773E-08   4.2973849101E-08  -1.3714823338E-03  -6.5640018801E-08  -1.6163744352E-08
   21     -7.5537827424E-04  -1.6718875429E-04   5.9266487357E-09   7.6247291598E-04   1.5866503568E-04
   22      1.4804553899E-03   2.3593488696E-05   5.6862204766E-09  -4.6823996900E-04   9.8865216496E-04
   23      4.2694163498E-09   1.2411320351E-08   3.4778759057E-04  -1.2226636628E-08   3.2843566464E-08
   24      8.5977299579E-05   7.5036589229E-05   3.1152374864E-09   4.2014734147E-04  -8.4912963948E-04
   25      8.7399403406E-05   9.3755134101E-06  -3.4259758109E-10   8.9084592995E-04  -1.1491506356E-03
   26      1.8461736934E-08  -1.1368883580E-08  -1.3008576186E-03   1.0398132393E-08  -2.3325420105E-08
   27      6.7377050473E-04   7.4387334839E-04   1.0551697632E-08   6.4772792309E-05  -8.9067626723E-05
   28     -8.7961634022E-04  -1.1072779522E-03  -2.4656932536E-08  -6.3750015528E-05   1.9871128380E-06
   29      3.1375860331E-09  -2.7671895250E-08   4.2430378184E-04  -8.4916051339E-10   1.1556241178E-08
   30      1.3239309403E-01  -1.2717250650E-01  -4.7310441641E-07   1.0523873007E-03  -2.3888845208E-04
   31     -1.2717250650E-01   2.8053045780E-01   9.9768089338E-07   2.0482433857E-04   8.0710967032E-04
   32     -4.7310441641E-07   9.9768089338E-07   2.3354010588E-02   6.2653147869E-09   2.4157673833E-08
   33      1.0523873007E-03   2.0482433857E-04   6.2653147869E-09   1.2853459616E-01   1.2610799977E-01
   34     -2.3888845208E-04   8.0710967032E-04   2.4157673833E-08   1.2610799977E-01   2.8394014460E-01
   35      1.7253948298E-08   9.7397750721E-09  -4.0786689346E-03   5.5981133959E-07   1.3043176145E-06
   36     -9.5475667962E-05   1.2274115229E-04  -4.6617105727E-08  -5.9381192566E-04   2.8779600622E-05
   37      2.4511786040E-04   3.3407520480E-04   2.9744272979E-08  -5.3877549608E-05   1.3142883634E-05
   38      2.5032690442E-08  -1.2938165153E-07  -9.4841500406E-04   2.1799356048E-08  -2.2787788453E-08
                   35                 36                 37                 38        
     0     -1.1414671500E-07   9.6213043119E-05   2.1102036601E-04  -1.0124488589E-07
     1     -2.4747163888E-07   1.1801373879E-04   1.8904420933E-04   2.2248343295E-07
     2      2.2938445831E-03  -2.8198880700E-08   2.9477003203E-08   2.6794432813E-05
     3      1.1007953526E-07  -7.7713964262E-05  -3.6688335269E-04  -3.6739573264E-08
     4     -7.6112184853E-08  -2.2106581384E-04  -3.7901371503E-06  -1.1577789096E-07
     5      7.1925522136E-03   3.3824912010E-08   1.2129457141E-07  -5.7260099815E-04
     6     -1.5225312733E-08   1.7821111592E-03   2.8894469889E-03   1.0883974198E-07
     7      1.3100494946E-08  -1.5305960459E-03   7.7939001012E-04   5.0313492209E-08
     8     -6.0653377458E-04   2.8997896201E-08   2.1515546315E-08  -3.2961737459E-05
     9     -5.4236735212E-08  -5.7164715665E-03  -2.0595222678E-03   3.5852525153E-07
    10     -1.9574717076E-08  -2.8494870649E-02  -7.2445162407E-04   6.1443667862E-07
    11      7.7271064008E-03  -1.8236170949E-06   2.8144621375E-07  -2.6934449363E-03
    12     -2.7277051737E-09  -7.2021438512E-03   1.1384775898E-04  -4.5445503532E-08
    13      2.4959414583E-08   2.4977486565E-03   8.0698917554E-04  -1.4154865546E-07
    14      2.0441129441E-03  -1.4585254811E-07  -1.1551231905E-07   1.3299452991E-03
    15     -5.2975972486E-07   1.7494774487E-06   2.4131909394E-04   2.1375904150E-07
    16     -1.0062707297E-06  -1.9719250304E-03  -7.2349504731E-05  -7.5755701386E-09
    17     -3.4858259662E-02   1.8214384385E-07  -5.5594377512E-08   1.6331842863E-03
    18      3.9682704720E-08  -2.6220381909E-02  -3.6991441445E-02  -3.0174784225E-06
    19      1.0534926086E-08  -7.4145618074E-03  -2.6199717287E-01  -1.9544808775E-05
    20      2.8260954436E-04  -6.9408851509E-07  -1.9414105756E-05  -6.4987953169E-04
    21     -3.4951822524E-09   8.3289489397E-06  -2.9360868664E-05   1.8819517953E-08
    22      3.8456910972E-08   1.0265024358E-04   3.7278504428E-05  -1.2868443164E-09
    23     -3.7439549301E-03  -1.2033389446E-08  -1.7642035027E-08  -1.3373645100E-04
    24     -3.9390154070E-09   1.3282467153E-04   2.1007143511E-05   2.5551860481E-08
    25     -3.0308406340E-08   3.4136083903E-05  -9.1009110839E-07  -2.5830572674E-08
    26      1.9429714402E-04   1.8994506218E-08  -1.1346969404E-08  -1.0794634609E-04
    27     -1.2614569485E-08  -3.7777342358E-04  -4.6007757627E-05  -1.0578926287E-07
    28     -1.8153940248E-09   1.1457678817E-03   2.7361702071E-04   3.1873179330E-08
    29     -1.2573483062E-03  -8.3786818983E-08  -5.5014469701E-08   5.7168911755E-04
    30      1.7253948298E-08  -9.5475667962E-05   2.4511786040E-04   2.5032690442E-08
    31      9.7397750721E-09   1.2274115229E-04   3.3407520480E-04  -1.2938165153E-07
    32     -4.0786689346E-03  -4.6617105727E-08   2.9744272979E-08  -9.4841500406E-04
    33      5.5981133959E-07  -5.9381192566E-04  -5.3877549608E-05   2.1799356048E-08
    34      1.3043176145E-06   2.8779600622E-05   1.3142883634E-05  -2.2787788453E-08
    35      2.4957820350E-02   2.9290533195E-09  -4.9320949238E-09  -1.4757757192E-04
    36      2.9290533195E-09   3.8262545008E-02   3.5704258009E-02   2.5508371647E-06
    37     -4.9320949238E-09   3.5704258009E-02   2.6036513722E-01   1.9130280690E-05
    38     -1.4757757192E-04   2.5508371647E-06   1.9130280690E-05   1.7249494409E-03

$vibrational_frequencies
39
    0        0.0000000000000000
    1        0.0000000000000000
    2        0.0000000000000000
    3        0.0000000000000000
    4        0.0000000000000000
    5        0.0000000000000000
    6      179.7128896336807884
    7      208.1175213085890334
    8      283.5786792416996036
    9      403.8388737519447318
   10      408.3904823863992988
   11      476.3102543474360004
   12      632.4899470333562022
   13      699.2642815102766463
   14      704.1770282952425077
   15      741.5974297543667717
   16      830.9292913164266565
   17      887.4949527674266392
   18      935.5871147287217582
   19      943.6242941245401425
   20      968.7232293852966905
   21     1019.2310234902012098
   22     1047.0255205594839936
   23     1102.4826280356405732
   24     1107.2807994705262900
   25     1182.0355904825157722
   26     1207.5705574453668305
   27     1330.1995813626508607
   28     1354.2653142190056315
   29     1472.4458679549793487
   30     1505.2968783085434552
   31     1609.5952414945409146
   32     1620.0234995199543846
   33     2681.1352469170642507
   34     3156.3766034196114560
   35     3159.5977153100916439
   36     3170.2110485655671255
   37     3174.7108626718954838
   38     3187.2304364514361623

$normal_modes
39 39
                    0                  1                  2                  3                  4        
    0      0.0000000000E+00   0.0000000000E+00   0.0000000000E+00   0.0000000000E+00   0.0000000000E+00
    1      0.0000000000E+00   0.0000000000E+00   0.0000000000E+00   0.0000000000E+00   0.0000000000E+00
    2      0.0000000000E+00   0.0000000000E+00   0.0000000000E+00   0.0000000000E+00   0.0000000000E+00
    3      0.0000000000E+00   0.0000000000E+00   0.0000000000E+00   0.0000000000E+00   0.0000000000E+00
    4      0.0000000000E+00   0.0000000000E+00   0.0000000000E+00   0.0000000000E+00   0.0000000000E+00
    5      0.0000000000E+00   0.0000000000E+00   0.0000000000E+00   0.0000000000E+00   0.0000000000E+00
    6      0.0000000000E+00   0.0000000000E+00   0.0000000000E+00   0.0000000000E+00   0.0000000000E+00
    7      0.0000000000E+00   0.0000000000E+00   0.0000000000E+00   0.0000000000E+00   0.0000000000E+00
    8      0.0000000000E+00   0.0000000000E+00   0.0000000000E+00   0.0000000000E+00   0.0000000000E+00
    9      0.0000000000E+00   0.0000000000E+00   0.0000000000E+00   0.0000000000E+00   0.0000000000E+00
   10      0.0000000000E+00   0.0000000000E+00   0.0000000000E+00   0.0000000000E+00   0.0000000000E+00
   11      0.0000000000E+00   0.0000000000E+00   0.0000000000E+00   0.0000000000E+00   0.0000000000E+00
   12      0.0000000000E+00   0.0000000000E+00   0.0000000000E+00   0.0000000000E+00   0.0000000000E+00
   13      0.0000000000E+00   0.0000000000E+00   0.0000000000E+00   0.0000000000E+00   0.0000000000E+00
   14      0.0000000000E+00   0.0000000000E+00   0.0000000000E+00   0.0000000000E+00   0.0000000000E+00
   15      0.0000000000E+00   0.0000000000E+00   0.0000000000E+00   0.0000000000E+00   0.0000000000E+00
   16      0.0000000000E+00   0.0000000000E+00   0.0000000000E+00   0.0000000000E+00   0.0000000000E+00
   17      0.0000000000E+00   0.0000000000E+00   0.0000000000E+00   0.0000000000E+00   0.0000000000E+00
   18      0.0000000000E+00   0.0000000000E+00   0.0000000000E+00   0.0000000000E+00   0.0000000000E+00
   19      0.0000000000E+00   0.0000000000E+00   0.0000000000E+00   0.0000000000E+00   0.0000000000E+00
   20      0.0000000000E+00   0.0000000000E+00   0.0000000000E+00   0.0000000000E+00   0.0000000000E+00
   21      0.0000000000E+00   0.0000000000E+00   0.0000000000E+00   0.0000000000E+00   0.0000000000E+00
   22      0.0000000000E+00   0.0000000000E+00   0.0000000000E+00   0.0000000000E+00   0.0000000000E+00
   23      0.0000000000E+00   0.0000000000E+00   0.0000000000E+00   0.0000000000E+00   0.0000000000E+00
   24      0.0000000000E+00   0.0000000000E+00   0.0000000000E+00   0.0000000000E+00   0.0000000000E+00
   25      0.0000000000E+00   0.0000000000E+00   0.0000000000E+00   0.0000000000E+00   0.0000000000E+00
   26      0.0000000000E+00   0.0000000000E+00   0.0000000000E+00   0.0000000000E+00   0.0000000000E+00
   27      0.0000000000E+00   0.0000000000E+00   0.0000000000E+00   0.0000000000E+00   0.0000000000E+00
   28      0.0000000000E+00   0.0000000000E+00   0.0000000000E+00   0.0000000000E+00   0.0000000000E+00
   29      0.0000000000E+00   0.0000000000E+00   0.0000000000E+00   0.0000000000E+00   0.0000000000E+00
   30      0.0000000000E+00   0.0000000000E+00   0.0000000000E+00   0.0000000000E+00   0.0000000000E+00
   31      0.0000000000E+00   0.0000000000E+00   0.0000000000E+00   0.0000000000E+00   0.0000000000E+00
   32      0.0000000000E+00   0.0000000000E+00   0.0000000000E+00   0.0000000000E+00   0.0000000000E+00
   33      0.0000000000E+00   0.0000000000E+00   0.0000000000E+00   0.0000000000E+00   0.0000000000E+00
   34      0.0000000000E+00   0.0000000000E+00   0.0000000000E+00   0.0000000000E+00   0.0000000000E+00
   35      0.0000000000E+00   0.0000000000E+00   0.0000000000E+00   0.0000000000E+00   0.0000000000E+00
   36      0.0000000000E+00   0.0000000000E+00   0.0000000000E+00   0.0000000000E+00   0.0000000000E+00
   37      0.0000000000E+00   0.0000000000E+00   0.0000000000E+00   0.0000000000E+00   0.0000000000E+00
   38      0.0000000000E+00   0.0000000000E+00   0.0000000000E+00   0.0000000000E+00   0.0000000000E+00
                    5                  6                  7                  8                  9        
    0      0.0000000000E+00  -5.0342682857E-07  -1.9023896448E-07   1.7070817002E-02  -3.6457349472E-05
    1      0.0000000000E+00  -1.3193102928E-06   1.0493234259E-06  -9.9823160869E-02  -1.6936771137E-06
    2      0.0000000000E+00   2.1574304834E-01   6.2351545422E-02   4.7352501839E-06   4.1189514091E-04
    3      0.0000000000E+00  -2.7991508148E-07   2.3049455521E-06  -1.3207735001E-01  -2.6549411784E-05
    4      0.0000000000E+00  -5.2992573804E-07   6.7818406083E-07  -1.1250722896E-02  -6.3108945131E-06
    5      0.0000000000E+00   2.9933537378E-02   9.6080356547E-04   4.0920137528E-07  -2.1432267490E-01
    6      0.0000000000E+00  -6.5348028147E-07   1.7559951035E-06  -1.1173412312E-01  -1.9095975536E-05
    7      0.0000000000E+00   1.5342455742E-06  -3.0637976981E-06   1.9975905329E-01  -7.0688802054E-06
    8      0.0000000000E+00  -1.8154694849E-01  -8.2805642228E-02  -5.8263716293E-06   2.0831970670E-01
    9      0.0000000000E+00   3.6645688003E-07  -1.2815287811E-06  -2.4796558046E-03   5.8535620404E-06
   10      0.0000000000E+00   2.4576772999E-06  -5.2131560375E-06   2.5430499770E-01   3.4895557102E-06
   11      0.0000000000E+00  -2.0532797653E-01  -3.7678285288E-02   3.2501956765E-07  -3.0098995726E-03
   12      0.0000000000E+00  -1.9506082261E-07  -2.9356424929E-06   1.2984084418E-01  -1.6197445504E-05
   13      0.0000000000E+00   2.1187397558E-06  -3.1841144632E-06   1.9230897100E-01   1.4132215883E-05
   14      0.0000000000E+00  -2.2944346336E-01  -3.0804199688E-02  -1.2708657158E-06  -2.0748164126E-01
   15      0.0000000000E+00   1.3959008800E-07  -3.7629367705E-06   1.5562279127E-01  -2.1589250312E-05
