*************************************************
******************* ORCA 6.0.0 ******************
*************************************************
$Calculation_Status
   &GeometryIndex 1
   &ListStatus       OUT
   &VERSION [&Type "String"] "6.0.0"
   &PROGNAME [&Type "String"] "LeanSCF"
   &STATUS [&Type "String"] "NORMAL TERMINATION"
$End
$Geometry
   &GeometryIndex 1
   &ListStatus       OUT
   &NATOMS [&Type "Integer"] 13
   &NCORELESSECP [&Type "Integer"] 0
   &NGHOSTATOMS [&Type "Integer"] 0
   &CartesianCoordinates [&Type "Coordinates", &Dim(13,4), &Units "Bohr"] 
              C     -4.398020403556   -0.008598157344    0.000041865560
              C     -3.083537234043    2.269265744566    0.000062082039
              C     -0.456150078110    2.299749138686    0.000054165976
              C      0.885170787126    0.025697439131    0.000038696111
              C     -0.428747617889   -2.266164689996    0.000023613073
              C     -3.055018090053   -2.270364334775    0.000021112965
              S      4.249566671105   -0.106299269730    0.000016358981
              H     -6.447482808001   -0.021001493121    0.000048476200
              H     -4.105282950638    4.048042159793    0.000075270438
              H      0.541893500707    4.091632680394    0.000056338783
              H      0.600713043408   -4.040807808162    0.000016745808
              H     -4.055094767769   -4.061228876059    0.000012878484
              H      4.644797522169    2.401094367956    0.000203087545
$End
$SCF_Energy
   &GeometryIndex 1
   &ListStatus       OUT
   &SCF_ENERGY [&Type "Double"]      -6.3037634741231523e+02
$End
$DFT_Energy
   &GeometryIndex 1
   &ListStatus       OUT
   &NALPHAEL [&Type "Integer"] 29
   &NBETAEL [&Type "Integer"] 29
   &NTOTALEL [&Type "Integer"] 58
   &EEXCHANGE [&Type "Double"]      -5.8406294325173569e+01
   &ECORR [&Type "Double"]      -1.9558824889732251e+00
   &ECNL [&Type "Double"]       0.0000000000000000e+00
   &EXC [&Type "Double"]      -6.0362176814146792e+01
   &EEMBED [&Type "Double"]       0.0000000000000000e+00
   &FINALEN [&Type "Double"]      -6.3037634741231523e+02  "No Van der Waals correction"
$End
$Mulliken_Population_Analysis
   &GeometryIndex 1
   &ListStatus       OUT
   &NATOMS [&Type "Integer"] 13
   &ATNO [&Type "ArrayOfIntegers", &Dim (13,1)] 
                                                         0

0                                                        6
1                                                        6
2                                                        6
3                                                        6
4                                                        6
5                                                        6
6                                                       16
7                                                        1
8                                                        1
9                                                        1
10                                                       1
11                                                       1
12                                                       1
   &ATOMICCHARGES [&Type "ArrayOfDoubles", &Dim (13,1)] 
                                                         0

0                                     -1.3730379313868291e-01
1                                     -9.5133630295405780e-02
2                                     -2.0875639990922501e-01
3                                      1.7509928374055406e-01
4                                     -1.7011021815667426e-01
5                                     -9.8115113695835809e-02
6                                     -1.5608642884669521e-01
7                                      1.1127681279759161e-01
8                                      1.1161823420013139e-01
9                                      1.0332452252684077e-01
10                                     1.1405624741370124e-01
11                                     1.1110643697994937e-01
12                                     1.3902404638433041e-01
$End
$Loewdin_Population_Analysis
   &GeometryIndex 1
   &ListStatus       OUT
   &NATOMS [&Type "Integer"] 13
   &ATNO [&Type "ArrayOfIntegers", &Dim (13,1)] 
                                                         0

0                                                        6
1                                                        6
2                                                        6
3                                                        6
4                                                        6
5                                                        6
6                                                       16
7                                                        1
8                                                        1
9                                                        1
10                                                       1
11                                                       1
12                                                       1
   &ATOMICCHARGES [&Type "ArrayOfDoubles", &Dim (13,1)] 
                                                         0

0                                     -1.4946657027034771e-01
1                                     -1.3824308432650501e-01
2                                     -1.5400487663863238e-01
3                                     -3.8490096497196191e-01
4                                     -1.5128905816350002e-01
5                                     -1.3772300155256101e-01
6                                      3.5004797138906341e-01
7                                      1.4299457259359283e-01
8                                      1.4500796567284002e-01
9                                      1.4129370364671279e-01
10                                     1.4482745059569524e-01
11                                     1.4521798053227408e-01
12                                     4.6237911493928752e-02
$End
$Mayer_Population_Analysis
   &GeometryIndex 1
   &ListStatus       OUT
   &NATOMS [&Type "Integer"] 13 "Total number of atoms"
   &BONDTHRESH [&Type "Double"]       1.0000000000000001e-01  "The threshold for printing"
   &NBONDORDERSPRINT [&Type "Integer"] 13 "The number of bond orders larger than threshold"
   &BONDORDERS [&Type "ArrayOfDoubles", &Dim (13,1)] "The bond orders"
                                                         0

0                                      1.3909145387046027e+00
1                                      1.3886499417727607e+00
2                                      9.6966647227374303e-01
3                                      1.4129492714039529e+00
4                                      9.6308661033045773e-01
5                                      1.3269646252524390e+00
6                                      9.6909969963129150e-01
7                                      1.3338719242137695e+00
8                                      1.0831182417609906e+00
9                                      1.4286157144316489e+00
10                                     9.6709370895887203e-01
11                                     9.7003552253751035e-01
12                                     9.7044476915753441e-01
   &COMPONENTS [&Type "ArrayOfIntegers", &Dim (13,4)] "The indices and atomic numbers of the bonding atoms"
                                                         0                           1                           2                           3

0                                                        0                           6                           1                           6
1                                                        0                           6                           5                           6
2                                                        0                           6                           7                           1
3                                                        1                           6                           2                           6
4                                                        1                           6                           8                           1
5                                                        2                           6                           3                           6
6                                                        2                           6                           9                           1
7                                                        3                           6                           4                           6
8                                                        3                           6                           6                          16
9                                                        4                           6                           5                           6
10                                                       4                           6                          10                           1
11                                                       5                           6                          11                           1
12                                                       6                          16                          12                           1
   &ATNO [&Type "ArrayOfIntegers", &Dim (13,1)] "Atomic number of the elements"
                                                         0

0                                                        6
1                                                        6
2                                                        6
3                                                        6
4                                                        6
5                                                        6
6                                                       16
7                                                        1
8                                                        1
9                                                        1
10                                                       1
11                                                       1
12                                                       1
   &NA [&Type "ArrayOfDoubles", &Dim (13,1)] "Mulliken gross atomic population"
                                                         0

0                                      6.1373037931386580e+00
1                                      6.0951336302954138e+00
2                                      6.2087563999092135e+00
3                                      5.8249007162594317e+00
4                                      6.1701102181566805e+00
5                                      6.0981151136958172e+00
6                                      1.6156086428846670e+01
7                                      8.8872318720240928e-01
8                                      8.8838176579986605e-01
9                                      8.9667547747315779e-01
10                                     8.8594375258630043e-01
11                                     8.8889356302005262e-01
12                                     8.6097595361567025e-01
   &ZA [&Type "ArrayOfDoubles", &Dim (13,1)] "Total nuclear charge"
                                                         0

0                                      6.0000000000000000e+00
1                                      6.0000000000000000e+00
2                                      6.0000000000000000e+00
3                                      6.0000000000000000e+00
4                                      6.0000000000000000e+00
5                                      6.0000000000000000e+00
6                                      1.6000000000000000e+01
7                                      1.0000000000000000e+00
8                                      1.0000000000000000e+00
9                                      1.0000000000000000e+00
10                                     1.0000000000000000e+00
11                                     1.0000000000000000e+00
12                                     1.0000000000000000e+00
   &QA [&Type "ArrayOfDoubles", &Dim (13,1)] "Mulliken gross atomic charge"
                                                         0

0                                     -1.3730379313865804e-01
1                                     -9.5133630295413774e-02
2                                     -2.0875639990921346e-01
3                                      1.7509928374056827e-01
4                                     -1.7011021815668048e-01
5                                     -9.8115113695817158e-02
6                                     -1.5608642884667034e-01
7                                      1.1127681279759072e-01
8                                      1.1161823420013395e-01
9                                      1.0332452252684221e-01
10                                     1.1405624741369957e-01
11                                     1.1110643697994738e-01
12                                     1.3902404638432975e-01
   &VA [&Type "ArrayOfDoubles", &Dim (13,1)] "Mayer's total valence"
                                                         0

0                                      3.9039417758703765e+00
1                                      3.9059750517488259e+00
2                                      3.9084742009272730e+00
3                                      3.8140143575443557e+00
4                                      3.8901259985423362e+00
5                                      3.9173830952405533e+00
6                                      2.2493004671966306e+00
7                                      9.7669199155771547e-01
8                                      9.7450961356698884e-01
9                                      9.7526262150891752e-01
10                                     9.7996746017216863e-01
11                                     9.7474582385966813e-01
12                                     9.7615604646735621e-01
   &BVA [&Type "ArrayOfDoubles", &Dim (13,1)] "Mayer's bonded valence"
                                                         0

0                                      3.9039417758701940e+00
1                                      3.9059750517483698e+00
2                                      3.9084742009269187e+00
3                                      3.8140143575442731e+00
4                                      3.8901259985424366e+00
5                                      3.9173830952405289e+00
6                                      2.2493004671966954e+00
7                                      9.7669199155767128e-01
8                                      9.7450961356697952e-01
9                                      9.7526262150889864e-01
10                                     9.7996746017216330e-01
11                                     9.7474582385964170e-01
12                                     9.7615604646735965e-01
   &FA [&Type "ArrayOfDoubles", &Dim (13,1)] "Mayer's free valence"
                                                         0

0                                      0.0000000000000000e+00
1                                      0.0000000000000000e+00
2                                      0.0000000000000000e+00
3                                      0.0000000000000000e+00
4                                      0.0000000000000000e+00
5                                      0.0000000000000000e+00
6                                      0.0000000000000000e+00
7                                      0.0000000000000000e+00
8                                      0.0000000000000000e+00
9                                      0.0000000000000000e+00
10                                     0.0000000000000000e+00
11                                     0.0000000000000000e+00
12                                     0.0000000000000000e+00
$End
$VdW_Correction
   &GeometryIndex 1
   &ListStatus       OUT
   &VDW [&Type "Double"]      -4.3820408491350776e-03
$End
$Calculation_Info
   &GeometryIndex 1
   &ListStatus       OUT
   &MULT [&Type "Integer"] 1
   &CHARGE [&Type "Integer"] 0
   &NUMOFATOMS [&Type "Integer"] 13
   &NUMOFELECTRONS [&Type "Integer"] 58
   &NUMOFFCELECTRONS [&Type "Integer"] 1
   &NUMOFCORRELECTRONS [&Type "Integer"] 0
   &NUMOFBASISFUNCTS [&Type "Integer"] 259
   &NUMOFAUXCBASISFUNCTS [&Type "Integer"] 0
   &NUMOFAUXJBASISFUNCTS [&Type "Integer"] 288
   &NUMOFAUXJKBASISFUNCTS [&Type "Integer"] 0
   &NUMOFCABSBASISFUNCTS [&Type "Integer"] 0
   &TOTALENERGY [&Type "Double"]      -6.3037502801386438e+02  "Hartrees"
$End
$SCF_Dipole_Moment
   &GeometryIndex 1
   &ListStatus       OUT
   &METHOD [&Type "String"] "SCF"
   &LEVEL [&Type "String"] "Relaxed density"
   &MULT [&Type "Integer"] 1
   &STATE [&Type "Integer"] -1
   &IRREP [&Type "Integer"] 0
   &NATOMS [&Type "Integer"] 13
   &DODIPOLEATOM [&Type "Boolean"] false
   &DIPOLEELECCONTRIB [&Type "ArrayOfDoubles", &Dim (3,1)] "Electronic contribution"
                                                         0

0                                      4.1719809120526667e+00
1                                     -8.9776972297738178e-01
2                                     -7.6930079641862885e-05
   &DIPOLENUCCONTRIB [&Type "ArrayOfDoubles", &Dim (3,1)] "Nuclear contribution"
                                                         0

0                                     -4.4655975669186763e+00
1                                      1.2120341669166508e+00
2                                      1.0135490747184778e-04
   &DIPOLETOTAL [&Type "ArrayOfDoubles", &Dim (3,1)] "Total"
                                                         0

0                                     -2.9361665486600952e-01
1                                      3.1426444393926900e-01
2                                      2.4424827829984896e-05
   &DIPOLEMAGNITUDE [&Type "Double", &Units "a.u."]       4.3008473738989567e-01
$End
$THERMOCHEMISTRY_Energies
   &GeometryIndex 1
   &ListStatus       OUT
   &TEMPERATURE [&Type "Double"]       2.9814999999999998e+02
   &PRESSURE [&Type "Double"]       1.0000000000000000e+00
   &TOTALMASS [&Type "Double"]       1.1017399999999999e+02
   &SPINDEGENERACY [&Type "Integer"] 1
   &ELENERGY [&Type "Double"]      -6.3037502801386438e+02
   &TRANSENERGY [&Type "Double"]       1.4162714244859817e-03
   &ROTENERGY [&Type "Double"]       1.4162714244859817e-03
   &VIBENERGY [&Type "Double"]       3.3400847878529245e-03
   &NUMOFFREQS [&Type "Integer"] 39
   &FREQSCALINGFACTOR [&Type "Double"]       1.0000000000000000e+00
   &FREQ [&Type "ArrayOfDoubles", &Dim (39,1)] "In cm^-1"
                                                         0

0                                      0.0000000000000000e+00
1                                      0.0000000000000000e+00
2                                      0.0000000000000000e+00
3                                      0.0000000000000000e+00
4                                      0.0000000000000000e+00
5                                      0.0000000000000000e+00
6                                      1.7971288963368079e+02
7                                      2.0811752130858903e+02
8                                      2.8357867924169960e+02
9                                      4.0383887375194473e+02
10                                     4.0839048238639930e+02
11                                     4.7631025434743600e+02
12                                     6.3248994703335620e+02
13                                     6.9926428151027665e+02
14                                     7.0417702829524251e+02
15                                     7.4159742975436677e+02
16                                     8.3092929131642666e+02
17                                     8.8749495276742664e+02
18                                     9.3558711472872176e+02
19                                     9.4362429412454014e+02
20                                     9.6872322938529669e+02
21                                     1.0192310234902012e+03
22                                     1.0470255205594840e+03
23                                     1.1024826280356406e+03
24                                     1.1072807994705263e+03
25                                     1.1820355904825158e+03
26                                     1.2075705574453668e+03
27                                     1.3301995813626509e+03
28                                     1.3542653142190056e+03
29                                     1.4724458679549793e+03
30                                     1.5052968783085435e+03
31                                     1.6095952414945409e+03
32                                     1.6200234995199544e+03
33                                     2.6811352469170643e+03
34                                     3.1563766034196115e+03
35                                     3.1595977153100916e+03
36                                     3.1702110485655671e+03
37                                     3.1747108626718955e+03
38                                     3.1872304364514362e+03
   &ZPE [&Type "Double"]       9.8850947998973857e-02
   &INNERENERGYU [&Type "Double"]      -6.3027000443822874e+02
   &ENTHALPYH [&Type "Double"]      -6.3026906022918649e+02
   &QEL [&Type "Double"]       0.0000000000000000e+00
   &QROT [&Type "Double"]       1.3203185034546492e-02
   &QVIB [&Type "Double"]       5.1840836914609422e-03
   &QTRANS [&Type "Double"]       1.9008465717573662e-02
   &ENTROPYS [&Type "Double"]       3.7395734443581095e-02
   &FREEENERGYG [&Type "Double"]      -6.3030645596363013e+02
   &ISLINEAR [&Type "Boolean"] false
$End
$Hessian
   &GeometryIndex 1
   &ListStatus       OUT
   &HESSIAN [&Type "ArrayOfDoubles", &Dim (39,39)] "The Hessian"
                                                         0                           1                           2                           3                           4                           5                           6                           7

0                                      7.3844643747315442e-01         7.5851239784348150e-04        -1.3540309638972667e-06        -1.7677746548926088e-01        -1.1814145194560756e-01        -9.8232240642866841e-07        -2.9907747912213397e-02        -2.8702139687961419e-02
1                                      7.5851239784348150e-04         6.5215885688114694e-01         4.4956320565535208e-06        -5.8880529382943823e-02        -2.7932360560344072e-01        -2.1151828569001302e-06        -7.2628374247744931e-02         2.9197715221959183e-02
2                                     -1.3540309638972667e-06         4.4956320565535208e-06         1.2033286507415479e-01        -5.1435208535155344e-07        -1.9716426525796645e-06        -5.7150924410488253e-02        -2.7838539149184117e-07         2.5379390686435861e-07
3                                     -1.7677746548926088e-01        -5.8880529382943823e-02        -5.1435208535155344e-07         6.7447363065834087e-01        -2.9823405638400739e-02        -1.1328568867329307e-06        -3.3396079832598169e-01        -3.3870279665951748e-02
4                                     -1.1814145194560756e-01        -2.7932360560344072e-01        -1.9716426525796645e-06        -2.9823405638400739e-02         7.1402163703908372e-01         4.6674984992116155e-06         2.7486816168771515e-02        -1.2452349509430759e-01
5                                     -9.8232240642866841e-07        -2.1151828569001302e-06        -5.7150924410488253e-02        -1.1328568867329307e-06         4.6674984992116155e-06         1.2584290887494648e-01         7.4370288575611344e-07        -3.2950120826010303e-07
6                                     -2.9907747912213397e-02        -7.2628374247744931e-02        -2.7838539149184117e-07        -3.3396079832598169e-01         2.7486816168771515e-02         7.4370288575611344e-07         6.7498953124975436e-01         4.1593631071587825e-02
7                                     -2.8702139687961419e-02         2.9197715221959183e-02         2.5379390686435861e-07        -3.3870279665951748e-02        -1.2452349509430759e-01        -3.2950120826010303e-07         4.1593631071587825e-02         6.9921227151735921e-01
8                                     -8.4789972729837930e-08         2.1348362149350097e-07         6.9836281054811936e-03         7.8561703593019507e-07        -2.1163806568731782e-07        -5.4211713397786881e-02        -1.7813537455636734e-06         2.4366641913299559e-06
9                                      5.0170555260562189e-03         5.0157283258476116e-04        -6.2089610575172863e-09        -3.2848292752269970e-02         2.8319630405221834e-02         2.5120668080954847e-07        -1.5222878358276590e-01         1.0490625636433142e-01
10                                     1.4362170894607028e-05        -6.7452972305457479e-02        -6.4346903226422024e-07         7.7103972351567185e-02         3.1384137345191722e-02         1.9661827256240809e-07         5.3601951644295417e-02        -2.6656817072279604e-01
11                                    -6.8312001017335972e-08        -2.3518695352369346e-07        -6.9738660756578676e-03         4.5366298293419816e-07        -1.2629970841439876e-07         6.4145170569214170e-03         7.3342165206646405e-07        -1.4778747489750708e-06
12                                    -3.1348750678928040e-02         7.1623481660995580e-02         4.3937327608759985e-07        -4.4667980061667230e-02        -2.7611393429125927e-02        -1.6190582712481727e-07         5.5134099647540846e-02        -1.7559633041569447e-02
13                                     2.8063035493377134e-02         3.0880400406650306e-02         1.1700435046820268e-07        -2.5285281882043667e-02        -1.6021730094647045e-02        -1.0618782847481526e-07         1.8439285915232907e-02        -5.3097725282841401e-02
14                                     9.6829694007276426e-08         2.8660460870687020e-07         7.5171565821820375e-03        -2.3713816423449120e-07        -2.6313947095952644e-07        -7.4707723116215954e-03         9.5014690819665625e-08        -1.7345745201550466e-07
15                                    -1.7887716565464029e-01         5.9976758702573414e-02         1.0524477490691098e-06         5.9500332714846026e-02         2.2448658162522526e-02        -9.2197459719845854e-08        -4.5444349216388603e-02         2.4773240428622202e-02
16                                     1.1896556921297999e-01        -2.7692102561687809e-01        -2.1392779297673609e-06        -2.0964185471253283e-02        -6.0484704407043698e-02        -3.2922371803144702e-07         2.7262375703553360e-02        -1.5184227527953027e-02
17                                     1.2626342239062000e-06        -1.9176925974024728e-06        -5.7653104882579374e-02        -6.4261071467940111e-08        -3.9525099647300761e-07         7.0826741402386182e-03         1.1521741349940775e-07        -1.4623584019591747e-07
18                                    -4.1487649178269664e-03        -1.4086812780953015e-04        -7.0314776049912329e-08         5.2215356724790926e-03         3.8375608828972113e-03         1.5981075948911465e-07        -3.7164249078382200e-02         4.1704475351897613e-03
19                                     1.8737591007492085e-04         2.8802350249928894e-03         4.7323235366395971e-08        -2.3376770130202475e-03        -4.6639423466542660e-03        -2.5829374249375704e-07         2.5100428117298353e-02         1.1942640384105460e-03
20                                     1.5244922924966953e-07        -2.3778940754774691e-07        -9.6288075988200611e-04         2.0242723044080172e-07         1.2458512990758912e-07         5.0758054505801722e-03         1.9627379837957617e-08        -1.2935230673922088e-08
21                                    -3.3449742702930474e-01        -1.6457642006173306e-03         8.4628555897488195e-07        -1.2000076597710442e-02         2.4428072169784612e-03         1.6836216304112326e-07         9.0664830645687151e-04        -3.3530671141231774e-03
22                                    -1.6256272333541990e-03        -5.8218276393925163e-02        -2.3887321799703453e-07        -2.8584593867213265e-02         4.3262385593667973e-03         8.0902067900575829e-08        -2.2731641009417006e-03        -4.5997889145417484e-03
23                                     1.0282137098613502e-06        -2.0645040709083507e-07        -3.1423836428500135e-02        -3.6587061846385779e-07        -5.9101666483447603e-08         9.0133536989055532e-04         6.4412455581374673e-08        -1.0817201455147700e-07
24                                     1.1769386812585738e-02        -1.4339046943566656e-02        -2.1115011620876925e-07        -1.2615646614437109e-01         1.1826449713022651e-01         9.9049108428555083e-07        -1.1640416102638274e-02         2.8682745312645721e-02
25                                     1.6651575924937410e-02        -1.8819482292962049e-02        -6.8736391383430166e-08         1.1833961691098145e-01        -2.6419755527393562e-01        -1.8125440219579751e-06        -2.0085813874033617e-03         2.7949158202021278e-03
26                                     1.3695249759653526e-07        -2.4430788757582026e-07         2.1588709472695530e-03         9.4604257588073775e-07        -1.6151183052005344e-06        -3.4203576753795942e-02        -6.5064253279082742e-08        -3.8602490365975151e-08
27                                    -5.7476171327487920e-03         1.5835961589327294e-03         6.8671085774520916e-08        -1.1168705291658223e-02        -2.9503396332506551e-02        -8.4136657417143617e-08        -1.2035904908138695e-01        -1.1692523973062953e-01
28                                     3.4708118209541942e-04         2.1744337995697454e-03         4.9489472481244805e-08         1.2179574270053742e-03         2.5872709167480855e-03        -2.9337011496603009e-08        -1.1590658479081553e-01        -2.6649104553328173e-01
29                                     3.5127502712619144e-08         7.0167358237339867e-09         7.4592904305448545e-03        -6.3390263462080138e-08         7.2691646410116293e-08         1.4746869292676977e-03         1.9116159825904057e-07        -3.1292458839207603e-07
30                                    -5.7690868969332921e-03        -1.6186759378786818e-03        -6.5145554955954519e-08        -7.2045037590594296e-04        -9.2812401463869738e-04         1.4496384337218258e-08        -1.2673667714350437e-03        -3.2920495271292582e-03
31                                    -4.8237078956524931e-04         2.0637313066829105e-03         6.1517409838316272e-08        -1.0053643459577179e-03         2.7011168289878739e-04        -1.8520727947195546e-08        -4.3118071909204157e-03        -3.1010554622945222e-03
32                                     1.9736458338783975e-10         2.6391299576554473e-08         7.3921624015794831e-03        -5.8828058067989112e-08        -3.0977389012914620e-08        -3.7489216358403850e-04        -2.1204165960643212e-08        -8.9831287387763836e-08
33                                     1.1744932856940903e-02         1.4674501604087738e-02         1.1345178285489024e-07        -8.1755004257871942e-04         3.4631991081989872e-03         6.7131728290492439e-08        -8.3963029171238283e-04         9.1599226221605456e-04
34                                    -1.6230121256966649e-02        -1.8809054637664462e-02        -3.9768216967569155e-08         4.4223220292188619e-03        -3.3705725861100048e-03        -6.7239240427328077e-08         9.4526794692393386e-04         3.8695192996870297e-04
35                                    -1.1414671500484211e-07        -2.4747163888132941e-07         2.2938445830830590e-03         1.1007953526345393e-07        -7.6112184852659436e-08         7.1925522135781114e-03        -1.5225312733138071e-08         1.3100494945845194e-08
36                                     9.6213043119009497e-05         1.1801373878815357e-04        -2.8198880699698172e-08        -7.7713964261605546e-05        -2.2106581383904943e-04         3.3824912009792388e-08         1.7821111591523851e-03        -1.5305960459399614e-03
37                                     2.1102036600722943e-04         1.8904420932595086e-04         2.9477003203124725e-08        -3.6688335268689572e-04        -3.7901371502603760e-06         1.2129457140878870e-07         2.8894469888742034e-03         7.7939001011623731e-04
38                                    -1.0124488588757718e-07         2.2248343295196236e-07         2.6794432812680730e-05        -3.6739573264092031e-08        -1.1577789095988197e-07        -5.7260099814634134e-04         1.0883974198425226e-07         5.0313492209112946e-08
                                                         8                           9                          10                          11                          12                          13                          14                          15

0                                     -8.4789972729837930e-08         5.0170555260562189e-03         1.4362170894607028e-05        -6.8312001017335972e-08        -3.1348750678928040e-02         2.8063035493377134e-02         9.6829694007276426e-08        -1.7887716565464029e-01
1                                      2.1348362149350097e-07         5.0157283258476116e-04        -6.7452972305457479e-02        -2.3518695352369346e-07         7.1623481660995580e-02         3.0880400406650306e-02         2.8660460870687020e-07         5.9976758702573414e-02
2                                      6.9836281054811936e-03        -6.2089610575172863e-09        -6.4346903226422024e-07        -6.9738660756578676e-03         4.3937327608759985e-07         1.1700435046820268e-07         7.5171565821820375e-03         1.0524477490691098e-06
3                                      7.8561703593019507e-07        -3.2848292752269970e-02         7.7103972351567185e-02         4.5366298293419816e-07        -4.4667980061667230e-02        -2.5285281882043667e-02        -2.3713816423449120e-07         5.9500332714846026e-02
4                                     -2.1163806568731782e-07         2.8319630405221834e-02         3.1384137345191722e-02        -1.2629970841439876e-07        -2.7611393429125927e-02        -1.6021730094647045e-02        -2.6313947095952644e-07         2.2448658162522526e-02
5                                     -5.4211713397786881e-02         2.5120668080954847e-07         1.9661827256240809e-07         6.4145170569214170e-03        -1.6190582712481727e-07        -1.0618782847481526e-07        -7.4707723116215954e-03        -9.2197459719845854e-08
6                                     -1.7813537455636734e-06        -1.5222878358276590e-01         5.3601951644295417e-02         7.3342165206646405e-07         5.5134099647540846e-02         1.8439285915232907e-02         9.5014690819665625e-08        -4.5444349216388603e-02
7                                      2.4366641913299559e-06         1.0490625636433142e-01        -2.6656817072279604e-01        -1.4778747489750708e-06        -1.7559633041569447e-02        -5.3097725282841401e-02        -1.7345745201550466e-07         2.4773240428622202e-02
8                                      1.1943738632510972e-01         9.1874468596852583e-07        -1.3743811195038988e-06        -6.1051327321350810e-02         4.2095756942211654e-09        -1.7223430571347761e-07         1.0094418948907780e-02         1.1843778593460435e-07
9                                      9.1874468596852583e-07         4.9886492375369235e-01        -4.7799602315392138e-03        -8.5807289718920422e-07        -1.5368767319093374e-01        -1.0032154723991067e-01        -6.9481205809772750e-07        -3.1131010425287580e-02
10                                    -1.3743811195038988e-06        -4.7799602315392138e-03         6.3805355188327040e-01         4.9147907294379462e-06        -5.1769526584350169e-02        -2.6955538658896094e-01        -1.3506873850918888e-06        -7.6724620927857090e-02
11                                    -6.1051327321350810e-02        -8.5807289718920422e-07         4.9147907294379462e-06         1.2545271625409099e-01        -5.5839713032179331e-07        -1.7346614672879069e-06        -6.3925263865930865e-02        -2.9495351178184853e-07
12                                     4.2095756942211654e-09        -1.5368767319093374e-01        -5.1769526584350169e-02        -5.5839713032179331e-07         6.8486217113746040e-01        -4.0952154953464437e-02         3.8072622963938089e-07        -3.3657729607400011e-01
13                                    -1.7223430571347761e-07        -1.0032154723991067e-01        -2.6955538658896094e-01        -1.7346614672879069e-06        -4.0952154953464437e-02         6.9572879935468168e-01         3.1060681413414129e-06         3.0615748923345888e-02
14                                     1.0094418948907780e-02        -6.9481205809772750e-07        -1.3506873850918888e-06        -6.3925263865930865e-02         3.8072622963938089e-07         3.1060681413414129e-06         1.2365397148774927e-01         1.1874488759421056e-07
15                                     1.1843778593460435e-07        -3.1131010425287580e-02        -7.6724620927857090e-02        -2.9495351178184853e-07        -3.3657729607400011e-01         3.0615748923345888e-02         1.1874488759421056e-07         6.7595280431209726e-01
16                                    -2.8579927571201827e-07        -2.9606477460114036e-02         3.1174999941190013e-02         1.3076957700283145e-07        -2.9941590025017863e-02        -1.2501590604465582e-01        -3.1460746248275916e-07         3.0244103124969418e-02
17                                    -7.8456757402848160e-03         6.2504376831736411e-09         2.9732270525956942e-07         6.8964670784651084e-03        -1.3093245131636592e-07        -3.8164595880286530e-07        -5.5513493372809031e-02        -3.0957298425577093e-07
18                                     1.4164981273268965e-07        -1.3677347897609010e-01         3.1459842917384642e-02         2.4491091440360265e-06        -2.8213174829006551e-02        -8.6783225114803603e-03         1.4925369837639535e-08         4.9580822810104111e-03
19                                    -2.1203681379540583e-07         2.6778618168374901e-03        -5.9570254487212967e-02        -1.8087338705963031e-06        -2.9872060552407848e-02         4.3591692276044661e-03        -1.3737956473624256e-08         1.8453448120179816e-03
20                                     4.1611955913665160e-03         2.5068271199337108e-07        -2.0923292807811251e-06        -2.2427275696391649e-02        -1.7383190587070301e-07         1.5977994467403396e-07         3.8192113735930986e-03        -5.7101849460660389e-07
21                                    -8.9323550693534241e-08         6.8365513891184213e-04         3.8726461687500942e-05         1.0822464862717911e-08         7.7505187465722741e-04         3.4522001405386492e-03         8.5289220065461758e-08        -1.2268072194679125e-02
22                                    -9.7780293066331345e-08        -1.8994138570953026e-05        -1.5691236456827698e-03         8.7527482823553391e-09         2.4488813445370551e-03        -4.5296669535808548e-03        -1.1276289314047770e-07         2.8293870202130991e-02
23                                     7.2836641622805055e-03        -2.0022554949328766e-08        -3.3612617734205192e-08        -9.3105402087603718e-04        -3.7680111338690580e-08        -9.7438172658956048e-08         7.0416390726624357e-03         2.6263343667098862e-07
