
$orca_hessian_file

$act_atom
  0

$act_coord
  0

$act_energy
        0.000000

$multiplicity
  1

$hessian
39
                    0                  1                  2                  3                  4        
    0      4.6073058062E-01   7.5824263015E-05  -6.5009397233E-03  -2.1246005479E-01   2.4099015811E-04
    1      7.5824263015E-05   6.0470990693E-01  -4.9042102308E-06   2.0177791687E-04  -1.0948579843E-01
    2     -6.5009397233E-03  -4.9042102308E-06   5.5981841912E-01  -1.1622579731E-02  -1.9195367129E-05
    3     -2.1246005479E-01   2.0177791687E-04  -1.1622579731E-02   7.6420779761E-01  -4.3724367071E-04
    4      2.4099015811E-04  -1.0948579843E-01  -1.9195367129E-05  -4.3724367071E-04   6.4518592069E-01
    5     -9.8279227182E-03  -3.1817715513E-05  -5.5452972333E-02   8.4682157859E-03   1.3585088339E-04
    6     -2.3759015419E-02   2.6749119246E-02   4.3144312109E-03  -1.6502232313E-01   8.2858148676E-02
    7      3.6134314312E-03   9.6122556282E-03  -1.3099643974E-03   8.4838087885E-02  -2.3904216908E-01
    8     -6.2799141393E-04   8.3058413300E-04  -6.0661456038E-03   2.1910009626E-03  -4.5225790195E-03
    9      3.8527204752E-03   4.3019937089E-03  -1.1596147853E-03  -7.9404855779E-02   4.5223410981E-02
   10      4.7037047713E-03  -6.1115311051E-03  -1.9116827447E-03   3.3911096547E-03  -7.8511791854E-03
   11      4.6767928160E-04   3.3430822964E-04   1.9104535769E-03   2.3658393029E-03  -1.4908508073E-03
   12      3.9107159898E-03  -4.1124187597E-03  -1.1568943079E-03  -7.9471942202E-02  -4.5432341469E-02
   13     -4.6483844001E-03  -6.3480789741E-03   1.9057134406E-03  -3.4886546005E-03  -7.5848043717E-03
   14      4.7372937280E-04  -3.4803562519E-04   1.7814351613E-03   2.3629685022E-03   1.4762647147E-03
   15     -2.3657656460E-02  -2.7313519237E-02   4.2494445596E-03  -1.6502714673E-01  -8.2489917575E-02
   16     -3.6637969255E-03   9.4941248908E-03   1.3162589198E-03  -8.4619520184E-02  -2.3902352592E-01
   17     -6.7216718722E-04  -8.0906630748E-04  -5.9001537714E-03   2.1736793140E-03   4.4424276339E-03
   18     -6.3272167832E-02   1.2999115460E-03  -6.4987328363E-02  -2.8219631639E-02   8.5405186673E-04
   19      1.4205913831E-03  -4.9360981458E-02   4.7969653441E-03   6.6372191324E-05   5.4684814998E-04
   20     -6.7387204904E-02   4.8709692166E-03  -2.8490404115E-01  -5.6369735111E-03  -6.3000558660E-05
   21     -7.4635335801E-02   6.4179564709E-02   4.0023256591E-02  -2.2718507317E-02   3.4532129463E-02
   22      7.2614309843E-02  -2.2284475987E-01  -1.0430692889E-01   9.7469242718E-04   5.1675785876E-04
   23      4.3928951879E-02  -1.0603056736E-01  -1.1078960380E-01  -3.7049481100E-04   3.6518611001E-03
   24     -7.4496114211E-02  -6.5442593496E-02   3.6911153754E-02  -2.2304716589E-02  -3.5333539608E-02
   25     -7.4326273893E-02  -2.3224944309E-01   9.9530794989E-02  -9.3778367579E-04   5.2878817634E-04
   26      4.0668733905E-02   1.0119404671E-01  -1.0202810640E-01  -4.5832845089E-04  -3.5953336106E-03
   27      1.7417959271E-03   3.1253476157E-04  -3.6740014212E-04   1.0386476117E-02   2.2191228232E-02
   28     -2.0724606633E-03   5.5438793035E-04   2.8266193282E-04  -1.2868289224E-02  -2.1461918478E-02
   29     -1.5188847687E-04  -3.7982056183E-04  -1.5974941972E-03  -1.5695649942E-04  -1.2297355192E-03
   30      1.6633362127E-04   1.3283256101E-03   3.4051565612E-04  -5.2294494708E-03  -2.2924778875E-03
   31     -2.8351356453E-04   7.3376879686E-04  -1.4992599718E-05  -3.8383696489E-03  -4.4376695295E-04
   32     -1.1549699507E-04  -1.2419194245E-05   2.3893078255E-03   3.8939735633E-04   4.7979797370E-04
   33      1.6759328197E-04  -1.3421151240E-03   3.3530745577E-04  -5.2334644078E-03   2.2915029187E-03
   34      2.7814639095E-04   7.3131103936E-04   1.4016379634E-05   3.8366923244E-03  -4.3595717533E-04
   35     -1.1016146643E-04   1.5900167516E-05   2.3452561331E-03   3.8669807689E-04  -4.8177001243E-04
   36      1.7106045922E-03  -2.3977262539E-04  -3.6953378408E-04   1.0497818316E-02  -2.2213559933E-02
   37      2.0487986878E-03   5.6483770823E-04  -2.8613659600E-04   1.2888746451E-02  -2.1449195280E-02
   38     -1.5513994428E-04   3.7821632139E-04  -1.5063545534E-03  -1.5623106706E-04   1.2163772001E-03
                    5                  6                  7                  8                  9        
    0     -9.8279227182E-03  -2.3759015419E-02   3.6134314312E-03  -6.2799141393E-04   3.8527204752E-03
    1     -3.1817715513E-05   2.6749119246E-02   9.6122556282E-03   8.3058413300E-04   4.3019937089E-03
    2     -5.5452972333E-02   4.3144312109E-03  -1.3099643974E-03  -6.0661456038E-03  -1.1596147853E-03
    3      8.4682157859E-03  -1.6502232313E-01   8.4838087885E-02   2.1910009626E-03  -7.9404855779E-02
    4      1.3585088339E-04   8.2858148676E-02  -2.3904216908E-01  -4.5225790195E-03   4.5223410981E-02
    5      1.2970705663E-01  -2.4261022735E-03  -1.4430976527E-03  -5.6274007634E-02   5.5815324449E-03
    6     -2.4261022735E-03   6.6088621457E-01   1.2859886019E-01  -1.1611648853E-02  -3.3805317954E-01
    7     -1.4430976527E-03   1.2859886019E-01   7.7307963765E-01  -1.7625407118E-03  -7.7979856747E-02
    8     -5.6274007634E-02  -1.1611648853E-02  -1.7625407118E-03   1.0841965537E-01   5.6132069138E-03
    9      5.5815324449E-03  -3.3805317954E-01  -7.7979856747E-02   5.6132069138E-03   7.6964185826E-01
   10      3.8939428230E-03  -6.3792594069E-02  -1.2150863217E-01   1.2302371798E-03  -1.2034449458E-01
   11      1.2893565647E-02   5.8681940279E-03   1.8823597733E-03  -5.9453250240E-02  -1.3011410343E-02
   12      5.5535373830E-03  -2.8126524551E-03  -1.7234352469E-02   3.2558791019E-04  -1.0823513765E-01
   13     -3.9090108720E-03  -7.1559174183E-02  -3.7112608699E-02   2.5413393233E-03   1.3830165335E-02
   14      1.2932141841E-02   9.3362901568E-04   1.8250208940E-04   1.1364151924E-02   1.5090820038E-04
   15     -2.4787764562E-03  -9.7128696686E-03  -1.4090552251E-02   1.4286840553E-03  -2.8894961759E-03
   16      1.3316879645E-03   1.4095307090E-02  -9.3588412972E-02   4.3018135126E-04   1.7230559078E-02
   17     -5.6709879736E-02   1.4538889211E-03  -4.9667884389E-04   1.6006466004E-02   3.2670994452E-04
   18     -3.1709971629E-02   3.2440364758E-03  -3.5469024133E-03  -2.1016947308E-03  -2.8722282232E-03
   19     -4.0997345715E-05   4.8715415579E-04   1.7283891054E-04   7.5617843683E-05  -3.4000285282E-04
   20      7.5465442344E-03   9.2567423495E-04  -8.7598705517E-04   2.6905850673E-04  -8.0129552462E-04
   21      1.4461990632E-02  -2.7566413398E-03  -4.9596974098E-03   2.2991112228E-03  -1.9618437629E-03
   22      1.8922080405E-03  -1.1819940883E-05   8.0111352504E-04  -5.5921498973E-04  -3.6065052955E-04
   23      2.2389669956E-03  -1.5646792118E-03   7.1700940610E-04   3.0705265739E-04  -1.3712144752E-04
   24      1.3411479921E-02   2.9474434773E-03  -1.5529425927E-03  -3.2905362463E-04  -5.8311445192E-04
   25     -1.8205543270E-03   1.1179070877E-03   9.0729087690E-04  -5.0850335775E-04  -4.0732751765E-04
   26      1.7413876058E-03  -2.0477798660E-04   4.4813005298E-04   4.1964630918E-04   4.8372160759E-04
   27     -3.9125425529E-04  -1.1034442104E-01  -1.1613718771E-01   2.5091881911E-03   3.0676745856E-03
   28      4.2014382146E-04  -1.0635550818E-01  -2.9572731053E-01   2.1234607599E-03   1.2419207537E-03
   29     -3.7289403877E-03   2.0332673141E-03   2.8631055420E-03  -1.8200144587E-02   3.1114703899E-05
   30     -9.2975468434E-05  -1.0722268869E-02   2.0009974765E-02  -2.1289021915E-05  -2.4281429167E-01
   31      1.6334170042E-04  -8.5373929880E-03   1.0335672552E-02   6.3348274822E-05   1.4067735786E-01
   32      4.3926389094E-03   4.1278303077E-04  -4.7013593935E-04  -2.4246484745E-03   2.7017451228E-03
   33     -8.8204304082E-05   2.2901639336E-04   1.7506382100E-03   3.1763793641E-05   6.1819250366E-03
   34     -1.6643408131E-04   8.0898071272E-04  -6.6721570198E-03   1.4106922922E-05  -2.3928565596E-02
   35      4.4469239105E-03  -2.8533781726E-04   1.7895604687E-04   3.7963568645E-03  -2.8040171529E-05
   36     -3.9778429256E-04  -4.1233394551E-03  -3.1056667452E-03   3.0490185971E-04  -5.9300310975E-03
   37     -4.2537785015E-04  -4.6628219247E-03  -1.2575186766E-03   1.2015055668E-04   7.0401766385E-04
   38     -3.7334256871E-03   1.3891112198E-04   1.0153422954E-05   1.8358089026E-03   2.8588716107E-04
                   10                 11                 12                 13                 14        
    0      4.7037047713E-03   4.6767928160E-04   3.9107159898E-03  -4.6483844001E-03   4.7372937280E-04
    1     -6.1115311051E-03   3.3430822964E-04  -4.1124187597E-03  -6.3480789741E-03  -3.4803562519E-04
    2     -1.9116827447E-03   1.9104535769E-03  -1.1568943079E-03   1.9057134406E-03   1.7814351613E-03
    3      3.3911096547E-03   2.3658393029E-03  -7.9471942202E-02  -3.4886546005E-03   2.3629685022E-03
    4     -7.8511791854E-03  -1.4908508073E-03  -4.5432341469E-02  -7.5848043717E-03   1.4762647147E-03
    5      3.8939428230E-03   1.2893565647E-02   5.5535373830E-03  -3.9090108720E-03   1.2932141841E-02
    6     -6.3792594069E-02   5.8681940279E-03  -2.8126524551E-03  -7.1559174183E-02   9.3362901568E-04
    7     -1.2150863217E-01   1.8823597733E-03  -1.7234352469E-02  -3.7112608699E-02   1.8250208940E-04
    8      1.2302371798E-03  -5.9453250240E-02   3.2558791019E-04   2.5413393233E-03   1.1364151924E-02
    9     -1.2034449458E-01  -1.3011410343E-02  -1.0823513765E-01   1.3830165335E-02   1.5090820038E-04
   10      6.1593024173E-01   8.5086149127E-04  -1.3767886825E-02  -2.7760496066E-01  -4.2023082141E-04
   11      8.5086149127E-04   1.1076292264E-01   1.4154666221E-04   2.9482723267E-04  -5.6117830577E-02
   12     -1.3767886825E-02   1.4154666221E-04   7.6957076648E-01   1.2036377497E-01  -1.2973440412E-02
   13     -2.7760496066E-01   2.9482723267E-04   1.2036377497E-01   6.1604641272E-01  -6.0608734936E-04
   14     -4.2023082141E-04  -5.6117830577E-02  -1.2973440412E-02  -6.0608734936E-04   1.1081350468E-01
   15      7.1535908910E-02   9.8095799886E-04  -3.3819366533E-01   6.3762013666E-02   5.8996437484E-03
   16     -3.7048479230E-02  -2.0304160991E-04   7.7924249070E-02  -1.2146394132E-01  -1.9008167822E-03
   17     -2.5803083076E-03   1.1411604247E-02   5.6451247981E-03  -1.2369055039E-03  -5.9371757272E-02
   18     -1.9954213880E-03   4.7179822188E-04  -2.8266762090E-03   2.0511156907E-03   4.5455824408E-04
   19      2.2361758354E-04  -4.1982035141E-04   3.4216199186E-04   2.1573877835E-04   3.7164926835E-04
   20     -8.7934550617E-04   6.8167885287E-06  -8.2209964232E-04   8.6010390183E-04   2.2555169167E-05
   21      1.0381008482E-03  -2.2816850603E-04  -6.5365358778E-04   9.0925464924E-04   1.7601813642E-04
   22      1.3647303558E-04   3.9886122974E-04   3.9810545391E-04   1.7071585798E-04   3.4726329032E-04
   23      4.6675301646E-04   2.2963103911E-04   5.1422848496E-04   1.6614321619E-04  -1.5351379567E-04
   24     -8.4381993737E-04   1.6778580552E-04  -1.8983111756E-03  -1.1340982653E-03  -2.1741986415E-04
   25      1.7107169873E-04  -3.3040933243E-04   3.6847083292E-04   1.3193176114E-04  -3.6815515705E-04
   26     -1.7583535616E-04  -1.6475546327E-04  -1.5255949386E-04  -4.3400497731E-04   2.7447444521E-04
   27     -2.3195814418E-02  -2.7956414753E-04  -5.9282201874E-03  -1.7967260782E-03   6.5235377721E-05
   28      2.8223575928E-04  -1.5354372916E-05  -6.9900426195E-04   8.2882203432E-04  -1.3073796347E-05
   29      6.6484193081E-04  -4.4754372034E-04   2.8261397463E-04  -2.1889314774E-05   3.9840598833E-03
   30      1.3829931776E-01   3.0734304540E-03   6.1744889541E-03  -3.3266271466E-03  -1.2123336389E-04
   31     -1.6127954121E-01  -1.5843739998E-03   2.3934457340E-02  -6.1672579761E-03  -2.4405249112E-04
   32     -1.3140031332E-03  -2.3308948183E-02  -1.1479824783E-05  -1.8463788302E-04  -1.7229443823E-03
   33      3.3319280268E-03  -1.2126453431E-04  -2.4269272486E-01  -1.3831542285E-01   3.0288324594E-03
   34     -6.1715169484E-03   2.4545488426E-04  -1.4069505281E-01  -1.6139407860E-01   1.5295985248E-03
   35      1.7655586758E-04  -1.7169633558E-03   2.6596624237E-03   1.2680518320E-03  -2.3350498355E-02
   36      1.7914336919E-03   6.5831948270E-05   3.0570122326E-03   2.3202308681E-02  -2.7203339334E-04
   37      8.3220071036E-04   1.3154523164E-05  -1.2397085316E-03   2.8210944287E-04   1.6576598525E-05
   38      2.2236670089E-05   3.9942975980E-03   3.2776021275E-05  -6.6704550960E-04  -4.5577871740E-04
                   15                 16                 17                 18                 19        
    0     -2.3657656460E-02  -3.6637969255E-03  -6.7216718722E-04  -6.3272167832E-02   1.4205913831E-03
    1     -2.7313519237E-02   9.4941248908E-03  -8.0906630748E-04   1.2999115460E-03  -4.9360981458E-02
    2      4.2494445596E-03   1.3162589198E-03  -5.9001537714E-03  -6.4987328363E-02   4.7969653441E-03
    3     -1.6502714673E-01  -8.4619520184E-02   2.1736793140E-03  -2.8219631639E-02   6.6372191324E-05
    4     -8.2489917575E-02  -2.3902352592E-01   4.4424276339E-03   8.5405186673E-04   5.4684814998E-04
    5     -2.4787764562E-03   1.3316879645E-03  -5.6709879736E-02  -3.1709971629E-02  -4.0997345715E-05
    6     -9.7128696686E-03   1.4095307090E-02   1.4538889211E-03   3.2440364758E-03   4.8715415579E-04
    7     -1.4090552251E-02  -9.3588412972E-02  -4.9667884389E-04  -3.5469024133E-03   1.7283891054E-04
    8      1.4286840553E-03   4.3018135126E-04   1.6006466004E-02  -2.1016947308E-03   7.5617843683E-05
    9     -2.8894961759E-03   1.7230559078E-02   3.2670994452E-04  -2.8722282232E-03  -3.4000285282E-04
   10      7.1535908910E-02  -3.7048479230E-02  -2.5803083076E-03  -1.9954213880E-03   2.2361758354E-04
   11      9.8095799886E-04  -2.0304160991E-04   1.1411604247E-02   4.7179822188E-04  -4.1982035141E-04
   12     -3.3819366533E-01   7.7924249070E-02   5.6451247981E-03  -2.8266762090E-03   3.4216199186E-04
   13      6.3762013666E-02  -1.2146394132E-01  -1.2369055039E-03   2.0511156907E-03   2.1573877835E-04
   14      5.8996437484E-03  -1.9008167822E-03  -5.9371757272E-02   4.5455824408E-04   3.7164926835E-04
   15      6.6109167248E-01  -1.2862833640E-01  -1.1616759414E-02   3.3800456937E-03  -4.6718174528E-04
   16     -1.2862833640E-01   7.7290657993E-01   2.0431888734E-03   3.4506857134E-03   2.0353049913E-04
   17     -1.1616759414E-02   2.0431888734E-03   1.0842844545E-01  -1.9508811435E-03  -1.0187155829E-04
   18      3.3800456937E-03   3.4506857134E-03  -1.9508811435E-03   8.2692219150E-02  -1.6935194004E-03
   19     -4.6718174528E-04   2.0353049913E-04  -1.0187155829E-04  -1.6935194004E-03   4.5975138712E-02
   20      8.8938856710E-04   8.5613724371E-04   3.4745809244E-04   7.9142608837E-02  -5.2969344290E-03
   21      3.0138323706E-03   1.5593604727E-03  -3.4211509926E-04   4.0564182760E-03  -7.5887775716E-03
   22     -1.0045683832E-03   8.8515384828E-04   5.2042141450E-04  -1.3034580751E-03   1.5922417675E-03
   23     -2.1748803045E-04  -4.6944418487E-04   4.4946045326E-04   1.0027093738E-02  -2.5538292511E-02
   24     -2.9527295101E-03   4.9557576589E-03   2.1425627928E-03   4.0144954505E-03   7.7706823843E-03
   25      1.0549292734E-04   8.6042013846E-04   5.5209695522E-04   9.0472451394E-04   6.0324743720E-04
   26     -1.4797694864E-03  -6.6114968673E-04   3.6533405747E-04   1.0057361217E-02   2.6104865190E-02
   27     -4.1130927835E-03   3.1077620281E-03   3.0700904523E-04   7.6182108264E-06   2.1872997197E-05
   28      4.6578271682E-03  -1.2631658709E-03  -1.2096884321E-04   3.1276086887E-04  -7.3721343691E-05
   29      1.4113363842E-04  -1.0933781691E-05   1.8279687309E-03  -2.6121127699E-04   3.4716763122E-04
   30      2.3150138917E-04  -1.7479589916E-03   2.9298550795E-05  -1.1028399481E-04   3.8713265518E-05
   31     -8.0260462772E-04  -6.6683261616E-03  -1.8177995388E-05  -6.6143315322E-05  -5.0094288628E-06
   32     -2.8927050164E-04  -1.8598435908E-04   3.7805019854E-03   5.3486762136E-04  -7.4518748167E-05
   33     -1.0713684373E-02  -2.0016810382E-02  -2.9560120202E-05  -9.8831802120E-05  -3.3917520714E-05
   34      8.5262348251E-03   1.0328720818E-02  -5.7609116503E-05   5.8758229729E-05  -2.8737019541E-06
   35      4.1647856057E-04   4.7448892370E-04  -2.4300453109E-03   5.1620677325E-04   9.3316128801E-05
   36     -1.1045671091E-01   1.1615721293E-01   2.5450228750E-03   4.9864436106E-06  -2.6037603399E-05
   37      1.0640473158E-01  -2.9562267865E-01  -2.2125123288E-03  -3.2467551217E-04  -9.0615905565E-05
   38      2.0645194828E-03  -2.9446089439E-03  -1.8205402929E-02  -2.6832233816E-04  -3.1585719488E-04
                   20                 21                 22                 23                 24        
    0     -6.7387204904E-02  -7.4635335801E-02   7.2614309843E-02   4.3928951879E-02  -7.4496114211E-02
    1      4.8709692166E-03   6.4179564709E-02  -2.2284475987E-01  -1.0603056736E-01  -6.5442593496E-02
    2     -2.8490404115E-01   4.0023256591E-02  -1.0430692889E-01  -1.1078960380E-01   3.6911153754E-02
    3     -5.6369735111E-03  -2.2718507317E-02   9.7469242718E-04  -3.7049481100E-04  -2.2304716589E-02
    4     -6.3000558660E-05   3.4532129463E-02   5.1675785876E-04   3.6518611001E-03  -3.5333539608E-02
    5      7.5465442344E-03   1.4461990632E-02   1.8922080405E-03   2.2389669956E-03   1.3411479921E-02
    6      9.2567423495E-04  -2.7566413398E-03  -1.1819940883E-05  -1.5646792118E-03   2.9474434773E-03
    7     -8.7598705517E-04  -4.9596974098E-03   8.0111352504E-04   7.1700940610E-04  -1.5529425927E-03
    8      2.6905850673E-04   2.2991112228E-03  -5.5921498973E-04   3.0705265739E-04  -3.2905362463E-04
    9     -8.0129552462E-04  -1.9618437629E-03  -3.6065052955E-04  -1.3712144752E-04  -5.8311445192E-04
   10     -8.7934550617E-04   1.0381008482E-03   1.3647303558E-04   4.6675301646E-04  -8.4381993737E-04
   11      6.8167885287E-06  -2.2816850603E-04   3.9886122974E-04   2.2963103911E-04   1.6778580552E-04
   12     -8.2209964232E-04  -6.5365358778E-04   3.9810545391E-04   5.1422848496E-04  -1.8983111756E-03
   13      8.6010390183E-04   9.0925464924E-04   1.7071585798E-04   1.6614321619E-04  -1.1340982653E-03
   14      2.2555169167E-05   1.7601813642E-04   3.4726329032E-04  -1.5351379567E-04  -2.1741986415E-04
   15      8.8938856710E-04   3.0138323706E-03  -1.0045683832E-03  -2.1748803045E-04  -2.9527295101E-03
   16      8.5613724371E-04   1.5593604727E-03   8.8515384828E-04  -4.6944418487E-04   4.9557576589E-03
   17      3.4745809244E-04  -3.4211509926E-04   5.2042141450E-04   4.4946045326E-04   2.1425627928E-03
   18      7.9142608837E-02   4.0564182760E-03  -1.3034580751E-03   1.0027093738E-02   4.0144954505E-03
   19     -5.2969344290E-03  -7.5887775716E-03   1.5922417675E-03  -2.5538292511E-02   7.7706823843E-03
   20      3.0328776050E-01  -3.2174750538E-03   1.7867712265E-03  -1.3492861534E-02  -2.8916276623E-03
   21     -3.2174750538E-03   9.1669215619E-02  -8.0145955395E-02  -4.6010841851E-02   4.5484335934E-03
   22      1.7867712265E-03  -8.0145955395E-02   2.3583354964E-01   1.1428756479E-01   8.8165964530E-03
   23     -1.3492861534E-02  -4.6010841851E-02   1.1428756479E-01   1.1360154388E-01  -6.4687273118E-03
   24     -2.8916276623E-03   4.5484335934E-03   8.8165964530E-03  -6.4687273118E-03   9.1312268850E-02
   25     -1.2434702011E-03  -8.4844596405E-03  -1.7732826360E-02   1.2577232738E-02   8.1690970568E-02
   26     -1.2358598831E-02  -6.8018546945E-03  -1.3684453022E-02   7.7037578957E-03  -4.2402371869E-02
   27     -3.9238197085E-05   9.3487146416E-05  -1.7195890570E-04   2.6549969472E-05  -2.0005397566E-04
   28      2.3484796672E-05   1.3601888453E-04   3.1513855006E-04  -9.2003781599E-05   8.1488691646E-04
   29     -2.6209813848E-04   2.5763678169E-05  -1.3161312829E-04  -1.3199995498E-04   2.6564462328E-04
   30     -1.7555006824E-05  -5.2335766327E-04  -3.9139940876E-06  -6.6471161652E-05   5.1231274720E-05
   31     -2.0379044341E-05  -2.7293313549E-04   7.2294531142E-05   3.6678050845E-05   3.2902803275E-05
   32     -8.8613182338E-05  -4.1194081384E-04  -1.2185444552E-04  -1.8866881238E-05  -1.8797793904E-04
   33     -1.9078832887E-05   4.6351465686E-05   1.4733850498E-05   2.1260524578E-06  -5.3262702469E-04
   34      1.9479840198E-05  -3.2242893995E-05   3.3487789006E-05  -2.9500218732E-05   2.7814303978E-04
   35     -9.0426936983E-05  -2.0222514949E-04  -1.7460048017E-04  -7.2645080769E-05  -3.7774624329E-04
   36     -5.0208475890E-05  -1.7839899943E-04   1.0594102407E-04   2.8661322189E-04   9.3794292069E-05
   37     -3.9118699517E-05  -7.9241680646E-04   2.2065982558E-04   2.5236530870E-04  -1.3491523435E-04
   38     -2.8355351650E-04   2.7874138652E-04  -2.5022460316E-04   1.2907812691E-04   2.1396204735E-05
                   25                 26                 27                 28                 29        
    0     -7.4326273893E-02   4.0668733905E-02   1.7417959271E-03  -2.0724606633E-03  -1.5188847687E-04
    1     -2.3224944309E-01   1.0119404671E-01   3.1253476157E-04   5.5438793035E-04  -3.7982056183E-04
    2      9.9530794989E-02  -1.0202810640E-01  -3.6740014212E-04   2.8266193282E-04  -1.5974941972E-03
    3     -9.3778367579E-04  -4.5832845089E-04   1.0386476117E-02  -1.2868289224E-02  -1.5695649942E-04
    4      5.2878817634E-04  -3.5953336106E-03   2.2191228232E-02  -2.1461918478E-02  -1.2297355192E-03
    5     -1.8205543270E-03   1.7413876058E-03  -3.9125425529E-04   4.2014382146E-04  -3.7289403877E-03
    6      1.1179070877E-03  -2.0477798660E-04  -1.1034442104E-01  -1.0635550818E-01   2.0332673141E-03
    7      9.0729087690E-04   4.4813005298E-04  -1.1613718771E-01  -2.9572731053E-01   2.8631055420E-03
    8     -5.0850335775E-04   4.1964630918E-04   2.5091881911E-03   2.1234607599E-03  -1.8200144587E-02
    9     -4.0732751765E-04   4.8372160759E-04   3.0676745856E-03   1.2419207537E-03   3.1114703899E-05
   10      1.7107169873E-04  -1.7583535616E-04  -2.3195814418E-02   2.8223575928E-04   6.6484193081E-04
   11     -3.3040933243E-04  -1.6475546327E-04  -2.7956414753E-04  -1.5354372916E-05  -4.4754372034E-04
   12      3.6847083292E-04  -1.5255949386E-04  -5.9282201874E-03  -6.9900426195E-04   2.8261397463E-04
   13      1.3193176114E-04  -4.3400497731E-04  -1.7967260782E-03   8.2882203432E-04  -2.1889314774E-05
   14     -3.6815515705E-04   2.7447444521E-04   6.5235377721E-05  -1.3073796347E-05   3.9840598833E-03
   15      1.0549292734E-04  -1.4797694864E-03  -4.1130927835E-03   4.6578271682E-03   1.4113363842E-04
   16      8.6042013846E-04  -6.6114968673E-04   3.1077620281E-03  -1.2631658709E-03  -1.0933781691E-05
   17      5.5209695522E-04   3.6533405747E-04   3.0700904523E-04  -1.2096884321E-04   1.8279687309E-03
   18      9.0472451394E-04   1.0057361217E-02   7.6182108264E-06   3.1276086887E-04  -2.6121127699E-04
   19      6.0324743720E-04   2.6104865190E-02   2.1872997197E-05  -7.3721343691E-05   3.4716763122E-04
   20     -1.2434702011E-03  -1.2358598831E-02  -3.9238197085E-05   2.3484796672E-05  -2.6209813848E-04
   21     -8.4844596405E-03  -6.8018546945E-03   9.3487146416E-05   1.3601888453E-04   2.5763678169E-05
   22     -1.7732826360E-02  -1.3684453022E-02  -1.7195890570E-04   3.1513855006E-04  -1.3161312829E-04
   23      1.2577232738E-02   7.7037578957E-03   2.6549969472E-05  -9.2003781599E-05  -1.3199995498E-04
   24      8.1690970568E-02  -4.2402371869E-02  -2.0005397566E-04   8.1488691646E-04   2.6564462328E-04
   25      2.4611756979E-01  -1.0903330779E-01  -1.1486633797E-04   2.3979090052E-04   2.4065073156E-04
   26     -1.0903330779E-01   1.0412996588E-01   2.7910730050E-04  -2.4033725209E-04   1.6873729064E-04
   27     -1.1486633797E-04   2.7910730050E-04   1.0358551308E-01   1.1588292341E-01  -2.1970293143E-03
   28      2.3979090052E-04  -2.4033725209E-04   1.1588292341E-01   3.1708967889E-01  -2.3759773719E-03
   29      2.4065073156E-04   1.6873729064E-04  -2.1970293143E-03  -2.3759773719E-03   1.7358299430E-02
   30     -1.5594800989E-05   7.1840974751E-07   3.6710173134E-04  -4.4826679849E-04  -4.7541623622E-05
   31      3.3384941088E-05   2.8680330757E-05   7.8700249095E-04  -1.2190978335E-04  -3.0998196408E-05
   32      1.6479955014E-04  -7.6604456789E-05  -2.9162691718E-05   1.5594302258E-05  -2.8443494043E-03
   33      8.9326089576E-06  -6.4641109179E-05   4.5264411711E-04   6.7656441733E-05   1.2423212209E-05
   34      7.7255766519E-05  -3.3942412344E-05  -1.5546151921E-03   7.6216062243E-05   6.3832577308E-05
   35      1.1349479191E-04  -1.8193119637E-05   9.4131494884E-05  -4.6736657012E-06   1.4269056127E-03
   36      1.7177663728E-04   2.9562064529E-05   8.8347707149E-04  -7.9860409310E-04   2.2277981537E-05
   37      3.1151796219E-04   9.5368710081E-05   7.9598350117E-04  -7.3824411627E-04  -1.3264675457E-05
   38      1.1260353206E-04  -1.5704520615E-04   2.2815434247E-05   1.1677607382E-05   2.4465994433E-03
                   30                 31                 32                 33                 34        
    0      1.6633362127E-04  -2.8351356453E-04  -1.1549699507E-04   1.6759328197E-04   2.7814639095E-04
    1      1.3283256101E-03   7.3376879686E-04  -1.2419194245E-05  -1.3421151240E-03   7.3131103936E-04
    2      3.4051565612E-04  -1.4992599718E-05   2.3893078255E-03   3.3530745577E-04   1.4016379634E-05
    3     -5.2294494708E-03  -3.8383696489E-03   3.8939735633E-04  -5.2334644078E-03   3.8366923244E-03
    4     -2.2924778875E-03  -4.4376695295E-04   4.7979797370E-04   2.2915029187E-03  -4.3595717533E-04
    5     -9.2975468434E-05   1.6334170042E-04   4.3926389094E-03  -8.8204304082E-05  -1.6643408131E-04
    6     -1.0722268869E-02  -8.5373929880E-03   4.1278303077E-04   2.2901639336E-04   8.0898071272E-04
    7      2.0009974765E-02   1.0335672552E-02  -4.7013593935E-04   1.7506382100E-03  -6.6721570198E-03
    8     -2.1289021915E-05   6.3348274822E-05  -2.4246484745E-03   3.1763793641E-05   1.4106922922E-05
    9     -2.4281429167E-01   1.4067735786E-01   2.7017451228E-03   6.1819250366E-03  -2.3928565596E-02
   10      1.3829931776E-01  -1.6127954121E-01  -1.3140031332E-03   3.3319280268E-03  -6.1715169484E-03
   11      3.0734304540E-03  -1.5843739998E-03  -2.3308948183E-02  -1.2126453431E-04   2.4545488426E-04
   12      6.1744889541E-03   2.3934457340E-02  -1.1479824783E-05  -2.4269272486E-01  -1.4069505281E-01
   13     -3.3266271466E-03  -6.1672579761E-03  -1.8463788302E-04  -1.3831542285E-01  -1.6139407860E-01
   14     -1.2123336389E-04  -2.4405249112E-04  -1.7229443823E-03   3.0288324594E-03   1.5295985248E-03
   15      2.3150138917E-04  -8.0260462772E-04  -2.8927050164E-04  -1.0713684373E-02   8.5262348251E-03
   16     -1.7479589916E-03  -6.6683261616E-03  -1.8598435908E-04  -2.0016810382E-02   1.0328720818E-02
   17      2.9298550795E-05  -1.8177995388E-05   3.7805019854E-03  -2.9560120202E-05  -5.7609116503E-05
   18     -1.1028399481E-04  -6.6143315322E-05   5.3486762136E-04  -9.8831802120E-05   5.8758229729E-05
   19      3.8713265518E-05  -5.0094288628E-06  -7.4518748167E-05  -3.3917520714E-05  -2.8737019541E-06
   20     -1.7555006824E-05  -2.0379044341E-05  -8.8613182338E-05  -1.9078832887E-05   1.9479840198E-05
   21     -5.2335766327E-04  -2.7293313549E-04  -4.1194081384E-04   4.6351465686E-05  -3.2242893995E-05
   22     -3.9139940876E-06   7.2294531142E-05  -1.2185444552E-04   1.4733850498E-05   3.3487789006E-05
   23     -6.6471161652E-05   3.6678050845E-05  -1.8866881238E-05   2.1260524578E-06  -2.9500218732E-05
   24      5.1231274720E-05   3.2902803275E-05  -1.8797793904E-04  -5.3262702469E-04   2.7814303978E-04
   25     -1.5594800989E-05   3.3384941088E-05   1.6479955014E-04   8.9326089576E-06   7.7255766519E-05
   26      7.1840974751E-07   2.8680330757E-05  -7.6604456789E-05  -6.4641109179E-05  -3.3942412344E-05
   27      3.6710173134E-04   7.8700249095E-04  -2.9162691718E-05   4.5264411711E-04  -1.5546151921E-03
   28     -4.4826679849E-04  -1.2190978335E-04   1.5594302258E-05   6.7656441733E-05   7.6216062243E-05
   29     -4.7541623622E-05  -3.0998196408E-05  -2.8443494043E-03   1.2423212209E-05   6.3832577308E-05
   30      2.5202466609E-01  -1.5247974876E-01  -3.0414515622E-03  -6.7675829972E-05   6.6801939528E-04
   31     -1.5247974876E-01   1.6257183177E-01   1.6919886569E-03  -6.6849145515E-04   8.6297083830E-04
   32     -3.0414515622E-03   1.6919886569E-03   2.0832916103E-02  -4.8094983782E-05   7.0681376516E-06
   33     -6.7675829972E-05  -6.6849145515E-04  -4.8094983782E-05   2.5189364620E-01   1.5250262913E-01
   34      6.6801939528E-04   8.6297083830E-04   7.0681376516E-06   1.5250262913E-01   1.6268826254E-01
   35     -4.7482323394E-05  -5.5375479524E-06  -2.3369045750E-03  -2.9918353645E-03  -1.6387050899E-03
   36      4.5200443490E-04   1.5551826906E-03   9.6090653707E-05   3.6783179809E-04  -7.8683462147E-04
   37     -6.7468101770E-05   7.5888087025E-05   3.9417971561E-06   4.4844321815E-04  -1.2164141088E-04
   38      1.2027988342E-05  -6.5161854144E-05   1.4265147163E-03  -4.8108096321E-05   3.1948046452E-05
                   35                 36                 37                 38        
     0     -1.1016146643E-04   1.7106045922E-03   2.0487986878E-03  -1.5513994428E-04
     1      1.5900167516E-05  -2.3977262539E-04   5.6483770823E-04   3.7821632139E-04
     2      2.3452561331E-03  -3.6953378408E-04  -2.8613659600E-04  -1.5063545534E-03
     3      3.8669807689E-04   1.0497818316E-02   1.2888746451E-02  -1.5623106706E-04
     4     -4.8177001243E-04  -2.2213559933E-02  -2.1449195280E-02   1.2163772001E-03
     5      4.4469239105E-03  -3.9778429256E-04  -4.2537785015E-04  -3.7334256871E-03
     6     -2.8533781726E-04  -4.1233394551E-03  -4.6628219247E-03   1.3891112198E-04
     7      1.7895604687E-04  -3.1056667452E-03  -1.2575186766E-03   1.0153422954E-05
     8      3.7963568645E-03   3.0490185971E-04   1.2015055668E-04   1.8358089026E-03
     9     -2.8040171529E-05  -5.9300310975E-03   7.0401766385E-04   2.8588716107E-04
    10      1.7655586758E-04   1.7914336919E-03   8.3220071036E-04   2.2236670089E-05
    11     -1.7169633558E-03   6.5831948270E-05   1.3154523164E-05   3.9942975980E-03
    12      2.6596624237E-03   3.0570122326E-03  -1.2397085316E-03   3.2776021275E-05
    13      1.2680518320E-03   2.3202308681E-02   2.8210944287E-04  -6.6704550960E-04
    14     -2.3350498355E-02  -2.7203339334E-04   1.6576598525E-05  -4.5577871740E-04
    15      4.1647856057E-04  -1.1045671091E-01   1.0640473158E-01   2.0645194828E-03
    16      4.7448892370E-04   1.1615721293E-01  -2.9562267865E-01  -2.9446089439E-03
    17     -2.4300453109E-03   2.5450228750E-03  -2.2125123288E-03  -1.8205402929E-02
    18      5.1620677325E-04   4.9864436106E-06  -3.2467551217E-04  -2.6832233816E-04
    19      9.3316128801E-05  -2.6037603399E-05  -9.0615905565E-05  -3.1585719488E-04
    20     -9.0426936983E-05  -5.0208475890E-05  -3.9118699517E-05  -2.8355351650E-04
    21     -2.0222514949E-04  -1.7839899943E-04  -7.9241680646E-04   2.7874138652E-04
    22     -1.7460048017E-04   1.0594102407E-04   2.2065982558E-04  -2.5022460316E-04
    23     -7.2645080769E-05   2.8661322189E-04   2.5236530870E-04   1.2907812691E-04
    24     -3.7774624329E-04   9.3794292069E-05  -1.3491523435E-04   2.1396204735E-05
    25      1.1349479191E-04   1.7177663728E-04   3.1151796219E-04   1.1260353206E-04
    26     -1.8193119637E-05   2.9562064529E-05   9.5368710081E-05  -1.5704520615E-04
    27      9.4131494884E-05   8.8347707149E-04   7.9598350117E-04   2.2815434247E-05
    28     -4.6736657012E-06  -7.9860409310E-04  -7.3824411627E-04   1.1677607382E-05
    29      1.4269056127E-03   2.2277981537E-05  -1.3264675457E-05   2.4465994433E-03
    30     -4.7482323394E-05   4.5200443490E-04  -6.7468101770E-05   1.2027988342E-05
    31     -5.5375479524E-06   1.5551826906E-03   7.5888087025E-05  -6.5161854144E-05
    32     -2.3369045750E-03   9.6090653707E-05   3.9417971561E-06   1.4265147163E-03
    33     -2.9918353645E-03   3.6783179809E-04   4.4844321815E-04  -4.8108096321E-05
    34     -1.6387050899E-03  -7.8683462147E-04  -1.2164141088E-04   3.1948046452E-05
    35      2.0847636502E-02  -3.0014421575E-05  -1.4791356646E-05  -2.8474022890E-03
    36     -3.0014421575E-05   1.0362095128E-01  -1.1594104751E-01  -2.2299997961E-03
    37     -1.4791356646E-05  -1.1594104751E-01   3.1699268031E-01   2.4746646588E-03
    38     -2.8474022890E-03  -2.2299997961E-03   2.4746646588E-03   1.7356664111E-02

$vibrational_frequencies
39
    0        0.0000000000000000
    1        0.0000000000000000
    2        0.0000000000000000
    3        0.0000000000000000
    4        0.0000000000000000
    5        0.0000000000000000
    6       71.1007759926488490
    7      199.3115557662263768
    8      362.5201110303055998
    9      621.8065543103818982
   10      629.3407930620170418
   11      666.7098329807553228
   12      667.9526599366001847
   13      717.3395034372817918
   14      794.5626935901417482
   15      849.1835278005198688
   16      890.9642999059216208
   17      983.5726348648076964
   18     1057.7961289650468188
   19     1076.0572258289441834
   20     1099.2635479427081009
   21     1101.3346746612623974
   22     1137.6844126889036488
   23     1290.7791479173661173
   24     1298.7305454717993598
   25     1393.7431358774156251
   26     1407.5085048723281034
   27     1434.2593166763017507
   28     1480.0966069969645105
   29     1501.3641279838736864
   30     1527.5244566430606028
   31     1536.3919149100070172
   32     3015.4384289978916058
   33     3090.7318767862989262
   34     3123.9085388449107086
   35     3215.8710628116173211
   36     3225.6878157461546834
   37     3236.7131429075116102
   38     3244.4917985301326553

$normal_modes
39 39
                    0                  1                  2                  3                  4        
    0      0.0000000000E+00   0.0000000000E+00   0.0000000000E+00   0.0000000000E+00   0.0000000000E+00
    1      0.0000000000E+00   0.0000000000E+00   0.0000000000E+00   0.0000000000E+00   0.0000000000E+00
    2      0.0000000000E+00   0.0000000000E+00   0.0000000000E+00   0.0000000000E+00   0.0000000000E+00
    3      0.0000000000E+00   0.0000000000E+00   0.0000000000E+00   0.0000000000E+00   0.0000000000E+00
    4      0.0000000000E+00   0.0000000000E+00   0.0000000000E+00   0.0000000000E+00   0.0000000000E+00
    5      0.0000000000E+00   0.0000000000E+00   0.0000000000E+00   0.0000000000E+00   0.0000000000E+00
    6      0.0000000000E+00   0.0000000000E+00   0.0000000000E+00   0.0000000000E+00   0.0000000000E+00
    7      0.0000000000E+00   0.0000000000E+00   0.0000000000E+00   0.0000000000E+00   0.0000000000E+00
    8      0.0000000000E+00   0.0000000000E+00   0.0000000000E+00   0.0000000000E+00   0.0000000000E+00
    9      0.0000000000E+00   0.0000000000E+00   0.0000000000E+00   0.0000000000E+00   0.0000000000E+00
   10      0.0000000000E+00   0.0000000000E+00   0.0000000000E+00   0.0000000000E+00   0.0000000000E+00
   11      0.0000000000E+00   0.0000000000E+00   0.0000000000E+00   0.0000000000E+00   0.0000000000E+00
   12      0.0000000000E+00   0.0000000000E+00   0.0000000000E+00   0.0000000000E+00   0.0000000000E+00
   13      0.0000000000E+00   0.0000000000E+00   0.0000000000E+00   0.0000000000E+00   0.0000000000E+00
   14      0.0000000000E+00   0.0000000000E+00   0.0000000000E+00   0.0000000000E+00   0.0000000000E+00
   15      0.0000000000E+00   0.0000000000E+00   0.0000000000E+00   0.0000000000E+00   0.0000000000E+00
   16      0.0000000000E+00   0.0000000000E+00   0.0000000000E+00   0.0000000000E+00   0.0000000000E+00
   17      0.0000000000E+00   0.0000000000E+00   0.0000000000E+00   0.0000000000E+00   0.0000000000E+00
   18      0.0000000000E+00   0.0000000000E+00   0.0000000000E+00   0.0000000000E+00   0.0000000000E+00
   19      0.0000000000E+00   0.0000000000E+00   0.0000000000E+00   0.0000000000E+00   0.0000000000E+00
   20      0.0000000000E+00   0.0000000000E+00   0.0000000000E+00   0.0000000000E+00   0.0000000000E+00
   21      0.0000000000E+00   0.0000000000E+00   0.0000000000E+00   0.0000000000E+00   0.0000000000E+00
   22      0.0000000000E+00   0.0000000000E+00   0.0000000000E+00   0.0000000000E+00   0.0000000000E+00
   23      0.0000000000E+00   0.0000000000E+00   0.0000000000E+00   0.0000000000E+00   0.0000000000E+00
   24      0.0000000000E+00   0.0000000000E+00   0.0000000000E+00   0.0000000000E+00   0.0000000000E+00
   25      0.0000000000E+00   0.0000000000E+00   0.0000000000E+00   0.0000000000E+00   0.0000000000E+00
   26      0.0000000000E+00   0.0000000000E+00   0.0000000000E+00   0.0000000000E+00   0.0000000000E+00
   27      0.0000000000E+00   0.0000000000E+00   0.0000000000E+00   0.0000000000E+00   0.0000000000E+00
   28      0.0000000000E+00   0.0000000000E+00   0.0000000000E+00   0.0000000000E+00   0.0000000000E+00
   29      0.0000000000E+00   0.0000000000E+00   0.0000000000E+00   0.0000000000E+00   0.0000000000E+00
   30      0.0000000000E+00   0.0000000000E+00   0.0000000000E+00   0.0000000000E+00   0.0000000000E+00
   31      0.0000000000E+00   0.0000000000E+00   0.0000000000E+00   0.0000000000E+00   0.0000000000E+00
   32      0.0000000000E+00   0.0000000000E+00   0.0000000000E+00   0.0000000000E+00   0.0000000000E+00
   33      0.0000000000E+00   0.0000000000E+00   0.0000000000E+00   0.0000000000E+00   0.0000000000E+00
   34      0.0000000000E+00   0.0000000000E+00   0.0000000000E+00   0.0000000000E+00   0.0000000000E+00
   35      0.0000000000E+00   0.0000000000E+00   0.0000000000E+00   0.0000000000E+00   0.0000000000E+00
   36      0.0000000000E+00   0.0000000000E+00   0.0000000000E+00   0.0000000000E+00   0.0000000000E+00
   37      0.0000000000E+00   0.0000000000E+00   0.0000000000E+00   0.0000000000E+00   0.0000000000E+00
   38      0.0000000000E+00   0.0000000000E+00   0.0000000000E+00   0.0000000000E+00   0.0000000000E+00
                    5                  6                  7                  8                  9        
    0      0.0000000000E+00   4.1517280215E-04  -2.3374390536E-02  -2.9676868764E-04  -5.7574033817E-02
    1      0.0000000000E+00  -7.0966482388E-03  -4.0961731816E-04  -2.2086510260E-01   8.4868203890E-05
    2      0.0000000000E+00  -2.9722160643E-03   2.0762828819E-01  -7.4416631884E-05  -4.3578610613E-02
    3      0.0000000000E+00   1.2582664535E-05   1.1748706049E-04  -1.9281613146E-04  -1.4130135609E-02
    4      0.0000000000E+00   1.4562693896E-03   1.8679563736E-04   1.5962077748E-01   5.8166870853E-05
    5      0.0000000000E+00   4.1507043545E-03  -2.9337912756E-01   1.2076531381E-04  -2.9331290340E-01
    6      0.0000000000E+00  -2.1256327886E-03   2.8580795657E-03  -1.0296910957E-01   2.0051380300E-02
    7      0.0000000000E+00   1.1898291390E-03   6.3451539416E-04   1.1206338890E-01   4.4086396143E-03
    8      0.0000000000E+00  -3.4130100270E-02  -1.2622378573E-01  -2.3635435957E-04   2.4246939784E-01
    9      0.0000000000E+00  -1.7480388858E-03   1.1064929519E-02  -7.0077378488E-02   1.9377589904E-02
   10      0.0000000000E+00   1.0954669078E-03   1.2536132872E-03  -4.9971066812E-02   2.6583861822E-03
   11      0.0000000000E+00  -2.5423671956E-02   1.3787383615E-01  -7.2405542533E-03  -9.6170533864E-02
   12      0.0000000000E+00   1.4120157938E-03   1.1241993379E-02   7.0341954713E-02   1.9414592030E-02
   13      0.0000000000E+00   1.1178158097E-03  -1.2568737701E-03  -5.0012358496E-02  -2.5866598153E-03
   14      0.0000000000E+00   2.1780728623E-02   1.4003262059E-01   7.1691360311E-03  -9.2224429137E-02
   15      0.0000000000E+00   1.9599252308E-03   3.0768478278E-03   1.0321331729E-01   1.9926310518E-02
