*************************************************
******************* ORCA 6.0.0 ******************
*************************************************
$Calculation_Status
   &GeometryIndex 1
   &ListStatus       OUT
   &VERSION [&Type "String"] "6.0.0"
   &PROGNAME [&Type "String"] "LeanSCF"
   &STATUS [&Type "String"] "NORMAL TERMINATION"
$End
$Geometry
   &GeometryIndex 1
   &ListStatus       OUT
   &NATOMS [&Type "Integer"] 13
   &NCORELESSECP [&Type "Integer"] 0
   &NGHOSTATOMS [&Type "Integer"] 0
   &CartesianCoordinates [&Type "Coordinates", &Dim(13,4), &Units "Bohr"] 
              C      3.988710970529   -0.000078485996    0.035192237133
              N      1.237036359716    0.000249208957   -0.085935656311
              C     -0.262618240015    2.115018512410   -0.030422345573
              C     -2.755598274885    1.342430445147    0.029787804827
              C     -2.755004097934   -1.343490344915    0.028970997918
              C     -0.261753411197   -2.115131638597   -0.031561377244
              H      4.647102683239   -0.040597924784    1.996443841741
              H      4.719948076985   -1.657055499833   -0.954063339806
              H      4.714485090003    1.699428938916   -0.882788539024
              H      0.568171543453    3.980643294837   -0.048312452424
              H     -4.386112161664    2.572724091375    0.049268542732
              H     -4.385045668264   -2.574441746417    0.048046271459
              H      0.569733492999   -3.980471556526   -0.050017095946
$End
$SCF_Energy
   &GeometryIndex 1
   &ListStatus       OUT
   &SCF_ENERGY [&Type "Double"]      -2.4942844032860583e+02
$End
$DFT_Energy
   &GeometryIndex 1
   &ListStatus       OUT
   &NALPHAEL [&Type "Integer"] 22
   &NBETAEL [&Type "Integer"] 22
   &NTOTALEL [&Type "Integer"] 44
   &EEXCHANGE [&Type "Double"]      -3.5145191188771300e+01
   &ECORR [&Type "Double"]      -1.4049840815919596e+00
   &ECNL [&Type "Double"]       0.0000000000000000e+00
   &EXC [&Type "Double"]      -3.6550175270363262e+01
   &EEMBED [&Type "Double"]       0.0000000000000000e+00
   &FINALEN [&Type "Double"]      -2.4942844032860583e+02  "No Van der Waals correction"
$End
$Mulliken_Population_Analysis
   &GeometryIndex 1
   &ListStatus       OUT
   &NATOMS [&Type "Integer"] 13
   &ATNO [&Type "ArrayOfIntegers", &Dim (13,1)] 
                                                         0

0                                                        6
1                                                        7
2                                                        6
3                                                        6
4                                                        6
5                                                        6
6                                                        1
7                                                        1
8                                                        1
9                                                        1
10                                                       1
11                                                       1
12                                                       1
   &ATOMICCHARGES [&Type "ArrayOfDoubles", &Dim (13,1)] 
                                                         0

0                                     -2.5259130958569465e-01
1                                      1.3851951295348996e-02
2                                     -1.2334532005743615e-01
3                                     -1.8439061351868169e-01
4                                     -1.8496110543734634e-01
5                                     -1.2264804414060304e-01
6                                      1.2802312916153435e-01
7                                      1.2482389805618710e-01
8                                      1.2465596736537687e-01
9                                      1.3058466663290302e-01
10                                     1.0779119513935997e-01
11                                     1.0767025702552746e-01
12                                     1.3053532806363821e-01
$End
$Loewdin_Population_Analysis
   &GeometryIndex 1
   &ListStatus       OUT
   &NATOMS [&Type "Integer"] 13
   &ATNO [&Type "ArrayOfIntegers", &Dim (13,1)] 
                                                         0

0                                                        6
1                                                        7
2                                                        6
3                                                        6
4                                                        6
5                                                        6
6                                                        1
7                                                        1
8                                                        1
9                                                        1
10                                                       1
11                                                       1
12                                                       1
   &ATOMICCHARGES [&Type "ArrayOfDoubles", &Dim (13,1)] 
                                                         0

0                                     -2.6236325536284255e-01
1                                      2.1830753658818569e-01
2                                     -2.2407108861376912e-01
3                                     -1.9946996630879088e-01
4                                     -1.9926533928113521e-01
5                                     -2.2403711369868695e-01
6                                      1.1792112690904977e-01
7                                      1.2208235642886334e-01
8                                      1.2229652215763953e-01
9                                      1.3037440366070507e-01
10                                     1.3389862151468135e-01
11                                     1.3389791084872438e-01
12                                     1.3042828515753091e-01
$End
$Mayer_Population_Analysis
   &GeometryIndex 1
   &ListStatus       OUT
   &NATOMS [&Type "Integer"] 13 "Total number of atoms"
   &BONDTHRESH [&Type "Double"]       1.0000000000000001e-01  "The threshold for printing"
   &NBONDORDERSPRINT [&Type "Integer"] 13 "The number of bond orders larger than threshold"
   &BONDORDERS [&Type "ArrayOfDoubles", &Dim (13,1)] "The bond orders"
                                                         0

0                                      9.1546425443254809e-01
1                                      9.6146666132511394e-01
2                                      9.7003040849502464e-01
3                                      9.7038575504305746e-01
4                                      1.1698728447926774e+00
5                                      1.1693678262973026e+00
6                                      1.5409591490497594e+00
7                                      9.5705558143108682e-01
8                                      1.3277048759388754e+00
9                                      9.8182169865778246e-01
10                                     1.5405560719147082e+00
11                                     9.8204721445510379e-01
12                                     9.5756690577949477e-01
   &COMPONENTS [&Type "ArrayOfIntegers", &Dim (13,4)] "The indices and atomic numbers of the bonding atoms"
                                                         0                           1                           2                           3

0                                                        0                           6                           1                           7
1                                                        0                           6                           6                           1
2                                                        0                           6                           7                           1
3                                                        0                           6                           8                           1
4                                                        1                           7                           2                           6
5                                                        1                           7                           5                           6
6                                                        2                           6                           3                           6
7                                                        2                           6                           9                           1
8                                                        3                           6                           4                           6
9                                                        3                           6                          10                           1
10                                                       4                           6                           5                           6
11                                                       4                           6                          11                           1
12                                                       5                           6                          12                           1
   &ATNO [&Type "ArrayOfIntegers", &Dim (13,1)] "Atomic number of the elements"
                                                         0

0                                                        6
1                                                        7
2                                                        6
3                                                        6
4                                                        6
5                                                        6
6                                                        1
7                                                        1
8                                                        1
9                                                        1
10                                                       1
11                                                       1
12                                                       1
   &NA [&Type "ArrayOfDoubles", &Dim (13,1)] "Mulliken gross atomic population"
                                                         0

0                                      6.2525913095857470e+00
1                                      6.9861480487046732e+00
2                                      6.1233453200574512e+00
3                                      6.1843906135186968e+00
4                                      6.1849611054373304e+00
5                                      6.1226480441406368e+00
6                                      8.7197687083846520e-01
7                                      8.7517610194381268e-01
8                                      8.7534403263462213e-01
9                                      8.6941533336709775e-01
10                                     8.9220880486063880e-01
11                                     8.9232974297447121e-01
12                                     8.6946467193636057e-01
   &ZA [&Type "ArrayOfDoubles", &Dim (13,1)] "Total nuclear charge"
                                                         0

0                                      6.0000000000000000e+00
1                                      7.0000000000000000e+00
2                                      6.0000000000000000e+00
3                                      6.0000000000000000e+00
4                                      6.0000000000000000e+00
5                                      6.0000000000000000e+00
6                                      1.0000000000000000e+00
7                                      1.0000000000000000e+00
8                                      1.0000000000000000e+00
9                                      1.0000000000000000e+00
10                                     1.0000000000000000e+00
11                                     1.0000000000000000e+00
12                                     1.0000000000000000e+00
   &QA [&Type "ArrayOfDoubles", &Dim (13,1)] "Mulliken gross atomic charge"
                                                         0

0                                     -2.5259130958574705e-01
1                                      1.3851951295326792e-02
2                                     -1.2334532005745125e-01
3                                     -1.8439061351869679e-01
4                                     -1.8496110543733035e-01
5                                     -1.2264804414063679e-01
6                                      1.2802312916153480e-01
7                                      1.2482389805618732e-01
8                                      1.2465596736537787e-01
9                                      1.3058466663290225e-01
10                                     1.0779119513936120e-01
11                                     1.0767025702552879e-01
12                                     1.3053532806363943e-01
   &VA [&Type "ArrayOfDoubles", &Dim (13,1)] "Mayer's total valence"
                                                         0

0                                      3.8715157149175869e+00
1                                      3.2691906044426946e+00
2                                      3.8187389572412189e+00
3                                      3.9403033055532686e+00
4                                      3.9407918778681967e+00
5                                      3.8170124981428759e+00
6                                      9.6246942912644506e-01
7                                      9.7333874525600783e-01
8                                      9.7394836506491955e-01
9                                      9.8341663340459018e-01
10                                     9.8458105773611915e-01
11                                     9.8461996516875183e-01
12                                     9.8340109616774884e-01
   &BVA [&Type "ArrayOfDoubles", &Dim (13,1)] "Mayer's bonded valence"
                                                         0

0                                      3.8715157149175128e+00
1                                      3.2691906044426386e+00
2                                      3.8187389572411927e+00
3                                      3.9403033055531087e+00
4                                      3.9407918778681830e+00
5                                      3.8170124981427422e+00
6                                      9.6246942912645694e-01
7                                      9.7333874525600605e-01
8                                      9.7394836506491722e-01
9                                      9.8341663340458163e-01
10                                     9.8458105773607230e-01
11                                     9.8461996516876993e-01
12                                     9.8340109616775329e-01
   &FA [&Type "ArrayOfDoubles", &Dim (13,1)] "Mayer's free valence"
                                                         0

0                                      0.0000000000000000e+00
1                                      0.0000000000000000e+00
2                                      0.0000000000000000e+00
3                                      0.0000000000000000e+00
4                                      0.0000000000000000e+00
5                                      0.0000000000000000e+00
6                                      0.0000000000000000e+00
7                                      0.0000000000000000e+00
8                                      0.0000000000000000e+00
9                                      0.0000000000000000e+00
10                                     0.0000000000000000e+00
11                                     0.0000000000000000e+00
12                                     0.0000000000000000e+00
$End
$VdW_Correction
   &GeometryIndex 1
   &ListStatus       OUT
   &VDW [&Type "Double"]      -3.3790066746493927e-03
$End
$Calculation_Info
   &GeometryIndex 1
   &ListStatus       OUT
   &MULT [&Type "Integer"] 1
   &CHARGE [&Type "Integer"] 0
   &NUMOFATOMS [&Type "Integer"] 13
   &NUMOFELECTRONS [&Type "Integer"] 44
   &NUMOFFCELECTRONS [&Type "Integer"] 1
   &NUMOFCORRELECTRONS [&Type "Integer"] 0
   &NUMOFBASISFUNCTS [&Type "Integer"] 228
   &NUMOFAUXCBASISFUNCTS [&Type "Integer"] 0
   &NUMOFAUXJBASISFUNCTS [&Type "Integer"] 257
   &NUMOFAUXJKBASISFUNCTS [&Type "Integer"] 0
   &NUMOFCABSBASISFUNCTS [&Type "Integer"] 0
   &TOTALENERGY [&Type "Double"]      -2.4942331292478050e+02  "Hartrees"
$End
$SCF_Dipole_Moment
   &GeometryIndex 1
   &ListStatus       OUT
   &METHOD [&Type "String"] "SCF"
   &LEVEL [&Type "String"] "Relaxed density"
   &MULT [&Type "Integer"] 1
   &STATE [&Type "Integer"] -1
   &IRREP [&Type "Integer"] 0
   &NATOMS [&Type "Integer"] 13
   &DODIPOLEATOM [&Type "Boolean"] false
   &DIPOLEELECCONTRIB [&Type "ArrayOfDoubles", &Dim (3,1)] "Electronic contribution"
                                                         0

0                                     -2.3734408706592220e+00
1                                     -2.2950680608497392e-05
2                                     -1.0377423974212450e-01
   &DIPOLENUCCONTRIB [&Type "ArrayOfDoubles", &Dim (3,1)] "Nuclear contribution"
                                                         0

0                                      3.2371146156946207e+00
1                                      5.9964987758576171e-04
2                                      1.0677181689876653e-01
   &DIPOLETOTAL [&Type "ArrayOfDoubles", &Dim (3,1)] "Total"
                                                         0

0                                      8.6367374503539862e-01
1                                      5.7669919697726432e-04
2                                      2.9975771566420201e-03
   &DIPOLEMAGNITUDE [&Type "Double", &Units "a.u."]       8.6367913944603558e-01
$End
$THERMOCHEMISTRY_Energies
   &GeometryIndex 1
   &ListStatus       OUT
   &TEMPERATURE [&Type "Double"]       2.9814999999999998e+02
   &PRESSURE [&Type "Double"]       1.0000000000000000e+00
   &TOTALMASS [&Type "Double"]       8.1117999999999981e+01
   &SPINDEGENERACY [&Type "Integer"] 1
   &ELENERGY [&Type "Double"]      -2.4942331292478050e+02
   &TRANSENERGY [&Type "Double"]       1.4162714244859817e-03
   &ROTENERGY [&Type "Double"]       1.4162714244859817e-03
   &VIBENERGY [&Type "Double"]       2.7844001325188720e-03
   &NUMOFFREQS [&Type "Integer"] 39
   &FREQSCALINGFACTOR [&Type "Double"]       1.0000000000000000e+00
   &FREQ [&Type "ArrayOfDoubles", &Dim (39,1)] "In cm^-1"
                                                         0

0                                      0.0000000000000000e+00
1                                      0.0000000000000000e+00
2                                      0.0000000000000000e+00
3                                      0.0000000000000000e+00
4                                      0.0000000000000000e+00
5                                      0.0000000000000000e+00
6                                      7.1100775992648849e+01
7                                      1.9931155576622638e+02
8                                      3.6252011103030560e+02
9                                      6.2180655431038190e+02
10                                     6.2934079306201704e+02
11                                     6.6670983298075532e+02
12                                     6.6795265993660018e+02
13                                     7.1733950343728179e+02
14                                     7.9456269359014175e+02
15                                     8.4918352780051987e+02
16                                     8.9096429990592162e+02
17                                     9.8357263486480770e+02
18                                     1.0577961289650468e+03
19                                     1.0760572258289442e+03
20                                     1.0992635479427081e+03
21                                     1.1013346746612624e+03
22                                     1.1376844126889036e+03
23                                     1.2907791479173661e+03
24                                     1.2987305454717994e+03
25                                     1.3937431358774156e+03
26                                     1.4075085048723281e+03
27                                     1.4342593166763018e+03
28                                     1.4800966069969645e+03
29                                     1.5013641279838737e+03
30                                     1.5275244566430606e+03
31                                     1.5363919149100070e+03
32                                     3.0154384289978916e+03
33                                     3.0907318767862989e+03
34                                     3.1239085388449107e+03
35                                     3.2158710628116173e+03
36                                     3.2256878157461547e+03
37                                     3.2367131429075116e+03
38                                     3.2444917985301327e+03
   &ZPE [&Type "Double"]       1.0923754859905790e-01
   &INNERENERGYU [&Type "Double"]      -2.4930845843319995e+02
   &ENTHALPYH [&Type "Double"]      -2.4930751422415770e+02
   &QEL [&Type "Double"]       0.0000000000000000e+00
   &QROT [&Type "Double"]       1.2263834966057891e-02
   &QVIB [&Type "Double"]       4.5308114815802488e-03
   &QTRANS [&Type "Double"]       1.8574865653217698e-02
   &ENTROPYS [&Type "Double"]       3.5369512100855836e-02
   &FREEENERGYG [&Type "Double"]      -2.4934288373625856e+02
   &ISLINEAR [&Type "Boolean"] false
$End
$Hessian
   &GeometryIndex 1
   &ListStatus       OUT
   &HESSIAN [&Type "ArrayOfDoubles", &Dim (39,39)] "The Hessian"
                                                         0                           1                           2                           3                           4                           5                           6                           7

0                                      4.6073058062326561e-01         7.5824263014638983e-05        -6.5009397232989423e-03        -2.1246005478714555e-01         2.4099015811013437e-04        -9.8279227181648048e-03        -2.3759015418932578e-02         3.6134314312410640e-03
1                                      7.5824263014638983e-05         6.0470990693221527e-01        -4.9042102308302952e-06         2.0177791687076561e-04        -1.0948579843195592e-01        -3.1817715512721314e-05         2.6749119245951924e-02         9.6122556281581055e-03
2                                     -6.5009397232989423e-03        -4.9042102308302952e-06         5.5981841911797636e-01        -1.1622579731127217e-02        -1.9195367128803142e-05        -5.5452972332822960e-02         4.3144312109022406e-03        -1.3099643973501285e-03
3                                     -2.1246005478714555e-01         2.0177791687076561e-04        -1.1622579731127217e-02         7.6420779761283253e-01        -4.3724367071279902e-04         8.4682157859322701e-03        -1.6502232312763354e-01         8.4838087885067331e-02
4                                      2.4099015811013437e-04        -1.0948579843195592e-01        -1.9195367128803142e-05        -4.3724367071279902e-04         6.4518592068997838e-01         1.3585088339462492e-04         8.2858148676207263e-02        -2.3904216907598430e-01
5                                     -9.8279227181648048e-03        -3.1817715512721314e-05        -5.5452972332822960e-02         8.4682157859322701e-03         1.3585088339462492e-04         1.2970705663428114e-01        -2.4261022734715846e-03        -1.4430976526788283e-03
6                                     -2.3759015418932578e-02         2.6749119245951924e-02         4.3144312109022406e-03        -1.6502232312763354e-01         8.2858148676207263e-02        -2.4261022734715846e-03         6.6088621457043373e-01         1.2859886018517130e-01
7                                      3.6134314312410640e-03         9.6122556281581055e-03        -1.3099643973501285e-03         8.4838087885067331e-02        -2.3904216907598430e-01        -1.4430976526788283e-03         1.2859886018517130e-01         7.7307963765226440e-01
8                                     -6.2799141392729104e-04         8.3058413300079667e-04        -6.0661456038247231e-03         2.1910009626156038e-03        -4.5225790194582845e-03        -5.6274007634422141e-02        -1.1611648853083373e-02        -1.7625407117879846e-03
9                                      3.8527204752140769e-03         4.3019937089493216e-03        -1.1596147853094152e-03        -7.9404855778775041e-02         4.5223410980615941e-02         5.5815324448715113e-03        -3.3805317954476921e-01        -7.7979856746720769e-02
10                                     4.7037047712690412e-03        -6.1115311051164849e-03        -1.9116827447370232e-03         3.3911096547477818e-03        -7.8511791853645915e-03         3.8939428230179147e-03        -6.3792594068982023e-02        -1.2150863217206417e-01
11                                     4.6767928160135110e-04         3.3430822964003633e-04         1.9104535769473054e-03         2.3658393028537020e-03        -1.4908508072778047e-03         1.2893565646795918e-02         5.8681940279278642e-03         1.8823597733421263e-03
12                                     3.9107159898489393e-03        -4.1124187597009320e-03        -1.1568943079103594e-03        -7.9471942201990747e-02        -4.5432341469219900e-02         5.5535373829891195e-03        -2.8126524550638517e-03        -1.7234352469238129e-02
13                                    -4.6483844001395744e-03        -6.3480789740578752e-03         1.9057134405718388e-03        -3.4886546004786762e-03        -7.5848043716758434e-03        -3.9090108720189276e-03        -7.1559174183156576e-02        -3.7112608699116929e-02
14                                     4.7372937279726907e-04        -3.4803562519209450e-04         1.7814351613461552e-03         2.3629685021924834e-03         1.4762647147071070e-03         1.2932141840800666e-02         9.3362901567672690e-04         1.8250208939647565e-04
15                                    -2.3657656460380302e-02        -2.7313519237150006e-02         4.2494445596086700e-03        -1.6502714672689972e-01        -8.2489917574566932e-02        -2.4787764562355470e-03        -9.7128696685502142e-03        -1.4090552251083584e-02
16                                    -3.6637969255142802e-03         9.4941248908498900e-03         1.3162589197995591e-03        -8.4619520183664046e-02        -2.3902352592396464e-01         1.3316879645018887e-03         1.4095307089803156e-02        -9.3588412971570556e-02
17                                    -6.7216718722444340e-04        -8.0906630748490971e-04        -5.9001537714475725e-03         2.1736793140212729e-03         4.4424276339126781e-03        -5.6709879735508721e-02         1.4538889211298408e-03        -4.9667884389375822e-04
18                                    -6.3272167832107332e-02         1.2999115460380658e-03        -6.4987328362597366e-02        -2.8219631639232079e-02         8.5405186672936166e-04        -3.1709971628956252e-02         3.2440364757620531e-03        -3.5469024133115037e-03
19                                     1.4205913831134894e-03        -4.9360981457928887e-02         4.7969653441211580e-03         6.6372191323531868e-05         5.4684814997762229e-04        -4.0997345714568708e-05         4.8715415578732125e-04         1.7283891054277494e-04
20                                    -6.7387204903947465e-02         4.8709692166126681e-03        -2.8490404115429224e-01        -5.6369735111114587e-03        -6.3000558660355457e-05         7.5465442343967057e-03         9.2567423494759288e-04        -8.7598705517065835e-04
21                                    -7.4635335801417055e-02         6.4179564708710543e-02         4.0023256591375164e-02        -2.2718507316612024e-02         3.4532129462587331e-02         1.4461990631829538e-02        -2.7566413398007073e-03        -4.9596974098391989e-03
22                                     7.2614309842695915e-02        -2.2284475987087929e-01        -1.0430692888753515e-01         9.7469242717945076e-04         5.1675785876100606e-04         1.8922080404655582e-03        -1.1819940882592042e-05         8.0111352504158313e-04
23                                     4.3928951878809193e-02        -1.0603056736356886e-01        -1.1078960379693889e-01        -3.7049481100385681e-04         3.6518611001202577e-03         2.2389669955550674e-03        -1.5646792118103490e-03         7.1700940610423510e-04
24                                    -7.4496114210863953e-02        -6.5442593496420121e-02         3.6911153753784974e-02        -2.2304716588767350e-02        -3.5333539608071098e-02         1.3411479921350535e-02         2.9474434773252532e-03        -1.5529425926728748e-03
25                                    -7.4326273893308314e-02        -2.3224944308607925e-01         9.9530794988922505e-02        -9.3778367579482741e-04         5.2878817633556928e-04        -1.8205543270110305e-03         1.1179070877010153e-03         9.0729087689736174e-04
26                                     4.0668733904891917e-02         1.0119404670673782e-01        -1.0202810640497520e-01        -4.5832845088991138e-04        -3.5953336106165782e-03         1.7413876058311357e-03        -2.0477798660103672e-04         4.4813005298469078e-04
27                                     1.7417959270636290e-03         3.1253476157316819e-04        -3.6740014212281708e-04         1.0386476117189354e-02         2.2191228232140741e-02        -3.9125425529228504e-04        -1.1034442103816000e-01        -1.1613718771472706e-01
28                                    -2.0724606633086297e-03         5.5438793034579947e-04         2.8266193282078505e-04        -1.2868289223799040e-02        -2.1461918477948962e-02         4.2014382146062759e-04        -1.0635550818161660e-01        -2.9572731053009021e-01
29                                    -1.5188847686940354e-04        -3.7982056183184825e-04        -1.5974941971609031e-03        -1.5695649941662088e-04        -1.2297355192330260e-03        -3.7289403876867491e-03         2.0332673140980129e-03         2.8631055420002072e-03
30                                     1.6633362127129554e-04         1.3283256101444666e-03         3.4051565611969964e-04        -5.2294494707659711e-03        -2.2924778874978376e-03        -9.2975468433585673e-05        -1.0722268868909528e-02         2.0009974765266728e-02
31                                    -2.8351356453138561e-04         7.3376879685571063e-04        -1.4992599718248445e-05        -3.8383696488983295e-03        -4.4376695295444231e-04         1.6334170041743765e-04        -8.5373929879654920e-03         1.0335672552339813e-02
32                                    -1.1549699507090516e-04        -1.2419194245484922e-05         2.3893078254849471e-03         3.8939735632666429e-04         4.7979797370480387e-04         4.3926389093948007e-03         4.1278303077356936e-04        -4.7013593934685030e-04
33                                     1.6759328196844572e-04        -1.3421151239650486e-03         3.3530745576894859e-04        -5.2334644078129954e-03         2.2915029187220259e-03        -8.8204304081575171e-05         2.2901639335699397e-04         1.7506382100104263e-03
34                                     2.7814639094759412e-04         7.3131103935950839e-04         1.4016379633782251e-05         3.8366923244488923e-03        -4.3595717533416282e-04        -1.6643408131056248e-04         8.0898071272131594e-04        -6.6721570198290409e-03
35                                    -1.1016146642710883e-04         1.5900167515507633e-05         2.3452561330800886e-03         3.8669807688877848e-04        -4.8177001243162671e-04         4.4469239105196746e-03        -2.8533781725828073e-04         1.7895604687207699e-04
36                                     1.7106045922147643e-03        -2.3977262538734377e-04        -3.6953378408451169e-04         1.0497818315613158e-02        -2.2213559932820412e-02        -3.9778429256208132e-04        -4.1233394550585171e-03        -3.1056667451579579e-03
37                                     2.0487986877808714e-03         5.6483770823341321e-04        -2.8613659600252488e-04         1.2888746451486126e-02        -2.1449195279869701e-02        -4.2537785014593445e-04        -4.6628219247458122e-03        -1.2575186765887043e-03
38                                    -1.5513994427843604e-04         3.7821632139300977e-04        -1.5063545533724125e-03        -1.5623106705696583e-04         1.2163772001015283e-03        -3.7334256871345613e-03         1.3891112197955750e-04         1.0153422954208328e-05
                                                         8                           9                          10                          11                          12                          13                          14                          15

0                                     -6.2799141392729104e-04         3.8527204752140769e-03         4.7037047712690412e-03         4.6767928160135110e-04         3.9107159898489393e-03        -4.6483844001395744e-03         4.7372937279726907e-04        -2.3657656460380302e-02
1                                      8.3058413300079667e-04         4.3019937089493216e-03        -6.1115311051164849e-03         3.3430822964003633e-04        -4.1124187597009320e-03        -6.3480789740578752e-03        -3.4803562519209450e-04        -2.7313519237150006e-02
2                                     -6.0661456038247231e-03        -1.1596147853094152e-03        -1.9116827447370232e-03         1.9104535769473054e-03        -1.1568943079103594e-03         1.9057134405718388e-03         1.7814351613461552e-03         4.2494445596086700e-03
3                                      2.1910009626156038e-03        -7.9404855778775041e-02         3.3911096547477818e-03         2.3658393028537020e-03        -7.9471942201990747e-02        -3.4886546004786762e-03         2.3629685021924834e-03        -1.6502714672689972e-01
4                                     -4.5225790194582845e-03         4.5223410980615941e-02        -7.8511791853645915e-03        -1.4908508072778047e-03        -4.5432341469219900e-02        -7.5848043716758434e-03         1.4762647147071070e-03        -8.2489917574566932e-02
5                                     -5.6274007634422141e-02         5.5815324448715113e-03         3.8939428230179147e-03         1.2893565646795918e-02         5.5535373829891195e-03        -3.9090108720189276e-03         1.2932141840800666e-02        -2.4787764562355470e-03
6                                     -1.1611648853083373e-02        -3.3805317954476921e-01        -6.3792594068982023e-02         5.8681940279278642e-03        -2.8126524550638517e-03        -7.1559174183156576e-02         9.3362901567672690e-04        -9.7128696685502142e-03
7                                     -1.7625407117879846e-03        -7.7979856746720769e-02        -1.2150863217206417e-01         1.8823597733421263e-03        -1.7234352469238129e-02        -3.7112608699116929e-02         1.8250208939647565e-04        -1.4090552251083584e-02
8                                      1.0841965537213380e-01         5.6132069138279317e-03         1.2302371797600024e-03        -5.9453250239722810e-02         3.2558791019390160e-04         2.5413393233096023e-03         1.1364151923635865e-02         1.4286840553141954e-03
9                                      5.6132069138279317e-03         7.6964185826235620e-01        -1.2034449457818966e-01        -1.3011410342621413e-02        -1.0823513765361301e-01         1.3830165335402905e-02         1.5090820037501947e-04        -2.8894961759457450e-03
10                                     1.2302371797600024e-03        -1.2034449457818966e-01         6.1593024172572153e-01         8.5086149126834844e-04        -1.3767886824977777e-02        -2.7760496066122753e-01        -4.2023082140923030e-04         7.1535908909893101e-02
11                                    -5.9453250239722810e-02        -1.3011410342621413e-02         8.5086149126834844e-04         1.1076292264333890e-01         1.4154666220659532e-04         2.9482723267375207e-04        -5.6117830577235191e-02         9.8095799885535148e-04
12                                     3.2558791019390160e-04        -1.0823513765361301e-01        -1.3767886824977777e-02         1.4154666220659532e-04         7.6957076648344991e-01         1.2036377497007955e-01        -1.2973440412458615e-02        -3.3819366533070866e-01
13                                     2.5413393233096023e-03         1.3830165335402905e-02        -2.7760496066122753e-01         2.9482723267375207e-04         1.2036377497007955e-01         6.1604641272001759e-01        -6.0608734935509515e-04         6.3762013665718972e-02
14                                     1.1364151923635865e-02         1.5090820037501947e-04        -4.2023082140923030e-04        -5.6117830577235191e-02        -1.2973440412458615e-02        -6.0608734935509515e-04         1.1081350467568933e-01         5.8996437484488667e-03
15                                     1.4286840553141954e-03        -2.8894961759457450e-03         7.1535908909893101e-02         9.8095799885535148e-04        -3.3819366533070866e-01         6.3762013665718972e-02         5.8996437484488667e-03         6.6109167248326506e-01
16                                     4.3018135126417657e-04         1.7230559077858108e-02        -3.7048479229886425e-02        -2.0304160990861162e-04         7.7924249070270887e-02        -1.2146394131627464e-01        -1.9008167821961441e-03        -1.2862833640469928e-01
17                                     1.6006466003778141e-02         3.2670994452327004e-04        -2.5803083076210188e-03         1.1411604247108624e-02         5.6451247980784727e-03        -1.2369055038886014e-03        -5.9371757271745720e-02        -1.1616759413859144e-02
18                                    -2.1016947307926481e-03        -2.8722282232003450e-03        -1.9954213880478302e-03         4.7179822188239337e-04        -2.8266762090078776e-03         2.0511156907215737e-03         4.5455824407755947e-04         3.3800456936656851e-03
19                                     7.5617843682633187e-05        -3.4000285282368716e-04         2.2361758353847986e-04        -4.1982035140528703e-04         3.4216199186355066e-04         2.1573877835119159e-04         3.7164926835444115e-04        -4.6718174528403067e-04
20                                     2.6905850673345616e-04        -8.0129552461887573e-04        -8.7934550616984510e-04         6.8167885287124424e-06        -8.2209964231849285e-04         8.6010390183354109e-04         2.2555169166711431e-05         8.8938856710488656e-04
21                                     2.2991112227815388e-03        -1.9618437629366067e-03         1.0381008481731445e-03        -2.2816850603090170e-04        -6.5365358777885654e-04         9.0925464923954133e-04         1.7601813642406563e-04         3.0138323706404256e-03
22                                    -5.5921498973402666e-04        -3.6065052954505766e-04         1.3647303558241551e-04         3.9886122974041281e-04         3.9810545391451605e-04         1.7071585798499695e-04         3.4726329031804586e-04        -1.0045683831957268e-03
23                                     3.0705265738683018e-04        -1.3712144752494508e-04         4.6675301646377228e-04         2.2963103910666007e-04         5.1422848496379052e-04         1.6614321618634909e-04        -1.5351379566732075e-04        -2.1748803045292886e-04
