
$orca_hessian_file

$act_atom
  0

$act_coord
  0

$act_energy
        0.000000

$multiplicity
  1

$hessian
39
                    0                  1                  2                  3                  4        
    0      4.7380463570E-01   4.9362428693E-05  -6.1325009873E-03  -2.2269591067E-01   1.6219345308E-04
    1      4.9362428693E-05   5.9916644492E-01  -8.1412847349E-06   1.2111554972E-04  -1.0924405999E-01
    2     -6.1325009873E-03  -8.1412847349E-06   5.5497264977E-01  -1.2135688155E-02  -2.2867296916E-05
    3     -2.2269591067E-01   1.2111554972E-04  -1.2135688155E-02   7.7491625373E-01  -2.6266541937E-04
    4      1.6219345308E-04  -1.0924405999E-01  -2.2867296916E-05  -2.6266541937E-04   6.4177434463E-01
    5     -1.0470111696E-02  -3.1472595976E-05  -5.5101225795E-02   9.0978829734E-03   1.6101260063E-04
    6     -2.4074453784E-02  -2.7398970097E-02   4.3185932000E-03  -1.6461422884E-01  -8.1677342096E-02
    7     -3.7663888725E-03   9.5407952388E-03   1.3181877870E-03  -8.3559240876E-02  -2.3758579829E-01
    8     -6.9213540138E-04  -8.4587135660E-04  -5.9530888898E-03   2.1281118388E-03   4.3943013927E-03
    9      3.9153814987E-03  -4.1914404899E-03  -1.1641811435E-03  -7.9877618819E-02  -4.5390656477E-02
   10     -4.7563253011E-03  -6.3377116509E-03   1.9364690999E-03  -3.4458671894E-03  -7.6295685077E-03
   11      4.7033411923E-04  -3.4850420006E-04   1.8270546638E-03   2.4020040476E-03   1.5268809127E-03
   12      3.8753119541E-03   4.3207699998E-03  -1.1649044316E-03  -7.9833141827E-02   4.5240403501E-02
   13      4.7948102575E-03  -6.1763283822E-03  -1.9427087132E-03   3.3732528372E-03  -7.8089325697E-03
   14      4.6751045550E-04   3.3750625435E-04   1.9144166005E-03   2.4059306680E-03  -1.5385989462E-03
   15     -2.4152823203E-02   2.7012384507E-02   4.3702089863E-03  -1.6460803360E-01   8.1916391528E-02
   16      3.7268773846E-03   9.6207924999E-03  -1.3087964948E-03   8.3698877897E-02  -2.3756215205E-01
   17     -6.6138655859E-04   8.6484306463E-04  -6.0637474557E-03   2.1586998811E-03  -4.4969265221E-03
   18     -7.5259684944E-02   6.4093459691E-02   3.9417159913E-02  -2.2831850422E-02   3.4815607523E-02
   19      7.2672373985E-02  -2.2170281329E-01  -1.0258888601E-01   1.0475881155E-03   5.0520811210E-04
   20      4.3415500841E-02  -1.0439313470E-01  -1.0910924540E-01  -3.3500356535E-04   3.6696498459E-03
   21     -6.4138852412E-02   8.7116078944E-04  -6.4733835641E-02  -2.8274785084E-02   5.7246500726E-04
   22      9.5075101619E-04  -4.9351485184E-02   3.1589686373E-03   4.5217072701E-05   5.2972337785E-04
   23     -6.7087253267E-02   3.2107121360E-03  -2.8090304920E-01  -5.8979339389E-03  -4.4847702535E-05
   24     -7.5124047648E-02  -6.4919969631E-02   3.7301589388E-02  -2.2548832472E-02  -3.5367706692E-02
   25     -7.3812564230E-02  -2.2809254207E-01   9.9455559664E-02  -1.0277084027E-03   5.0403386523E-04
   26      4.1199019637E-02   1.0121773798E-01  -1.0323236078E-01  -3.9780798800E-04  -3.6316355083E-03
   27      1.7506584823E-03  -2.4507892630E-04  -3.7810615063E-04   1.0457027301E-02  -2.2266929240E-02
   28      2.0656197690E-03   5.5794641789E-04  -2.7665650560E-04   1.2804931983E-02  -2.1304276705E-02
   29     -1.5264701823E-04   3.7629161286E-04  -1.5216391556E-03  -1.4494118375E-04   1.2406463285E-03
   30      1.6438270669E-04  -1.3448984702E-03   3.4293511413E-04  -5.2359519355E-03   2.2974557279E-03
   31      2.7091051249E-04   7.3306843717E-04   1.2407488070E-05   3.8553324839E-03  -4.2966054029E-04
   32     -1.0644766433E-04   2.0156673441E-05   2.3616668044E-03   3.9820045193E-04  -5.0889246765E-04
   33      1.6322391557E-04   1.3353633269E-03   3.4663288618E-04  -5.2324043016E-03  -2.2984584539E-03
   34     -2.7461549470E-04   7.3474469859E-04  -1.3280655741E-05  -3.8569326107E-03  -4.3551054487E-04
   35     -1.1056008126E-04  -1.8234695694E-05   2.3912440123E-03   3.9955880636E-04   5.0433895778E-04
   36      1.7721783968E-03   2.9544477082E-04  -3.7634400706E-04   1.0379476932E-02   2.2254209884E-02
   37     -2.0817083561E-03   5.5114835137E-04   2.7479997354E-04  -1.2788869687E-02  -2.1313350794E-02
   38     -1.5088134864E-04  -3.7694457611E-04  -1.5826751716E-03  -1.4806145393E-04  -1.2528398839E-03
                    5                  6                  7                  8                  9        
    0     -1.0470111696E-02  -2.4074453784E-02  -3.7663888725E-03  -6.9213540138E-04   3.9153814987E-03
    1     -3.1472595976E-05  -2.7398970097E-02   9.5407952388E-03  -8.4587135660E-04  -4.1914404899E-03
    2     -5.5101225795E-02   4.3185932000E-03   1.3181877870E-03  -5.9530888898E-03  -1.1641811435E-03
    3      9.0978829734E-03  -1.6461422884E-01  -8.3559240876E-02   2.1281118388E-03  -7.9877618819E-02
    4      1.6101260063E-04  -8.1677342096E-02  -2.3758579829E-01   4.3943013927E-03  -4.5390656477E-02
    5      1.2941604167E-01  -2.6089627109E-03   1.2538723147E-03  -5.6880740966E-02   5.6767326140E-03
    6     -2.6089627109E-03   6.6799133078E-01  -1.3262536208E-01  -1.2123663541E-02  -3.4541066226E-01
    7      1.2538723147E-03  -1.3262536208E-01   7.7435410112E-01   2.5916022684E-03   8.0671395421E-02
    8     -5.6880740966E-02  -1.2123663541E-02   2.5916022684E-03   1.0802860329E-01   6.0221528287E-03
    9      5.6767326140E-03  -3.4541066226E-01   8.0671395421E-02   6.0221528287E-03   7.7919476595E-01
   10     -3.9640628134E-03   6.6626238658E-02  -1.2212113537E-01  -1.4069757016E-03   1.1890135508E-01
   11      1.2979827263E-02   6.2536646273E-03  -2.0574471234E-03  -5.9106295320E-02  -1.3287969411E-02
   12      5.7033725273E-03  -2.8965928604E-03   1.7412503135E-02   3.5262442961E-04  -1.0806043053E-01
   13      3.9498539178E-03   7.1793051448E-02  -3.7433348944E-02  -2.6195813475E-03  -1.3771758988E-02
   14      1.2952426719E-02   1.0436936234E-03  -2.0107070659E-04   1.1582700547E-02   8.6054985015E-05
   15     -2.5529746733E-03  -9.7777187063E-03   1.4183767503E-02   1.4774154633E-03  -2.8392124340E-03
   16     -1.3776004826E-03  -1.4175390375E-02  -9.3597736252E-02  -4.8655841364E-04  -1.7414448382E-02
   17     -5.6588562389E-02   1.4573025329E-03   4.1567942483E-04   1.6037474026E-02   3.4837498787E-04
   18      1.4373997270E-02   3.0241417899E-03   1.5721611587E-03  -3.6948800484E-04  -6.4964659855E-04
   19      1.9118740392E-03  -1.0484487225E-03   8.8038173316E-04   5.4274505465E-04   4.0551351284E-04
   20      2.2064700682E-03  -2.4226944669E-04  -4.7293188329E-04   4.5997912136E-04   5.2084477959E-04
   21     -3.1787220424E-02   3.4289816136E-03   3.4996918546E-03  -1.9871411975E-03  -2.8715930115E-03
   22     -3.2461111757E-05  -4.6920617610E-04   2.0063959645E-04  -1.1421681735E-04   3.4723555996E-04
   23      7.6665414970E-03   9.5951955837E-04   9.0257699122E-04   3.3770296712E-04  -8.6153361706E-04
   24      1.3660021524E-02  -2.8609006352E-03   4.9788074459E-03   2.2151713548E-03  -1.9296891862E-03
   25     -1.8593172056E-03   9.2328334369E-05   9.0116060338E-04   5.7961863058E-04   3.5999957638E-04
   26      1.8668541234E-03  -1.5230458900E-03  -6.9035210624E-04   3.5744992055E-04  -1.4384039907E-04
   27     -4.2069995986E-04  -1.1003131986E-01   1.1617614162E-01   2.6972720920E-03   3.0458264520E-03
   28     -4.3703316096E-04   1.0664180687E-01  -2.9758015369E-01  -2.5212723013E-03  -1.2514273691E-03
   29     -3.7240863406E-03   2.1837216479E-03  -3.2699926979E-03  -1.8141885818E-02   4.5587479157E-05
   30     -9.4650435395E-05  -1.0859099792E-02  -2.0109025138E-02  -4.8398777552E-05  -2.4478933272E-01
   31     -1.7591800501E-04   8.6125177834E-03   1.0384607151E-02  -4.8974151623E-05  -1.4193196415E-01
   32      4.4821870800E-03   4.4462437764E-04   4.9571373796E-04  -2.3259371685E-03   2.5088735114E-03
   33     -9.9050202310E-05   2.3084774765E-04  -1.7408040091E-03   2.7889040161E-05   6.1943135807E-03
   34      1.7246803282E-04  -8.0598424921E-04  -6.6886288862E-03  -2.0779938069E-05   2.4150511380E-02
   35      4.4455216730E-03  -3.0443865730E-04  -1.9388430400E-04   3.8020837493E-03  -5.5226357581E-06
   36     -4.0928918834E-04  -4.1503251915E-03   3.1070805015E-03   3.1093601418E-04  -5.9221019193E-03
   37      4.2856275970E-04   4.6340330400E-03  -1.2548840106E-03  -1.1879086743E-04  -7.2955567317E-04
   38     -3.7212546064E-03   1.3051453904E-04  -1.7200153810E-05   1.8019545427E-03   2.9466550307E-04
                   10                 11                 12                 13                 14        
    0     -4.7563253011E-03   4.7033411923E-04   3.8753119541E-03   4.7948102575E-03   4.6751045550E-04
    1     -6.3377116509E-03  -3.4850420006E-04   4.3207699998E-03  -6.1763283822E-03   3.3750625435E-04
    2      1.9364690999E-03   1.8270546638E-03  -1.1649044316E-03  -1.9427087132E-03   1.9144166005E-03
    3     -3.4458671894E-03   2.4020040476E-03  -7.9833141827E-02   3.3732528372E-03   2.4059306680E-03
    4     -7.6295685077E-03   1.5268809127E-03   4.5240403501E-02  -7.8089325697E-03  -1.5385989462E-03
    5     -3.9640628134E-03   1.2979827263E-02   5.7033725273E-03   3.9498539178E-03   1.2952426719E-02
    6      6.6626238658E-02   6.2536646273E-03  -2.8965928604E-03   7.1793051448E-02   1.0436936234E-03
    7     -1.2212113537E-01  -2.0574471234E-03   1.7412503135E-02  -3.7433348944E-02  -2.0107070659E-04
    8     -1.4069757016E-03  -5.9106295320E-02   3.5262442961E-04  -2.6195813475E-03   1.1582700547E-02
    9      1.1890135508E-01  -1.3287969411E-02  -1.0806043053E-01  -1.3771758988E-02   8.6054985015E-05
   10      6.2397914292E-01  -3.3063364224E-04   1.3828818866E-02  -2.8379165721E-01   3.4536150041E-04
   11     -3.3063364224E-04   1.0971952253E-01   9.6600567775E-05  -4.7226439428E-04  -5.5943939511E-02
   12      1.3828818866E-02   9.6600567775E-05   7.7930409195E-01  -1.1886151900E-01  -1.3323967670E-02
   13     -2.8379165721E-01  -4.7226439428E-04  -1.1886151900E-01   6.2387954303E-01   6.0779150876E-04
   14      3.4536150041E-04  -5.5943939511E-02  -1.3323967670E-02   6.0779150876E-04   1.0968122040E-01
   15     -7.1809915510E-02   9.9490003986E-04  -3.4535022854E-01  -6.6676157748E-02   6.2022990885E-03
   16     -3.7486860560E-02   1.7252679471E-04  -8.0738805059E-02  -1.2216206051E-01   2.0253702239E-03
   17      2.5845153178E-03   1.1552386029E-02   5.9648274868E-03   1.3797312561E-03  -5.9153915412E-02
   18      9.0596139647E-04   1.8405576815E-04  -1.9732335389E-03   1.0462067726E-03  -2.3047464886E-04
   19      1.7517774675E-04   3.4657883284E-04  -3.5482162678E-04   1.2759214181E-04   4.0299464807E-04
   20      1.6258358873E-04  -1.5653841151E-04  -1.3291137669E-04   4.7009941243E-04   2.3713253218E-04
   21      2.0859116030E-03   4.6158514685E-04  -2.9019820090E-03  -2.0490315170E-03   4.7289796382E-04
   22      2.2131332469E-04   3.8483751603E-04  -3.4529388832E-04   2.2705895753E-04  -4.1742604325E-04
   23      9.0798529207E-04   2.2208451462E-05  -8.4773023206E-04  -9.2083121302E-04   1.1549816770E-05
   24     -1.1118012365E-03  -2.2341367331E-04  -6.0107603731E-04  -8.6086625448E-04   1.7810535213E-04
   25      1.2394874253E-04  -3.8221641593E-04  -4.1177737215E-04   1.7567808283E-04  -3.3546746717E-04
   26     -4.4775533237E-04   2.6726868096E-04   4.9982749495E-04  -1.6949351685E-04  -1.6426579685E-04
   27      2.3387497633E-02  -2.6498998768E-04  -5.9233295100E-03   1.8263187057E-03   7.0861295780E-05
   28      2.1067252284E-04   2.3124305041E-05   7.3226053826E-04   8.2344777937E-04   1.0217369450E-05
   29     -6.9684285880E-04  -3.4202690160E-04   2.9691661082E-04   3.2163392902E-05   4.0455915569E-03
   30     -1.3958973425E-01   2.9223743377E-03   6.2008237494E-03   3.3515277337E-03  -1.1805126669E-04
   31     -1.6185981736E-01   1.4100547296E-03  -2.4145777528E-02  -6.3090221555E-03   2.3487698497E-04
   32      1.1182712155E-03  -2.3206836020E-02  -2.0537374596E-05   1.9511738412E-04  -1.6472783521E-03
   33     -3.3466652343E-03  -1.1880744079E-04  -2.4489441482E-01   1.3957310630E-01   2.9813404492E-03
   34     -6.3044354277E-03  -2.3645836827E-04   1.4191473463E-01  -1.6176120287E-01  -1.4749387612E-03
   35     -2.0091761707E-04  -1.6513643333E-03   2.5692695487E-03  -1.1798775481E-03  -2.3179256054E-02
   36     -1.8302335191E-03   6.9422374872E-05   3.0542020198E-03  -2.3383531619E-02  -2.7576955947E-04
   37      8.2093082669E-04  -1.1338465228E-05   1.2530948728E-03   2.0923265219E-04  -2.2121226630E-05
   38     -3.3138530509E-05   4.0387328772E-03   4.6181681855E-05   6.9550452185E-04  -3.3638305139E-04
                   15                 16                 17                 18                 19        
    0     -2.4152823203E-02   3.7268773846E-03  -6.6138655859E-04  -7.5259684944E-02   7.2672373985E-02
    1      2.7012384507E-02   9.6207924999E-03   8.6484306463E-04   6.4093459691E-02  -2.2170281329E-01
    2      4.3702089863E-03  -1.3087964948E-03  -6.0637474557E-03   3.9417159913E-02  -1.0258888601E-01
    3     -1.6460803360E-01   8.3698877897E-02   2.1586998811E-03  -2.2831850422E-02   1.0475881155E-03
    4      8.1916391528E-02  -2.3756215205E-01  -4.4969265221E-03   3.4815607523E-02   5.0520811210E-04
    5     -2.5529746733E-03  -1.3776004826E-03  -5.6588562389E-02   1.4373997270E-02   1.9118740392E-03
    6     -9.7777187063E-03  -1.4175390375E-02   1.4573025329E-03   3.0241417899E-03  -1.0484487225E-03
    7      1.4183767503E-02  -9.3597736252E-02   4.1567942483E-04   1.5721611587E-03   8.8038173316E-04
    8      1.4774154633E-03  -4.8655841364E-04   1.6037474026E-02  -3.6948800484E-04   5.4274505465E-04
    9     -2.8392124340E-03  -1.7414448382E-02   3.4837498787E-04  -6.4964659855E-04   4.0551351284E-04
   10     -7.1809915510E-02  -3.7486860560E-02   2.5845153178E-03   9.0596139647E-04   1.7517774675E-04
   11      9.9490003986E-04   1.7252679471E-04   1.1552386029E-02   1.8405576815E-04   3.4657883284E-04
   12     -3.4535022854E-01  -8.0738805059E-02   5.9648274868E-03  -1.9732335389E-03  -3.5482162678E-04
   13     -6.6676157748E-02  -1.2216206051E-01   1.3797312561E-03   1.0462067726E-03   1.2759214181E-04
   14      6.2022990885E-03   2.0253702239E-03  -5.9153915412E-02  -2.3047464886E-04   4.0299464807E-04
   15      6.6787947413E-01   1.3263745267E-01  -1.2060865470E-02  -2.7277589019E-03  -2.9116330608E-05
   16      1.3263745267E-01   7.7446525335E-01  -2.2118745370E-03  -4.9833882666E-03   8.5970978256E-04
   17     -1.2060865470E-02  -2.2118745370E-03   1.0801406377E-01   2.3203847916E-03  -5.8446281372E-04
   18     -2.7277589019E-03  -4.9833882666E-03   2.3203847916E-03   9.2389044032E-02  -8.0265718525E-02
   19     -2.9116330608E-05   8.5970978256E-04  -5.8446281372E-04  -8.0265718525E-02   2.3516653147E-01
   20     -1.5815841555E-03   7.2892464690E-04   3.1695638114E-04  -4.5466458394E-02   1.1250221776E-01
   21      3.3386198890E-03  -3.5627649268E-03  -2.0905380927E-03   4.0545105993E-03  -1.2375057849E-03
   22      4.8161291175E-04   1.8170396642E-04   9.5891498429E-05  -7.6070650339E-03   1.3780395212E-03
   23      9.8415848614E-04  -9.1601366437E-04   2.8311291425E-04  -3.1773110765E-03   1.6522964479E-03
   24      2.9773235644E-03  -1.5679992035E-03  -3.6042590248E-04   4.5445856328E-03   8.7767449424E-03
   25      1.1279806119E-03   8.9648432801E-04  -5.3425923436E-04  -8.5454681424E-03  -1.8044706036E-02
   26     -2.3338288033E-04   4.5851710822E-04   4.3955636355E-04  -6.6886516370E-03  -1.3497399441E-02
   27     -4.1568705409E-03  -3.1061132985E-03   3.0862423286E-04  -1.8272084967E-04   1.2022724873E-04
   28     -4.6376686181E-03  -1.2512221711E-03   1.1690303069E-04  -7.9144278526E-04   2.3271422921E-04
   29      1.2905179775E-04   1.5862868728E-05   1.8076648417E-03   2.7379637959E-04  -2.5398966925E-04
   30      2.2876443759E-04   1.7428704627E-03   2.9932628302E-05   4.6137383779E-05   1.6808819030E-05
   31      8.1103248176E-04  -6.6913472407E-03   1.5942608519E-05  -3.0943154383E-05   3.3154140447E-05
   32     -3.0297686720E-04   1.8734678733E-04   3.8128506088E-03  -1.9837677708E-04  -1.7762662583E-04
   33     -1.0865833112E-02   2.0103147193E-02  -3.6779261019E-05  -5.2533421762E-04  -2.0440402475E-06
   34     -8.6217345546E-03   1.0390137856E-02   5.5914689642E-05  -2.7514437130E-04   7.4984141046E-05
   35      4.3862214547E-04  -4.8786922696E-04  -2.3221706381E-03  -4.1116385049E-04  -1.1970273894E-04
   36     -1.0994570299E-01  -1.1615550253E-01   2.6326687861E-03   9.1810035548E-05  -1.7830545706E-04
   37     -1.0660084302E-01  -2.9766270301E-01   2.3729070509E-03   1.4247760226E-04   3.1402630985E-04
   38      2.1243079955E-03   3.1253595553E-03  -1.8135669037E-02   2.0848992874E-05  -1.3092983094E-04
                   20                 21                 22                 23                 24        
    0      4.3415500841E-02  -6.4138852412E-02   9.5075101619E-04  -6.7087253267E-02  -7.5124047648E-02
    1     -1.0439313470E-01   8.7116078944E-04  -4.9351485184E-02   3.2107121360E-03  -6.4919969631E-02
    2     -1.0910924540E-01  -6.4733835641E-02   3.1589686373E-03  -2.8090304920E-01   3.7301589388E-02
    3     -3.3500356535E-04  -2.8274785084E-02   4.5217072701E-05  -5.8979339389E-03  -2.2548832472E-02
    4      3.6696498459E-03   5.7246500726E-04   5.2972337785E-04  -4.4847702535E-05  -3.5367706692E-02
    5      2.2064700682E-03  -3.1787220424E-02  -3.2461111757E-05   7.6665414970E-03   1.3660021524E-02
    6     -2.4226944669E-04   3.4289816136E-03  -4.6920617610E-04   9.5951955837E-04  -2.8609006352E-03
    7     -4.7293188329E-04   3.4996918546E-03   2.0063959645E-04   9.0257699122E-04   4.9788074459E-03
    8      4.5997912136E-04  -1.9871411975E-03  -1.1421681735E-04   3.3770296712E-04   2.2151713548E-03
    9      5.2084477959E-04  -2.8715930115E-03   3.4723555996E-04  -8.6153361706E-04  -1.9296891862E-03
   10      1.6258358873E-04   2.0859116030E-03   2.2131332469E-04   9.0798529207E-04  -1.1118012365E-03
   11     -1.5653841151E-04   4.6158514685E-04   3.8483751603E-04   2.2208451462E-05  -2.2341367331E-04
   12     -1.3291137669E-04  -2.9019820090E-03  -3.4529388832E-04  -8.4773023206E-04  -6.0107603731E-04
   13      4.7009941243E-04  -2.0490315170E-03   2.2705895753E-04  -9.2083121302E-04  -8.6086625448E-04
   14      2.3713253218E-04   4.7289796382E-04  -4.1742604325E-04   1.1549816770E-05   1.7810535213E-04
   15     -1.5815841555E-03   3.3386198890E-03   4.8161291175E-04   9.8415848614E-04   2.9773235644E-03
   16      7.2892464690E-04  -3.5627649268E-03   1.8170396642E-04  -9.1601366437E-04  -1.5679992035E-03
   17      3.1695638114E-04  -2.0905380927E-03   9.5891498429E-05   2.8311291425E-04  -3.6042590248E-04
   18     -4.5466458394E-02   4.0545105993E-03  -7.6070650339E-03  -3.1773110765E-03   4.5445856328E-03
   19      1.1250221776E-01  -1.2375057849E-03   1.3780395212E-03   1.6522964479E-03   8.7767449424E-03
   20      1.1193105542E-01   9.9886159992E-03  -2.5578615994E-02  -1.3455826714E-02  -6.4666507061E-03
   21      9.9886159992E-03   8.3541933680E-02  -1.1356009685E-03   7.9079516441E-02   4.0241979639E-03
   22     -2.5578615994E-02  -1.1356009685E-03   4.6070432372E-02  -3.5014334042E-03   7.7308762671E-03
   23     -1.3455826714E-02   7.9079516441E-02  -3.5014334042E-03   2.9946624814E-01  -2.9585612835E-03
   24     -6.4666507061E-03   4.0241979639E-03   7.7308762671E-03  -2.9585612835E-03   9.2105911895E-02
   25      1.2737162595E-02   9.6935110141E-04   7.1257911173E-04  -1.2807458465E-03   8.1287875976E-02
   26      7.6668555757E-03   1.0001584034E-02   2.5971522314E-02  -1.2695218070E-02  -4.3007501787E-02
   27      2.8683865221E-04   2.7942190429E-06  -2.5929001967E-05  -4.6140455150E-05   9.1902356908E-05
   28      2.5286134810E-04  -3.2294355988E-04  -8.6639158848E-05  -3.9698914595E-05  -1.4196175702E-04
   29      1.3086927523E-04  -2.6374964323E-04  -3.2048693769E-04  -2.8209573312E-04   1.7987263016E-05
   30      1.9284859454E-06  -1.0044567099E-04  -3.4729492496E-05  -1.9842790395E-05  -5.3162625140E-04
   31     -2.9470677670E-05   6.0226812340E-05  -3.1443468632E-06   2.0038389100E-05   2.7865211097E-04
   32     -7.4415291461E-05   5.1751972589E-04   9.3197550228E-05  -9.2462226942E-05  -3.8796719448E-04
   33     -6.6154455487E-05  -1.0806108707E-04   3.8087344849E-05  -1.8773955313E-05   4.9424811262E-05
   34      3.7273056149E-05  -6.5222662076E-05  -4.5749425229E-06  -2.0622340840E-05   3.1381012402E-05
   35     -1.8960719059E-05   5.3015893868E-04  -8.0249817456E-05  -9.0993011168E-05  -1.8883435843E-04
   36      2.8984615763E-05   4.6813097434E-06   2.3009003064E-05  -3.8756567888E-05  -1.9717399313E-04
   37     -9.2328641442E-05   3.1529763685E-04  -7.5646594862E-05   2.9376858509E-05   8.0635288912E-04
   38     -1.3433183630E-04  -2.5875055188E-04   3.4167958139E-04  -2.6771882927E-04   2.6533185410E-04
                   25                 26                 27                 28                 29        
    0     -7.3812564230E-02   4.1199019637E-02   1.7506584823E-03   2.0656197690E-03  -1.5264701823E-04
    1     -2.2809254207E-01   1.0121773798E-01  -2.4507892630E-04   5.5794641789E-04   3.7629161286E-04
    2      9.9455559664E-02  -1.0323236078E-01  -3.7810615063E-04  -2.7665650560E-04  -1.5216391556E-03
    3     -1.0277084027E-03  -3.9780798800E-04   1.0457027301E-02   1.2804931983E-02  -1.4494118375E-04
    4      5.0403386523E-04  -3.6316355083E-03  -2.2266929240E-02  -2.1304276705E-02   1.2406463285E-03
    5     -1.8593172056E-03   1.8668541234E-03  -4.2069995986E-04  -4.3703316096E-04  -3.7240863406E-03
    6      9.2328334369E-05  -1.5230458900E-03  -1.1003131986E-01   1.0664180687E-01   2.1837216479E-03
    7      9.0116060338E-04  -6.9035210624E-04   1.1617614162E-01  -2.9758015369E-01  -3.2699926979E-03
    8      5.7961863058E-04   3.5744992055E-04   2.6972720920E-03  -2.5212723013E-03  -1.8141885818E-02
    9      3.5999957638E-04  -1.4384039907E-04   3.0458264520E-03  -1.2514273691E-03   4.5587479157E-05
   10      1.2394874253E-04  -4.4775533237E-04   2.3387497633E-02   2.1067252284E-04  -6.9684285880E-04
   11     -3.8221641593E-04   2.6726868096E-04  -2.6498998768E-04   2.3124305041E-05  -3.4202690160E-04
   12     -4.1177737215E-04   4.9982749495E-04  -5.9233295100E-03   7.3226053826E-04   2.9691661082E-04
   13      1.7567808283E-04  -1.6949351685E-04   1.8263187057E-03   8.2344777937E-04   3.2163392902E-05
   14     -3.3546746717E-04  -1.6426579685E-04   7.0861295780E-05   1.0217369450E-05   4.0455915569E-03
   15      1.1279806119E-03  -2.3338288033E-04  -4.1568705409E-03  -4.6376686181E-03   1.2905179775E-04
   16      8.9648432801E-04   4.5851710822E-04  -3.1061132985E-03  -1.2512221711E-03   1.5862868728E-05
   17     -5.3425923436E-04   4.3955636355E-04   3.0862423286E-04   1.1690303069E-04   1.8076648417E-03
   18     -8.5454681424E-03  -6.6886516370E-03  -1.8272084967E-04  -7.9144278526E-04   2.7379637959E-04
   19     -1.8044706036E-02  -1.3497399441E-02   1.2022724873E-04   2.3271422921E-04  -2.5398966925E-04
   20      1.2737162595E-02   7.6668555757E-03   2.8683865221E-04   2.5286134810E-04   1.3086927523E-04
   21      9.6935110141E-04   1.0001584034E-02   2.7942190429E-06  -3.2294355988E-04  -2.6374964323E-04
   22      7.1257911173E-04   2.5971522314E-02  -2.5929001967E-05  -8.6639158848E-05  -3.2048693769E-04
   23     -1.2807458465E-03  -1.2695218070E-02  -4.6140455150E-05  -3.9698914595E-05  -2.8209573312E-04
   24      8.1287875976E-02  -4.3007501787E-02   9.1902356908E-05  -1.4196175702E-04   1.7987263016E-05
   25      2.4215455533E-01  -1.0904282988E-01   1.7812144234E-04   3.1155239890E-04   1.1812651276E-04
   26     -1.0904282988E-01   1.0558301710E-01   3.1175341030E-05   9.4777687275E-05  -1.5102291395E-04
   27      1.7812144234E-04   3.1175341030E-05   1.0322269522E-01  -1.1614065439E-01  -2.3742313743E-03
   28      3.1155239890E-04   9.4777687275E-05  -1.1614065439E-01   3.1886165488E-01   2.7902834300E-03
   29      1.1812651276E-04  -1.5102291395E-04  -2.3742313743E-03   2.7902834300E-03   1.7206181982E-02
   30      5.2884791655E-06  -6.4934627861E-05   3.8826638672E-04   4.4717120558E-04  -4.7233951020E-05
   31      7.8439299755E-05  -3.5394361295E-05  -7.9670957526E-04  -1.1608109338E-04   3.5240842710E-05
   32      1.1414439862E-04  -1.8612291539E-05  -3.2575566608E-05  -1.2174524883E-05  -2.8934763474E-03
   33     -1.7381571991E-05   9.3948701245E-07   4.4875794877E-04  -6.9366718425E-05   1.1220997234E-05
   34      3.3047440827E-05   2.8937968968E-05   1.5585052165E-03   7.0977841669E-05  -6.7225748890E-05
   35      1.7094214347E-04  -7.7073336629E-05   9.7813361506E-05   7.0988117619E-07   1.4156679624E-03
   36     -1.2643167088E-04   2.8176738442E-04   8.8631239390E-04   7.9450691675E-04   2.4430118166E-05
   37      2.4576889729E-04  -2.4477514154E-04  -7.9622951715E-04  -7.3059325189E-04   1.3688860532E-05
   38      2.4742432388E-04   1.5755142580E-04   2.4249395713E-05  -1.5807580825E-05   2.4502575918E-03
                   30                 31                 32                 33                 34        
    0      1.6438270669E-04   2.7091051249E-04  -1.0644766433E-04   1.6322391557E-04  -2.7461549470E-04
    1     -1.3448984702E-03   7.3306843717E-04   2.0156673441E-05   1.3353633269E-03   7.3474469859E-04
    2      3.4293511413E-04   1.2407488070E-05   2.3616668044E-03   3.4663288618E-04  -1.3280655741E-05
    3     -5.2359519355E-03   3.8553324839E-03   3.9820045193E-04  -5.2324043016E-03  -3.8569326107E-03
    4      2.2974557279E-03  -4.2966054029E-04  -5.0889246765E-04  -2.2984584539E-03  -4.3551054487E-04
    5     -9.4650435395E-05  -1.7591800501E-04   4.4821870800E-03  -9.9050202310E-05   1.7246803282E-04
    6     -1.0859099792E-02   8.6125177834E-03   4.4462437764E-04   2.3084774765E-04  -8.0598424921E-04
    7     -2.0109025138E-02   1.0384607151E-02   4.9571373796E-04  -1.7408040091E-03  -6.6886288862E-03
    8     -4.8398777552E-05  -4.8974151623E-05  -2.3259371685E-03   2.7889040161E-05  -2.0779938069E-05
    9     -2.4478933272E-01  -1.4193196415E-01   2.5088735114E-03   6.1943135807E-03   2.4150511380E-02
   10     -1.3958973425E-01  -1.6185981736E-01   1.1182712155E-03  -3.3466652343E-03  -6.3044354277E-03
   11      2.9223743377E-03   1.4100547296E-03  -2.3206836020E-02  -1.1880744079E-04  -2.3645836827E-04
   12      6.2008237494E-03  -2.4145777528E-02  -2.0537374596E-05  -2.4489441482E-01   1.4191473463E-01
   13      3.3515277337E-03  -6.3090221555E-03   1.9511738412E-04   1.3957310630E-01  -1.6176120287E-01
   14     -1.1805126669E-04   2.3487698497E-04  -1.6472783521E-03   2.9813404492E-03  -1.4749387612E-03
   15      2.2876443759E-04   8.1103248176E-04  -3.0297686720E-04  -1.0865833112E-02  -8.6217345546E-03
   16      1.7428704627E-03  -6.6913472407E-03   1.8734678733E-04   2.0103147193E-02   1.0390137856E-02
   17      2.9932628302E-05   1.5942608519E-05   3.8128506088E-03  -3.6779261019E-05   5.5914689642E-05
   18      4.6137383779E-05  -3.0943154383E-05  -1.9837677708E-04  -5.2533421762E-04  -2.7514437130E-04
   19      1.6808819030E-05   3.3154140447E-05  -1.7762662583E-04  -2.0440402475E-06   7.4984141046E-05
   20      1.9284859454E-06  -2.9470677670E-05  -7.4415291461E-05  -6.6154455487E-05   3.7273056149E-05
   21     -1.0044567099E-04   6.0226812340E-05   5.1751972589E-04  -1.0806108707E-04  -6.5222662076E-05
   22     -3.4729492496E-05  -3.1443468632E-06   9.3197550228E-05   3.8087344849E-05  -4.5749425229E-06
   23     -1.9842790395E-05   2.0038389100E-05  -9.2462226942E-05  -1.8773955313E-05  -2.0622340840E-05
   24     -5.3162625140E-04   2.7865211097E-04  -3.8796719448E-04   4.9424811262E-05   3.1381012402E-05
   25      5.2884791655E-06   7.8439299755E-05   1.1414439862E-04  -1.7381571991E-05   3.3047440827E-05
   26     -6.4934627861E-05  -3.5394361295E-05  -1.8612291539E-05   9.3948701245E-07   2.8937968968E-05
   27      3.8826638672E-04  -7.9670957526E-04  -3.2575566608E-05   4.4875794877E-04   1.5585052165E-03
   28      4.4717120558E-04  -1.1608109338E-04  -1.2174524883E-05  -6.9366718425E-05   7.0977841669E-05
   29     -4.7233951020E-05   3.5240842710E-05  -2.8934763474E-03   1.1220997234E-05  -6.7225748890E-05
   30      2.5409934423E-01   1.5386151781E-01  -2.8680839575E-03  -6.0595774239E-05  -6.7446901835E-04
   31      1.5386151781E-01   1.6321378309E-01  -1.5151829602E-03   6.7405641620E-04   8.9494456374E-04
   32     -2.8680839575E-03  -1.5151829602E-03   2.0544671596E-02  -4.7793633007E-05  -7.5738246281E-06
   33     -6.0595774239E-05   6.7405641620E-04  -4.7793633007E-05   2.5421223046E-01  -1.5383997373E-01
   34     -6.7446901835E-04   8.9494456374E-04  -7.5738246281E-06  -1.5383997373E-01   1.6311176240E-01
   35     -4.8450214008E-05   9.3287637418E-06  -2.3584613289E-03  -2.9343314767E-03   1.5810296274E-03
   36      4.4933325429E-04  -1.5581681878E-03   9.6286587339E-05   3.8784485176E-04   7.9685934479E-04
   37      6.9532311396E-05   7.1076054175E-05  -1.5934625537E-06  -4.4698171962E-04  -1.1624626416E-04
   38      1.1729834934E-05   6.6146467581E-05   1.4161029373E-03  -4.6918256142E-05  -3.4010124313E-05
                   35                 36                 37                 38        
     0     -1.1056008126E-04   1.7721783968E-03  -2.0817083561E-03  -1.5088134864E-04
     1     -1.8234695694E-05   2.9544477082E-04   5.5114835137E-04  -3.7694457611E-04
     2      2.3912440123E-03  -3.7634400706E-04   2.7479997354E-04  -1.5826751716E-03
     3      3.9955880636E-04   1.0379476932E-02  -1.2788869687E-02  -1.4806145393E-04
     4      5.0433895778E-04   2.2254209884E-02  -2.1313350794E-02  -1.2528398839E-03
     5      4.4455216730E-03  -4.0928918834E-04   4.2856275970E-04  -3.7212546064E-03
     6     -3.0443865730E-04  -4.1503251915E-03   4.6340330400E-03   1.3051453904E-04
     7     -1.9388430400E-04   3.1070805015E-03  -1.2548840106E-03  -1.7200153810E-05
     8      3.8020837493E-03   3.1093601418E-04  -1.1879086743E-04   1.8019545427E-03
     9     -5.5226357581E-06  -5.9221019193E-03  -7.2955567317E-04   2.9466550307E-04
    10     -2.0091761707E-04  -1.8302335191E-03   8.2093082669E-04  -3.3138530509E-05
    11     -1.6513643333E-03   6.9422374872E-05  -1.1338465228E-05   4.0387328772E-03
    12      2.5692695487E-03   3.0542020198E-03   1.2530948728E-03   4.6181681855E-05
    13     -1.1798775481E-03  -2.3383531619E-02   2.0923265219E-04   6.9550452185E-04
    14     -2.3179256054E-02  -2.7576955947E-04  -2.2121226630E-05  -3.3638305139E-04
    15      4.3862214547E-04  -1.0994570299E-01  -1.0660084302E-01   2.1243079955E-03
    16     -4.8786922696E-04  -1.1615550253E-01  -2.9766270301E-01   3.1253595553E-03
    17     -2.3221706381E-03   2.6326687861E-03   2.3729070509E-03  -1.8135669037E-02
    18     -4.1116385049E-04   9.1810035548E-05   1.4247760226E-04   2.0848992874E-05
    19     -1.1970273894E-04  -1.7830545706E-04   3.1402630985E-04  -1.3092983094E-04
    20     -1.8960719059E-05   2.8984615763E-05  -9.2328641442E-05  -1.3433183630E-04
    21      5.3015893868E-04   4.6813097434E-06   3.1529763685E-04  -2.5875055188E-04
    22     -8.0249817456E-05   2.3009003064E-05  -7.5646594862E-05   3.4167958139E-04
    23     -9.0993011168E-05  -3.8756567888E-05   2.9376858509E-05  -2.6771882927E-04
    24     -1.8883435843E-04  -1.9717399313E-04   8.0635288912E-04   2.6533185410E-04
    25      1.7094214347E-04  -1.2643167088E-04   2.4576889729E-04   2.4742432388E-04
    26     -7.7073336629E-05   2.8176738442E-04  -2.4477514154E-04   1.5755142580E-04
    27      9.7813361506E-05   8.8631239390E-04  -7.9622951715E-04   2.4249395713E-05
    28      7.0988117619E-07   7.9450691675E-04  -7.3059325189E-04  -1.5807580825E-05
    29      1.4156679624E-03   2.4430118166E-05   1.3688860532E-05   2.4502575918E-03
    30     -4.8450214008E-05   4.4933325429E-04   6.9532311396E-05   1.1729834934E-05
    31      9.3287637418E-06  -1.5581681878E-03   7.1076054175E-05   6.6146467581E-05
    32     -2.3584613289E-03   9.6286587339E-05  -1.5934625537E-06   1.4161029373E-03
    33     -2.9343314767E-03   3.8784485176E-04  -4.4698171962E-04  -4.6918256142E-05
    34      1.5810296274E-03   7.9685934479E-04  -1.1624626416E-04  -3.4010124313E-05
    35      2.0535247138E-02  -3.1535705768E-05   1.3652961543E-05  -2.8914851144E-03
    36     -3.1535705768E-05   1.0318946490E-01   1.1609223109E-01  -2.3130095194E-03
    37      1.3652961543E-05   1.1609223109E-01   3.1894124083E-01  -2.6286422147E-03
    38     -2.8914851144E-03  -2.3130095194E-03  -2.6286422147E-03   1.7204918272E-02

$vibrational_frequencies
39
    0        0.0000000000000000
    1        0.0000000000000000
    2        0.0000000000000000
    3        0.0000000000000000
    4        0.0000000000000000
    5        0.0000000000000000
    6      105.1717924508318447
    7      193.5113129474985669
    8      361.1098392127953502
    9      621.0221688092572094
   10      626.8861019541996029
   11      662.8918516628772295
   12      673.1692713943573381
   13      711.7971377012850098
   14      792.1612382271998740
   15      845.8126997164138174
   16      891.3998110975877580
   17      982.5980309716891270
   18     1059.3953882707701268
   19     1080.9948118795541632
   20     1100.7620739175044946
   21     1103.2417074792410858
   22     1142.2275942509479592
   23     1289.9432261135887074
   24     1310.2565187748609787
   25     1391.2850166598122996
   26     1417.9338847370179337
   27     1441.0838886480019028
   28     1482.4790287090143011
   29     1503.5222919573523086
   30     1530.8805404587778867
   31     1544.8533232504244097
   32     3003.0364227046743508
   33     3077.7045605543148667
   34     3111.7454614398325248
   35     3227.1282605218948447
   36     3235.5553326178028328
   37     3245.5409109759957573
   38     3254.8009357326213831

$normal_modes
39 39
                    0                  1                  2                  3                  4        
    0      0.0000000000E+00   0.0000000000E+00   0.0000000000E+00   0.0000000000E+00   0.0000000000E+00
    1      0.0000000000E+00   0.0000000000E+00   0.0000000000E+00   0.0000000000E+00   0.0000000000E+00
    2      0.0000000000E+00   0.0000000000E+00   0.0000000000E+00   0.0000000000E+00   0.0000000000E+00
    3      0.0000000000E+00   0.0000000000E+00   0.0000000000E+00   0.0000000000E+00   0.0000000000E+00
    4      0.0000000000E+00   0.0000000000E+00   0.0000000000E+00   0.0000000000E+00   0.0000000000E+00
    5      0.0000000000E+00   0.0000000000E+00   0.0000000000E+00   0.0000000000E+00   0.0000000000E+00
    6      0.0000000000E+00   0.0000000000E+00   0.0000000000E+00   0.0000000000E+00   0.0000000000E+00
    7      0.0000000000E+00   0.0000000000E+00   0.0000000000E+00   0.0000000000E+00   0.0000000000E+00
    8      0.0000000000E+00   0.0000000000E+00   0.0000000000E+00   0.0000000000E+00   0.0000000000E+00
    9      0.0000000000E+00   0.0000000000E+00   0.0000000000E+00   0.0000000000E+00   0.0000000000E+00
   10      0.0000000000E+00   0.0000000000E+00   0.0000000000E+00   0.0000000000E+00   0.0000000000E+00
   11      0.0000000000E+00   0.0000000000E+00   0.0000000000E+00   0.0000000000E+00   0.0000000000E+00
   12      0.0000000000E+00   0.0000000000E+00   0.0000000000E+00   0.0000000000E+00   0.0000000000E+00
   13      0.0000000000E+00   0.0000000000E+00   0.0000000000E+00   0.0000000000E+00   0.0000000000E+00
   14      0.0000000000E+00   0.0000000000E+00   0.0000000000E+00   0.0000000000E+00   0.0000000000E+00
   15      0.0000000000E+00   0.0000000000E+00   0.0000000000E+00   0.0000000000E+00   0.0000000000E+00
   16      0.0000000000E+00   0.0000000000E+00   0.0000000000E+00   0.0000000000E+00   0.0000000000E+00
   17      0.0000000000E+00   0.0000000000E+00   0.0000000000E+00   0.0000000000E+00   0.0000000000E+00
   18      0.0000000000E+00   0.0000000000E+00   0.0000000000E+00   0.0000000000E+00   0.0000000000E+00
   19      0.0000000000E+00   0.0000000000E+00   0.0000000000E+00   0.0000000000E+00   0.0000000000E+00
   20      0.0000000000E+00   0.0000000000E+00   0.0000000000E+00   0.0000000000E+00   0.0000000000E+00
   21      0.0000000000E+00   0.0000000000E+00   0.0000000000E+00   0.0000000000E+00   0.0000000000E+00
   22      0.0000000000E+00   0.0000000000E+00   0.0000000000E+00   0.0000000000E+00   0.0000000000E+00
   23      0.0000000000E+00   0.0000000000E+00   0.0000000000E+00   0.0000000000E+00   0.0000000000E+00
   24      0.0000000000E+00   0.0000000000E+00   0.0000000000E+00   0.0000000000E+00   0.0000000000E+00
   25      0.0000000000E+00   0.0000000000E+00   0.0000000000E+00   0.0000000000E+00   0.0000000000E+00
   26      0.0000000000E+00   0.0000000000E+00   0.0000000000E+00   0.0000000000E+00   0.0000000000E+00
   27      0.0000000000E+00   0.0000000000E+00   0.0000000000E+00   0.0000000000E+00   0.0000000000E+00
   28      0.0000000000E+00   0.0000000000E+00   0.0000000000E+00   0.0000000000E+00   0.0000000000E+00
   29      0.0000000000E+00   0.0000000000E+00   0.0000000000E+00   0.0000000000E+00   0.0000000000E+00
   30      0.0000000000E+00   0.0000000000E+00   0.0000000000E+00   0.0000000000E+00   0.0000000000E+00
   31      0.0000000000E+00   0.0000000000E+00   0.0000000000E+00   0.0000000000E+00   0.0000000000E+00
   32      0.0000000000E+00   0.0000000000E+00   0.0000000000E+00   0.0000000000E+00   0.0000000000E+00
   33      0.0000000000E+00   0.0000000000E+00   0.0000000000E+00   0.0000000000E+00   0.0000000000E+00
   34      0.0000000000E+00   0.0000000000E+00   0.0000000000E+00   0.0000000000E+00   0.0000000000E+00
   35      0.0000000000E+00   0.0000000000E+00   0.0000000000E+00   0.0000000000E+00   0.0000000000E+00
   36      0.0000000000E+00   0.0000000000E+00   0.0000000000E+00   0.0000000000E+00   0.0000000000E+00
   37      0.0000000000E+00   0.0000000000E+00   0.0000000000E+00   0.0000000000E+00   0.0000000000E+00
   38      0.0000000000E+00   0.0000000000E+00   0.0000000000E+00   0.0000000000E+00   0.0000000000E+00
                    5                  6                  7                  8                  9        
    0      0.0000000000E+00  -3.4323365782E-04  -2.3638313808E-02   1.8733779704E-04   5.0945600692E-02
    1      0.0000000000E+00   7.0228240716E-03  -3.6049606071E-04   2.2114417755E-01  -7.4811426907E-05
    2      0.0000000000E+00   2.5322774000E-03   2.0828505658E-01   7.9307908997E-05   4.1916769552E-02
    3      0.0000000000E+00  -8.5788599216E-06   2.5325826691E-04   1.3965763494E-04   1.2567942827E-02
    4      0.0000000000E+00  -1.1307120617E-03   1.6522110536E-04  -1.5962585466E-01  -7.7437035609E-05
    5      0.0000000000E+00  -3.5205532925E-03  -2.9313992737E-01  -1.0518060951E-04   2.9079568462E-01
    6      0.0000000000E+00  -1.8132741688E-03   2.9509766181E-03  -1.0317473323E-01  -1.8104016159E-02
    7      0.0000000000E+00  -1.0128455574E-03  -4.6850005219E-04  -1.1219267508E-01   3.8946462560E-03
    8      0.0000000000E+00  -3.6606765758E-02  -1.2459276427E-01  -4.3823212072E-04  -2.3582720896E-01
    9      0.0000000000E+00  -1.3448430337E-03   1.1380038522E-02  -6.9990284738E-02  -1.6717667103E-02
   10      0.0000000000E+00  -1.2344830892E-03  -1.2814831834E-03   4.9951608875E-02   2.3045923189E-03
   11      0.0000000000E+00  -2.2122685719E-02   1.3997192303E-01  -7.5260641995E-03   9.1929000878E-02
   12      0.0000000000E+00   1.6320760355E-03   1.1232806244E-02   6.9811997707E-02  -1.6674778861E-02
   13      0.0000000000E+00  -1.2166019352E-03   1.2710498656E-03   4.9927580231E-02  -2.3802881385E-03
   14      0.0000000000E+00   2.5269652339E-02   1.3812652072E-01   7.5890282807E-03   9.5912396287E-02
   15      0.0000000000E+00   1.9402222477E-03   2.7845681716E-03   1.0302410794E-01  -1.8211624594E-02
