*************************************************
******************* ORCA 6.0.0 ******************
*************************************************
$Calculation_Status
   &GeometryIndex 1
   &ListStatus       OUT
   &VERSION [&Type "String"] "6.0.0"
   &PROGNAME [&Type "String"] "LeanSCF"
   &STATUS [&Type "String"] "NORMAL TERMINATION"
$End
$Geometry
   &GeometryIndex 1
   &ListStatus       OUT
   &NATOMS [&Type "Integer"] 11
   &NCORELESSECP [&Type "Integer"] 0
   &NGHOSTATOMS [&Type "Integer"] 0
   &CartesianCoordinates [&Type "Coordinates", &Dim(11,4), &Units "Bohr"] 
              C      1.848122715530    3.974181004235   -0.724969503567
              C      0.658166374774    1.618309259106    0.383824509473
              H      0.213752831237    1.869161094972    2.382930507818
              C     -1.660336408710    0.876709326145   -1.096848223423
              Cl    -3.364662410764   -1.766994109788    0.324132439020
              Cl     2.988489649583   -0.988182433782    0.312794533483
              H      0.500467536481    5.536951119291   -0.568380694562
              H      3.556072942456    4.484391050634    0.313937484446
              H      2.322484003323    3.705412820970   -2.718058913045
              H     -2.974671891590    2.469748232541   -1.112077694711
              H     -1.200095701287    0.329771723466   -3.031355783355
$End
$SCF_Energy
   &GeometryIndex 1
   &ListStatus       OUT
   &SCF_ENERGY [&Type "Double"]      -1.0383178365493466e+03
$End
$DFT_Energy
   &GeometryIndex 1
   &ListStatus       OUT
   &NALPHAEL [&Type "Integer"] 29
   &NBETAEL [&Type "Integer"] 29
   &NTOTALEL [&Type "Integer"] 58
   &EEXCHANGE [&Type "Double"]       0.0000000000000000e+00
   &ECORR [&Type "Double"]       0.0000000000000000e+00
   &ECNL [&Type "Double"]       0.0000000000000000e+00
   &EXC [&Type "Double"]      -3.5659368991337111e+01
   &EEMBED [&Type "Double"]       0.0000000000000000e+00
   &FINALEN [&Type "Double"]      -1.0383178365493466e+03  "No Van der Waals correction"
$End
$Mulliken_Population_Analysis
   &GeometryIndex 1
   &ListStatus       OUT
   &NATOMS [&Type "Integer"] 11
   &ATNO [&Type "ArrayOfIntegers", &Dim (11,1)] 
                                                         0

0                                                        6
1                                                        6
2                                                        1
3                                                        6
4                                                       17
5                                                       17
6                                                        1
7                                                        1
8                                                        1
9                                                        1
10                                                       1
   &ATOMICCHARGES [&Type "ArrayOfDoubles", &Dim (11,1)] 
                                                         0

0                                     -4.2326909754824804e-01
1                                     -6.1041753484822436e-02
2                                      1.6409706077781161e-01
3                                     -1.9334912602614640e-01
4                                     -1.3155147846399018e-01
5                                     -1.4662445198896989e-01
6                                      1.4336814025485256e-01
7                                      1.6484215410517034e-01
8                                      1.5385520068566128e-01
9                                      1.5674256110367990e-01
10                                     1.7293079058513461e-01
$End
$Loewdin_Population_Analysis
   &GeometryIndex 1
   &ListStatus       OUT
   &NATOMS [&Type "Integer"] 11
   &ATNO [&Type "ArrayOfIntegers", &Dim (11,1)] 
                                                         0

0                                                        6
1                                                        6
2                                                        1
3                                                        6
4                                                       17
5                                                       17
6                                                        1
7                                                        1
8                                                        1
9                                                        1
10                                                       1
   &ATOMICCHARGES [&Type "ArrayOfDoubles", &Dim (11,1)] 
                                                         0

0                                     -3.1036921326604716e-01
1                                     -5.0447191641468514e-01
2                                      1.4491897510008356e-01
3                                     -4.7674408629902132e-01
4                                      2.4198014825226011e-01
5                                      2.4761145496085391e-01
6                                      1.3030266985855221e-01
7                                      1.3116501917735457e-01
8                                      1.2937642587906306e-01
9                                      1.3411171565430058e-01
10                                     1.3211880709742085e-01
$End
$Mayer_Population_Analysis
   &GeometryIndex 1
   &ListStatus       OUT
   &NATOMS [&Type "Integer"] 11 "Total number of atoms"
   &BONDTHRESH [&Type "Double"]       1.0000000000000001e-01  "The threshold for printing"
   &NBONDORDERSPRINT [&Type "Integer"] 10 "The number of bond orders larger than threshold"
   &BONDORDERS [&Type "ArrayOfDoubles", &Dim (10,1)] "The bond orders"
                                                         0

0                                      9.6181112885803921e-01
1                                      9.5556112102690149e-01
2                                      9.6879364845016991e-01
3                                      9.5810574901935885e-01
4                                      9.5662830725530723e-01
5                                      9.6381479884061239e-01
6                                      1.0655098048533540e+00
7                                      1.0848426045744031e+00
8                                      9.5351292664180121e-01
9                                      9.5060659638731582e-01
   &COMPONENTS [&Type "ArrayOfIntegers", &Dim (10,4)] "The indices and atomic numbers of the bonding atoms"
                                                         0                           1                           2                           3

0                                                        0                           6                           1                           6
1                                                        0                           6                           6                           1
2                                                        0                           6                           7                           1
3                                                        0                           6                           8                           1
4                                                        1                           6                           2                           1
5                                                        1                           6                           3                           6
6                                                        1                           6                           5                          17
7                                                        3                           6                           4                          17
8                                                        3                           6                           9                           1
9                                                        3                           6                          10                           1
   &ATNO [&Type "ArrayOfIntegers", &Dim (11,1)] "Atomic number of the elements"
                                                         0

0                                                        6
1                                                        6
2                                                        1
3                                                        6
4                                                       17
5                                                       17
6                                                        1
7                                                        1
8                                                        1
9                                                        1
10                                                       1
   &NA [&Type "ArrayOfDoubles", &Dim (11,1)] "Mulliken gross atomic population"
                                                         0

0                                      6.4232690975482676e+00
1                                      6.0610417534848438e+00
2                                      8.3590293922218728e-01
3                                      6.1933491260261402e+00
4                                      1.7131551478463965e+01
5                                      1.7146624451989116e+01
6                                      8.5663185974514755e-01
7                                      8.3515784589483177e-01
8                                      8.4614479931433728e-01
9                                      8.4325743889631988e-01
10                                     8.2706920941486461e-01
   &ZA [&Type "ArrayOfDoubles", &Dim (11,1)] "Total nuclear charge"
                                                         0

0                                      6.0000000000000000e+00
1                                      6.0000000000000000e+00
2                                      1.0000000000000000e+00
3                                      6.0000000000000000e+00
4                                      1.7000000000000000e+01
5                                      1.7000000000000000e+01
6                                      1.0000000000000000e+00
7                                      1.0000000000000000e+00
8                                      1.0000000000000000e+00
9                                      1.0000000000000000e+00
10                                     1.0000000000000000e+00
   &QA [&Type "ArrayOfDoubles", &Dim (11,1)] "Mulliken gross atomic charge"
                                                         0

0                                     -4.2326909754826758e-01
1                                     -6.1041753484843753e-02
2                                      1.6409706077781272e-01
3                                     -1.9334912602614018e-01
4                                     -1.3155147846396531e-01
5                                     -1.4662445198911556e-01
6                                      1.4336814025485245e-01
7                                      1.6484215410516823e-01
8                                      1.5385520068566272e-01
9                                      1.5674256110368012e-01
10                                     1.7293079058513539e-01
   &VA [&Type "ArrayOfDoubles", &Dim (11,1)] "Mayer's total valence"
                                                         0

0                                      3.8366242688206884e+00
1                                      3.9340352026706302e+00
2                                      9.4538328873577981e-01
3                                      3.9330000032817494e+00
4                                      1.1195363152708371e+00
5                                      1.1209711874288990e+00
6                                      9.5672465457373468e-01
7                                      9.6495506638454676e-01
8                                      9.6366026096839752e-01
9                                      9.5126992839370250e-01
10                                     9.5614495195184035e-01
   &BVA [&Type "ArrayOfDoubles", &Dim (11,1)] "Mayer's bonded valence"
                                                         0

0                                      3.8366242688205690e+00
1                                      3.9340352026704855e+00
2                                      9.4538328873578625e-01
3                                      3.9330000032816734e+00
4                                      1.1195363152709712e+00
5                                      1.1209711874285984e+00
6                                      9.5672465457374378e-01
7                                      9.6495506638453699e-01
8                                      9.6366026096838975e-01
9                                      9.5126992839370483e-01
10                                     9.5614495195182891e-01
   &FA [&Type "ArrayOfDoubles", &Dim (11,1)] "Mayer's free valence"
                                                         0

0                                      0.0000000000000000e+00
1                                      0.0000000000000000e+00
2                                      0.0000000000000000e+00
3                                      0.0000000000000000e+00
4                                      0.0000000000000000e+00
5                                      0.0000000000000000e+00
6                                      0.0000000000000000e+00
7                                      0.0000000000000000e+00
8                                      0.0000000000000000e+00
9                                      0.0000000000000000e+00
10                                     0.0000000000000000e+00
$End
$Calculation_Info
   &GeometryIndex 1
   &ListStatus       OUT
   &MULT [&Type "Integer"] 1
   &CHARGE [&Type "Integer"] 0
   &NUMOFATOMS [&Type "Integer"] 11
   &NUMOFELECTRONS [&Type "Integer"] 58
   &NUMOFFCELECTRONS [&Type "Integer"] 1
   &NUMOFCORRELECTRONS [&Type "Integer"] 0
   &NUMOFBASISFUNCTS [&Type "Integer"] 203
   &NUMOFAUXCBASISFUNCTS [&Type "Integer"] 0
   &NUMOFAUXJBASISFUNCTS [&Type "Integer"] 315
   &NUMOFAUXJKBASISFUNCTS [&Type "Integer"] 0
   &NUMOFCABSBASISFUNCTS [&Type "Integer"] 0
   &TOTALENERGY [&Type "Double"]      -1.0383178365493466e+03  "Hartrees"
$End
$SCF_Dipole_Moment
   &GeometryIndex 1
   &ListStatus       OUT
   &METHOD [&Type "String"] "SCF"
   &LEVEL [&Type "String"] "Relaxed density"
   &MULT [&Type "Integer"] 1
   &STATE [&Type "Integer"] -1
   &IRREP [&Type "Integer"] 0
   &NATOMS [&Type "Integer"] 11
   &DODIPOLEATOM [&Type "Boolean"] false
   &DIPOLEELECCONTRIB [&Type "ArrayOfDoubles", &Dim (3,1)] "Electronic contribution"
                                                         0

0                                     -1.5606195084445618e+00
1                                     -9.8536856599221210e+00
2                                      2.5101363928747915e+00
   &DIPOLENUCCONTRIB [&Type "ArrayOfDoubles", &Dim (3,1)] "Nuclear contribution"
                                                         0

0                                      1.4778144555109376e+00
1                                      1.1109326431936934e+01
2                                     -2.8095672580755124e+00
   &DIPOLETOTAL [&Type "ArrayOfDoubles", &Dim (3,1)] "Total"
                                                         0

0                                     -8.2805052933624168e-02
1                                      1.2556407720148126e+00
2                                     -2.9943086520072093e-01
   &DIPOLEMAGNITUDE [&Type "Double", &Units "a.u."]       1.2935027128584413e+00
$End
$THERMOCHEMISTRY_Energies
   &GeometryIndex 1
   &ListStatus       OUT
   &TEMPERATURE [&Type "Double"]       2.9814999999999998e+02
   &PRESSURE [&Type "Double"]       1.0000000000000000e+00
   &TOTALMASS [&Type "Double"]       1.1298699999999998e+02
   &SPINDEGENERACY [&Type "Integer"] 1
   &ELENERGY [&Type "Double"]      -1.0383178365493466e+03
   &TRANSENERGY [&Type "Double"]       1.4162714244859817e-03
   &ROTENERGY [&Type "Double"]       1.4162714244859817e-03
   &VIBENERGY [&Type "Double"]       3.1733136881144800e-03
   &NUMOFFREQS [&Type "Integer"] 33
   &FREQSCALINGFACTOR [&Type "Double"]       1.0000000000000000e+00
   &FREQ [&Type "ArrayOfDoubles", &Dim (33,1)] "In cm^-1"
                                                         0

0                                      0.0000000000000000e+00
1                                      0.0000000000000000e+00
2                                      0.0000000000000000e+00
3                                      0.0000000000000000e+00
4                                      0.0000000000000000e+00
5                                      0.0000000000000000e+00
6                                      1.3781841956810430e+02
7                                      2.0459220720603506e+02
8                                      2.9191764821741214e+02
9                                      3.2583624600816142e+02
10                                     3.8899924375618207e+02
11                                     4.1162237415195159e+02
12                                     5.9050910668393999e+02
13                                     7.1996194571905221e+02
14                                     9.0747755148773410e+02
15                                     9.4206173768539679e+02
16                                     1.0295908637446028e+03
17                                     1.1076020986758615e+03
18                                     1.1422106488804893e+03
19                                     1.1985630045642006e+03
20                                     1.2882941569460113e+03
21                                     1.2984837510653742e+03
22                                     1.3721090360123314e+03
23                                     1.4205452684290451e+03
24                                     1.4799826322666547e+03
25                                     1.4917077571915081e+03
26                                     1.5003280392517418e+03
27                                     3.0387733990642764e+03
28                                     3.0755183848799597e+03
29                                     3.1045177033594609e+03
30                                     3.1163892157927876e+03
31                                     3.1376883257893037e+03
32                                     3.1453071803095859e+03
   &ZPE [&Type "Double"]       8.6270581166307259e-02
   &INNERENERGYU [&Type "Double"]      -1.0382255601116433e+03
   &ENTHALPYH [&Type "Double"]      -1.0382246159026010e+03
   &QEL [&Type "Double"]       0.0000000000000000e+00
   &QROT [&Type "Double"]       1.3170225473531827e-02
   &QVIB [&Type "Double"]       5.1862873030397525e-03
   &QTRANS [&Type "Double"]       1.9044172517101096e-02
   &ENTROPYS [&Type "Double"]       3.7400685293672672e-02
   &FREEENERGYG [&Type "Double"]      -1.0382620165878948e+03
   &ISLINEAR [&Type "Boolean"] false
$End
$Hessian
   &GeometryIndex 1
   &ListStatus       OUT
   &HESSIAN [&Type "ArrayOfDoubles", &Dim (33,33)] "The Hessian"
                                                         0                           1                           2                           3                           4                           5                           6                           7

0                                      5.7296700028722503e-01        -2.1872836679587920e-02         1.6177135282852660e-02        -9.7986640147272208e-02        -5.3354711565621445e-02         2.3397448417161570e-02        -2.1042074301422988e-03        -7.1350458732802689e-03
1                                     -2.1872836679587920e-02         4.9937185429217784e-01         3.4201287330211126e-02        -5.1941584987789627e-02        -1.5400712405480926e-01         4.2521659606405894e-02         6.2889995126783234e-04         3.4568050715313428e-03
2                                      1.6177135282852660e-02         3.4201287330211126e-02         5.6974516506227024e-01         2.2158868918578982e-02         4.1520588673482517e-02        -1.0567893326763800e-01         1.3807908275687732e-02         2.8112952059642406e-02
3                                     -9.7986640147272208e-02        -5.1941584987789627e-02         2.2158868918578982e-02         4.0194074446913247e-01         7.6549145232860855e-02        -1.8203360746548457e-02        -5.8368906847868704e-02         2.2284457804206074e-03
4                                     -5.3354711565621445e-02        -1.5400712405480926e-01         4.1520588673482517e-02         7.6549145232860855e-02         3.7214144380602260e-01         8.4882863235519815e-03         1.6614918078218755e-03        -4.7025321136826601e-02
5                                      2.3397448417161570e-02         4.2521659606405894e-02        -1.0567893326763800e-01        -1.8203360746548457e-02         8.4882863235519815e-03         5.9641193140532700e-01         5.8587877804546072e-02        -3.4067279040639289e-02
6                                     -2.1042074301422988e-03         6.2889995126783234e-04         1.3807908275687732e-02        -5.8368906847868704e-02         1.6614918078218755e-03         5.8587877804546072e-02         6.7860413353005258e-02        -5.9681111247797975e-03
7                                     -7.1350458732802689e-03         3.4568050715313428e-03         2.8112952059642406e-02         2.2284457804206074e-03        -4.7025321136826601e-02        -3.4067279040639289e-02        -5.9681111247797975e-03         5.8640719643213927e-02
8                                      1.9928686033130454e-03        -4.2498627389350382e-04        -9.1742378071569142e-03         5.4338903522415105e-02        -3.2885458766663322e-02        -3.0792209184129271e-01        -5.6243637621268723e-02         3.1402275331678463e-02
9                                     -1.3642011298880364e-02        -1.4497552428380887e-02        -4.0701440703841789e-03        -1.5704999477382492e-01        -2.7390835368037429e-02        -6.1732967793283043e-02         5.8606707183345950e-03        -1.6849701284076283e-04
10                                    -2.3555645033165533e-02        -1.1851588930810560e-02        -1.0932675530596576e-02        -2.9318355852296283e-02        -6.8771366165602602e-02        -2.5743705443690177e-02        -5.7659588259239211e-03        -1.0625462434477838e-03
11                                     9.2905341136237125e-03         1.6013347576305029e-03         7.0523294173873811e-03        -6.0625591702820301e-02        -2.5409160084114486e-02        -1.2552537764325822e-01        -2.8900882638012076e-02        -9.5970692641231068e-03
12                                    -4.7828811658407085e-03         6.4258849217162500e-04        -4.3363266913688785e-03        -1.3345296036574118e-02        -2.4161519474408380e-02         1.4586307108242789e-02         1.1155827151888053e-03         8.7285198697454399e-04
13                                    -4.2673745840611614e-03         1.3480247841264736e-03        -3.6972117398991022e-03        -8.5254985915631139e-03        -1.8981262734068107e-02         9.6688391165044955e-03         9.0655346717798428e-04         5.8234508095054028e-04
14                                    -6.5262746428072175e-04        -4.4345863845346532e-04         8.0205184975744596e-04        -1.8622094413172190e-03        -3.8372753210568489e-03         3.8325702430444027e-03         3.3888903865766365e-04        -2.2748347916750353e-04
15                                    -8.1893784746810139e-04         3.2724467209674264e-03        -7.7495281907011531e-04        -5.4956514985886357e-02         2.2049198406752304e-02         5.5324155305792773e-03        -1.1232499603962439e-02         1.3741515845717200e-02
16                                     2.4882471445878827e-02        -3.0032050635695706e-02        -1.5219536325971779e-03         2.3769071883542187e-02        -5.9257038139347691e-02        -5.9753149511412584e-03         1.1700816788814433e-02        -1.2528914299327228e-02
17                                    -6.6719358117822919e-03         7.4063239479563118e-03         1.7058169154251495e-03         4.6427693983757470e-03        -5.3850001472437060e-03        -3.8712483572198621e-02         1.3560061117071701e-02        -1.5666899793844724e-02
18                                    -1.6084572540057548e-01         1.2855391689676157e-01         1.4337233054040525e-02         7.2451457049719156e-03        -8.6061673546107102e-03        -2.0678756384391274e-03         6.1385319747646566e-04         6.6412020007511493e-04
19                                     1.2750636553560957e-01        -1.9458338552348023e-01        -1.5203893781223780e-02         1.7377199985585099e-02        -2.0377769276191768e-02        -3.0640228411139350e-03        -9.8989291430465545e-05         9.9249381635248789e-04
20                                     1.4430615689402002e-02        -1.5360919075354494e-02        -5.0075004241605450e-02        -8.6529407133524028e-03         8.5663049428267787e-03        -3.0788029261957263e-04        -2.9756627336146392e-04        -5.8159039320818573e-04
21                                    -2.3293558426767072e-01        -5.4740943519275082e-02        -1.1387664066438674e-01        -1.1635151622700960e-02        -1.4473336090030618e-03        -6.6035908740484320e-03         1.0869327239980279e-04         2.6471626690686414e-04
22                                    -5.1254108818747840e-02        -6.0918542839403143e-02        -3.2381382028457431e-02        -2.4566377222544997e-02        -9.6032701524340833e-03        -1.5300541212913264e-02         8.6119367605700303e-04         8.4165325443707768e-04
23                                    -1.1599523550696268e-01        -3.4061091102674107e-02        -1.1977072408540457e-01         1.3171710528426823e-02         3.7417847994670184e-03         7.2762480354788195e-03         1.5350675801479468e-05        -7.3438909647227744e-04
24                                    -6.1583096021076991e-02         7.5986744334339846e-03         5.6874088756290471e-02        -4.7586654539526450e-03         3.2552758490551233e-03         1.3677723569079911e-02        -3.0009307762927028e-04        -2.5456234010187147e-03
25                                     9.0682069796723871e-03        -5.3060110421530415e-02        -3.9032627141037668e-02        -6.8487870021470562e-03         2.9374187284578373e-03         2.9926938943104088e-02        -2.6770217748612302e-03        -4.3920914984030219e-03
26                                     5.7200496498062955e-02        -3.6323303487788325e-02        -2.9544616003662827e-01         3.7331258936267545e-03        -1.3624407777083174e-03        -1.3019069675462947e-02         8.6551039078494639e-04         2.0245858093632177e-03
27                                     6.0959653966120592e-04         9.5445443483848855e-04         1.6988944182744865e-04        -1.6426064727091790e-02         1.9179594226656126e-02         1.1043530494502787e-03         8.6670986878888113e-04        -3.8443090835878885e-04
28                                    -7.5524526332404842e-04        -4.7140471148742619e-05        -3.6056996669557410e-04        -2.3229852737744056e-03         4.6833980887943348e-03        -3.8201296054175826e-05         3.0178009127912811e-04         1.6043911915486963e-04
29                                     6.1404354572600745e-04         2.8851336228592891e-04         5.0614216406197809e-04        -1.2306780820050670e-02         1.2147698857602562e-02         1.5663753984051371e-04         9.2272742812593480e-04         2.6325530661715137e-04
30                                     1.1224867520406398e-03         1.4107078561373249e-03        -4.0383583622293460e-04         5.3413444210673048e-03        -7.8086317985171915e-03        -2.8176989378940510e-02        -4.4202161655911070e-03        -1.5989380904924992e-03
31                                     7.2915268608270513e-04         3.2325872904238016e-04        -5.5059538554732179e-04         3.6742196947586875e-03        -1.7391089639946726e-03        -6.4344856496413262e-03        -1.5216584347463411e-03         3.3441719236437621e-04
32                                     1.5343298503878676e-04         4.4072071639271199e-04         3.3355402953106055e-04         3.5041641148652984e-03        -5.5675020545172087e-03        -1.6511550931220705e-02        -2.5515077937766344e-03        -9.2605218892598175e-04
                                                         8                           9                          10                          11                          12                          13                          14                          15

0                                      1.9928686033130454e-03        -1.3642011298880364e-02        -2.3555645033165533e-02         9.2905341136237125e-03        -4.7828811658407085e-03        -4.2673745840611614e-03        -6.5262746428072175e-04        -8.1893784746810139e-04
1                                     -4.2498627389350382e-04        -1.4497552428380887e-02        -1.1851588930810560e-02         1.6013347576305029e-03         6.4258849217162500e-04         1.3480247841264736e-03        -4.4345863845346532e-04         3.2724467209674264e-03
2                                     -9.1742378071569142e-03        -4.0701440703841789e-03        -1.0932675530596576e-02         7.0523294173873811e-03        -4.3363266913688785e-03        -3.6972117398991022e-03         8.0205184975744596e-04        -7.7495281907011531e-04
3                                      5.4338903522415105e-02        -1.5704999477382492e-01        -2.9318355852296283e-02        -6.0625591702820301e-02        -1.3345296036574118e-02        -8.5254985915631139e-03        -1.8622094413172190e-03        -5.4956514985886357e-02
4                                     -3.2885458766663322e-02        -2.7390835368037429e-02        -6.8771366165602602e-02        -2.5409160084114486e-02        -2.4161519474408380e-02        -1.8981262734068107e-02        -3.8372753210568489e-03         2.2049198406752304e-02
5                                     -3.0792209184129271e-01        -6.1732967793283043e-02        -2.5743705443690177e-02        -1.2552537764325822e-01         1.4586307108242789e-02         9.6688391165044955e-03         3.8325702430444027e-03         5.5324155305792773e-03
6                                     -5.6243637621268723e-02         5.8606707183345950e-03        -5.7659588259239211e-03        -2.8900882638012076e-02         1.1155827151888053e-03         9.0655346717798428e-04         3.3888903865766365e-04        -1.1232499603962439e-02
7                                      3.1402275331678463e-02        -1.6849701284076283e-04        -1.0625462434477838e-03        -9.5970692641231068e-03         8.7285198697454399e-04         5.8234508095054028e-04        -2.2748347916750353e-04         1.3741515845717200e-02
8                                      3.2629177542791471e-01         3.3599317269715351e-03        -1.5481306104231062e-03        -1.6180641504589369e-02         2.0827811371716340e-04         8.6586651204322712e-05         1.4331825067970584e-03        -1.2188938818434546e-03
9                                      3.3599317269715351e-03         4.5832751934370813e-01        -1.0357371739024675e-01         4.0331293830460045e-03        -4.8065942103678164e-02        -2.4645836145840871e-02         1.5784532541386606e-02        -2.4940887613121354e-02
10                                    -1.5481306104231062e-03        -1.0357371739024675e-01         4.3922550946192385e-01         8.0122166095519212e-02        -2.2834790032811872e-02        -7.9331482638748618e-02         2.5851851869286631e-02         2.7614105109532980e-02
11                                    -1.6180641504589369e-02         4.0331293830460045e-03         8.0122166095519212e-02         5.2583065408794438e-01         1.5629927937351611e-02         2.6273760141033886e-02        -5.2518668987785518e-02         2.5421294691172131e-04
12                                     2.0827811371716340e-04        -4.8065942103678164e-02        -2.2834790032811872e-02         1.5629927937351611e-02         6.8042639932395177e-02         5.8792135915622948e-02        -2.9052810807996980e-02        -1.8128901630827235e-03
13                                     8.6586651204322712e-05        -2.4645836145840871e-02        -7.9331482638748618e-02         2.6273760141033886e-02         5.8792135915622948e-02         1.1973905380583684e-01        -4.9603268998090234e-02         6.5386832158419346e-04
14                                     1.4331825067970584e-03         1.5784532541386606e-02         2.5851851869286631e-02        -5.2518668987785518e-02        -2.9052810807996980e-02        -4.9603268998090234e-02         5.4251844839278821e-02        -1.2493732287930130e-04
15                                    -1.2188938818434546e-03        -2.4940887613121354e-02         2.7614105109532980e-02         2.5421294691172131e-04        -1.8128901630827235e-03         6.5386832158419346e-04        -1.2493732287930130e-04         9.3249789335361252e-02
16                                     1.1730941252308495e-03         6.9732343507043285e-03        -8.4981501227263251e-03         1.8556621493864712e-03        -1.7101102653502131e-03         2.2742682057202163e-03        -7.6865294361140243e-04        -6.2878470993776830e-02
17                                     4.0561172698239563e-03        -9.0577111505892160e-03         1.1166432563552368e-02         1.2538282461710404e-03         5.7580310634739265e-04        -3.7664411406487959e-04         4.1272011184502791e-04        -8.6453225468410507e-04
18                                    -1.5461896201214315e-04        -3.8629652518788445e-04        -7.3509081907080845e-04        -2.1675654396578672e-04         3.2146614457965301e-04         2.8492259160687932e-04        -4.3496916114437638e-05         1.4383906967019213e-03
19                                     3.5331122521726696e-04         1.0643360412434730e-03        -1.0081458555118335e-04         1.2385393503892925e-04        -4.5798400319049717e-05         6.9816122841970317e-04        -5.0128239360862814e-05        -5.0168621901353679e-04
20                                     9.8051490604979155e-05        -9.9957512801982347e-05        -3.4077355679152776e-04         1.0166501070146990e-04        -8.0543247241027122e-05        -7.1051200276122869e-05        -1.1057597061597359e-04        -2.5017332621091268e-04
21                                     1.2044225506035663e-04         9.9519143411530217e-05        -1.5326434788230231e-03         1.7276385214671057e-03        -3.7732870227200651e-04        -6.2046358747295193e-04        -2.0757238576896836e-04         1.1448560048179595e-03
22                                     4.2892736066501257e-05         6.8436543256429269e-05        -3.2144591690231525e-03         3.0769229551294327e-03        -1.7333498723711884e-03        -1.0735361622345647e-03        -1.8868116769894490e-05        -2.2913819671125843e-04
23                                     6.6084868763308015e-04         1.7789108749511652e-04         1.7922345250286032e-03        -7.4547916701674447e-04         7.7882999349880024e-04         7.8413349301129781e-04         1.9731793821657536e-04         3.1110891808168320e-04
24                                     3.5200316311871996e-04         1.6906120010093764e-04         3.3400273483980090e-04         1.3368766629382439e-03         1.1304844599063991e-04         1.9616474546454722e-04        -4.6960566194087950e-04         4.0988960052729226e-04
25                                     1.6609375090077981e-03         8.4093807226042405e-04         6.1377909048635697e-04         1.0830573778341950e-03         1.9187530551720712e-04         7.0263880260696462e-05        -3.8503636202518810e-04        -5.9648413166368895e-04
26                                     7.2863880120076197e-04        -8.2386588895054687e-04        -4.2641387239363004e-04         3.0421473814050241e-04        -1.4070830092108733e-04         3.1575566937138561e-05         2.7752587633812591e-04        -5.9647892342505528e-04
27                                    -3.2159194817820216e-04        -1.5788634810074340e-01         1.3638543341875373e-01        -2.0225218291168960e-03         4.4268668235535134e-03        -1.8713100781036766e-02         4.3096538026429071e-03        -4.1616561361795031e-03
28                                     7.8922416161456357e-05         1.3935281842556899e-01        -2.0247018098222858e-01        -5.7797745457102874e-03         1.9400168206980990e-03        -2.0034713822671878e-02         5.6870476154126728e-03        -2.6045782021038438e-03
29                                     1.4431075858622024e-04        -2.9620331875956593e-03        -4.8006752603817560e-03        -5.0990399433951804e-02        -2.6656497561153552e-03         1.3566563632991011e-02        -2.2286076988080666e-03        -2.9502203019328649e-03
30                                    -2.5384153755500455e-03        -6.2485289990119076e-02         2.2989509011271600e-02         5.9432655722713217e-02        -5.6352658902600709e-03        -4.0648741690824663e-03         1.2038422697116649e-02         1.6804607122920506e-03
31                                     5.8250405493110368e-05         2.1969826070253117e-02        -6.4538699714271397e-02        -7.3532425641618285e-02        -1.1950397658122940e-02        -5.2911216275913133e-03         2.3874985990472948e-02        -5.4854530506237087e-04
32                                    -1.3595378952181931e-04         5.5451972290568807e-02        -7.4958638655116497e-02        -2.8858212476374306e-01         4.4386544649802646e-03         3.2570040740113326e-03        -6.3493607080678987e-03         6.4498680702193383e-04
                                                        16                          17                          18                          19                          20                          21                          22                          23

0                                      2.4882471445878827e-02        -6.6719358117822919e-03        -1.6084572540057548e-01         1.2750636553560957e-01         1.4430615689402002e-02        -2.3293558426767072e-01        -5.1254108818747840e-02        -1.1599523550696268e-01
1                                     -3.0032050635695706e-02         7.4063239479563118e-03         1.2855391689676157e-01        -1.9458338552348023e-01        -1.5360919075354494e-02        -5.4740943519275082e-02        -6.0918542839403143e-02        -3.4061091102674107e-02
2                                     -1.5219536325971779e-03         1.7058169154251495e-03         1.4337233054040525e-02        -1.5203893781223780e-02        -5.0075004241605450e-02        -1.1387664066438674e-01        -3.2381382028457431e-02        -1.1977072408540457e-01
3                                      2.3769071883542187e-02         4.6427693983757470e-03         7.2451457049719156e-03         1.7377199985585099e-02        -8.6529407133524028e-03        -1.1635151622700960e-02        -2.4566377222544997e-02         1.3171710528426823e-02
4                                     -5.9257038139347691e-02        -5.3850001472437060e-03        -8.6061673546107102e-03        -2.0377769276191768e-02         8.5663049428267787e-03        -1.4473336090030618e-03        -9.6032701524340833e-03         3.7417847994670184e-03
