*************************************************
******************* ORCA 6.0.0 ******************
*************************************************
$Calculation_Status
   &GeometryIndex 1
   &ListStatus       OUT
   &VERSION [&Type "String"] "6.0.0"
   &PROGNAME [&Type "String"] "LeanSCF"
   &STATUS [&Type "String"] "NORMAL TERMINATION"
$End
$Geometry
   &GeometryIndex 1
   &ListStatus       OUT
   &NATOMS [&Type "Integer"] 11
   &NCORELESSECP [&Type "Integer"] 0
   &NGHOSTATOMS [&Type "Integer"] 0
   &CartesianCoordinates [&Type "Coordinates", &Dim(11,4), &Units "Bohr"] 
              C      0.756424311784   -3.245140200419    0.285971914751
              C      0.826363063150   -0.537888269630   -0.627627126775
              H      0.583096618411   -0.419836772475   -2.675127258311
              C     -1.014533949836    1.222639314680    0.688957965652
              Cl    -4.250525764754    0.331680220628   -0.100362687332
              Cl     3.976097320327    0.810488949208   -0.004177019844
              H     -1.105551124319   -4.052067181405   -0.108236960704
              H      2.184261634611   -4.375704574161   -0.682500582102
              H      1.103986215462   -3.338475992523    2.320816393898
              H     -0.829703096833    1.103470239725    2.740804395487
              H     -0.769523648436    3.171177789367    0.066772845175
$End
$SCF_Energy
   &GeometryIndex 1
   &ListStatus       OUT
   &SCF_ENERGY [&Type "Double"]      -1.0383211177632140e+03
$End
$DFT_Energy
   &GeometryIndex 1
   &ListStatus       OUT
   &NALPHAEL [&Type "Integer"] 29
   &NBETAEL [&Type "Integer"] 29
   &NTOTALEL [&Type "Integer"] 58
   &EEXCHANGE [&Type "Double"]       0.0000000000000000e+00
   &ECORR [&Type "Double"]       0.0000000000000000e+00
   &ECNL [&Type "Double"]       0.0000000000000000e+00
   &EXC [&Type "Double"]      -3.5661302065972656e+01
   &EEMBED [&Type "Double"]       0.0000000000000000e+00
   &FINALEN [&Type "Double"]      -1.0383211177632140e+03  "No Van der Waals correction"
$End
$Mulliken_Population_Analysis
   &GeometryIndex 1
   &ListStatus       OUT
   &NATOMS [&Type "Integer"] 11
   &ATNO [&Type "ArrayOfIntegers", &Dim (11,1)] 
                                                         0

0                                                        6
1                                                        6
2                                                        1
3                                                        6
4                                                       17
5                                                       17
6                                                        1
7                                                        1
8                                                        1
9                                                        1
10                                                       1
   &ATOMICCHARGES [&Type "ArrayOfDoubles", &Dim (11,1)] 
                                                         0

0                                     -4.0915209110162021e-01
1                                     -7.4196423673627443e-02
2                                      1.6719223437742847e-01
3                                     -1.8847098012081354e-01
4                                     -1.4776534898343385e-01
5                                     -1.5384174935106998e-01
6                                      1.5683903433639546e-01
7                                      1.5818894352483981e-01
8                                      1.4827506483538000e-01
9                                      1.6823223413850985e-01
10                                     1.7469908201789741e-01
$End
$Loewdin_Population_Analysis
   &GeometryIndex 1
   &ListStatus       OUT
   &NATOMS [&Type "Integer"] 11
   &ATNO [&Type "ArrayOfIntegers", &Dim (11,1)] 
                                                         0

0                                                        6
1                                                        6
2                                                        1
3                                                        6
4                                                       17
5                                                       17
6                                                        1
7                                                        1
8                                                        1
9                                                        1
10                                                       1
   &ATOMICCHARGES [&Type "ArrayOfDoubles", &Dim (11,1)] 
                                                         0

0                                     -3.1795316371792914e-01
1                                     -5.0465692944595286e-01
2                                      1.4456525676523224e-01
3                                     -4.7735331642234868e-01
4                                      2.4552440754021276e-01
5                                      2.6082254340592925e-01
6                                      1.3078070930273333e-01
7                                      1.2930594902049086e-01
8                                      1.2867586733679226e-01
9                                      1.3082075414330396e-01
10                                     1.2946792207141655e-01
$End
$Mayer_Population_Analysis
   &GeometryIndex 1
   &ListStatus       OUT
   &NATOMS [&Type "Integer"] 11 "Total number of atoms"
   &BONDTHRESH [&Type "Double"]       1.0000000000000001e-01  "The threshold for printing"
   &NBONDORDERSPRINT [&Type "Integer"] 10 "The number of bond orders larger than threshold"
   &BONDORDERS [&Type "ArrayOfDoubles", &Dim (10,1)] "The bond orders"
                                                         0

0                                      9.6782406874881122e-01
1                                      9.4981488837340111e-01
2                                      9.7030205569979922e-01
3                                      9.5663886548628463e-01
4                                      9.6239953046232440e-01
5                                      9.6074068945298652e-01
6                                      1.0494899314752171e+00
7                                      1.0386335106601841e+00
8                                      9.5034692920517849e-01
9                                      9.6340124926757253e-01
   &COMPONENTS [&Type "ArrayOfIntegers", &Dim (10,4)] "The indices and atomic numbers of the bonding atoms"
                                                         0                           1                           2                           3

0                                                        0                           6                           1                           6
1                                                        0                           6                           6                           1
2                                                        0                           6                           7                           1
3                                                        0                           6                           8                           1
4                                                        1                           6                           2                           1
5                                                        1                           6                           3                           6
6                                                        1                           6                           5                          17
7                                                        3                           6                           4                          17
8                                                        3                           6                           9                           1
9                                                        3                           6                          10                           1
   &ATNO [&Type "ArrayOfIntegers", &Dim (11,1)] "Atomic number of the elements"
                                                         0

0                                                        6
1                                                        6
2                                                        1
3                                                        6
4                                                       17
5                                                       17
6                                                        1
7                                                        1
8                                                        1
9                                                        1
10                                                       1
   &NA [&Type "ArrayOfDoubles", &Dim (11,1)] "Mulliken gross atomic population"
                                                         0

0                                      6.4091520911015971e+00
1                                      6.0741964236736345e+00
2                                      8.3280776562257219e-01
3                                      6.1884709801208340e+00
4                                      1.7147765348983473e+01
5                                      1.7153841749350995e+01
6                                      8.4316096566360421e-01
7                                      8.4181105647516141e-01
8                                      8.5172493516462022e-01
9                                      8.3176776586148771e-01
10                                     8.2530091798210248e-01
   &ZA [&Type "ArrayOfDoubles", &Dim (11,1)] "Total nuclear charge"
                                                         0

0                                      6.0000000000000000e+00
1                                      6.0000000000000000e+00
2                                      1.0000000000000000e+00
3                                      6.0000000000000000e+00
4                                      1.7000000000000000e+01
5                                      1.7000000000000000e+01
6                                      1.0000000000000000e+00
7                                      1.0000000000000000e+00
8                                      1.0000000000000000e+00
9                                      1.0000000000000000e+00
10                                     1.0000000000000000e+00
   &QA [&Type "ArrayOfDoubles", &Dim (11,1)] "Mulliken gross atomic charge"
                                                         0

0                                     -4.0915209110159712e-01
1                                     -7.4196423673634548e-02
2                                      1.6719223437742781e-01
3                                     -1.8847098012083396e-01
4                                     -1.4776534898347293e-01
5                                     -1.5384174935099537e-01
6                                      1.5683903433639579e-01
7                                      1.5818894352483859e-01
8                                      1.4827506483537978e-01
9                                      1.6823223413851229e-01
10                                     1.7469908201789752e-01
   &VA [&Type "ArrayOfDoubles", &Dim (11,1)] "Mayer's total valence"
                                                         0

0                                      3.7967291326574295e+00
1                                      3.9633774954447150e+00
2                                      9.4237873479495815e-01
3                                      3.9081898060253590e+00
4                                      1.1132850829760659e+00
5                                      1.1212796659606807e+00
6                                      9.7044253917470669e-01
7                                      9.6443141402225685e-01
8                                      9.6624480769752585e-01
9                                      9.5835146618219991e-01
10                                     9.5764162171946554e-01
   &BVA [&Type "ArrayOfDoubles", &Dim (11,1)] "Mayer's bonded valence"
                                                         0

0                                      3.7967291326575050e+00
1                                      3.9633774954448051e+00
2                                      9.4237873479495560e-01
3                                      3.9081898060253040e+00
4                                      1.1132850829760392e+00
5                                      1.1212796659608517e+00
6                                      9.7044253917470591e-01
7                                      9.6443141402224974e-01
8                                      9.6624480769753240e-01
9                                      9.5835146618218414e-01
10                                     9.5764162171947254e-01
   &FA [&Type "ArrayOfDoubles", &Dim (11,1)] "Mayer's free valence"
                                                         0

0                                      0.0000000000000000e+00
1                                      0.0000000000000000e+00
2                                      0.0000000000000000e+00
3                                      0.0000000000000000e+00
4                                      0.0000000000000000e+00
5                                      0.0000000000000000e+00
6                                      0.0000000000000000e+00
7                                      0.0000000000000000e+00
8                                      0.0000000000000000e+00
9                                      0.0000000000000000e+00
10                                     0.0000000000000000e+00
$End
$Calculation_Info
   &GeometryIndex 1
   &ListStatus       OUT
   &MULT [&Type "Integer"] 1
   &CHARGE [&Type "Integer"] 0
   &NUMOFATOMS [&Type "Integer"] 11
   &NUMOFELECTRONS [&Type "Integer"] 58
   &NUMOFFCELECTRONS [&Type "Integer"] 1
   &NUMOFCORRELECTRONS [&Type "Integer"] 0
   &NUMOFBASISFUNCTS [&Type "Integer"] 203
   &NUMOFAUXCBASISFUNCTS [&Type "Integer"] 0
   &NUMOFAUXJBASISFUNCTS [&Type "Integer"] 315
   &NUMOFAUXJKBASISFUNCTS [&Type "Integer"] 0
   &NUMOFCABSBASISFUNCTS [&Type "Integer"] 0
   &TOTALENERGY [&Type "Double"]      -1.0383211177632140e+03  "Hartrees"
$End
$SCF_Dipole_Moment
   &GeometryIndex 1
   &ListStatus       OUT
   &METHOD [&Type "String"] "SCF"
   &LEVEL [&Type "String"] "Relaxed density"
   &MULT [&Type "Integer"] 1
   &STATE [&Type "Integer"] -1
   &IRREP [&Type "Integer"] 0
   &NATOMS [&Type "Integer"] 11
   &DODIPOLEATOM [&Type "Boolean"] false
   &DIPOLEELECCONTRIB [&Type "ArrayOfDoubles", &Dim (3,1)] "Electronic contribution"
                                                         0

0                                     -7.9753516831835936e-01
1                                      4.5345094672700892e+00
2                                     -8.3592852725575761e-01
   &DIPOLENUCCONTRIB [&Type "ArrayOfDoubles", &Dim (3,1)] "Nuclear contribution"
                                                         0

0                                      7.9790561431983387e-01
1                                     -4.7633198514829562e+00
2                                      8.7010495785133812e-01
   &DIPOLETOTAL [&Type "ArrayOfDoubles", &Dim (3,1)] "Total"
                                                         0

0                                      3.7044600147451145e-04
1                                     -2.2881038421286704e-01
2                                      3.4176430595580509e-02
   &DIPOLEMAGNITUDE [&Type "Double", &Units "a.u."]       2.3134899516128091e-01
$End
$THERMOCHEMISTRY_Energies
   &GeometryIndex 1
   &ListStatus       OUT
   &TEMPERATURE [&Type "Double"]       2.9814999999999998e+02
   &PRESSURE [&Type "Double"]       1.0000000000000000e+00
   &TOTALMASS [&Type "Double"]       1.1298699999999998e+02
   &SPINDEGENERACY [&Type "Integer"] 1
   &ELENERGY [&Type "Double"]      -1.0383211177632140e+03
   &TRANSENERGY [&Type "Double"]       1.4162714244859817e-03
   &ROTENERGY [&Type "Double"]       1.4162714244859817e-03
   &VIBENERGY [&Type "Double"]       3.1695481617926326e-03
   &NUMOFFREQS [&Type "Integer"] 33
   &FREQSCALINGFACTOR [&Type "Double"]       1.0000000000000000e+00
   &FREQ [&Type "ArrayOfDoubles", &Dim (33,1)] "In cm^-1"
                                                         0

0                                      0.0000000000000000e+00
1                                      0.0000000000000000e+00
2                                      0.0000000000000000e+00
3                                      0.0000000000000000e+00
4                                      0.0000000000000000e+00
5                                      0.0000000000000000e+00
6                                      1.5014292790090082e+02
7                                      2.2126971120167661e+02
8                                      2.7712677095799484e+02
9                                      3.0395266259179863e+02
10                                     3.5120126015835939e+02
11                                     4.2821425547974007e+02
12                                     6.4910407733491741e+02
13                                     7.1752860496806181e+02
14                                     8.8749831061522673e+02
15                                     9.3143626917919960e+02
16                                     1.0412008714730073e+03
17                                     1.0929856331763010e+03
18                                     1.1598902818381462e+03
19                                     1.2176730989236514e+03
20                                     1.2651377002245035e+03
21                                     1.3112830098922557e+03
22                                     1.3904338365908504e+03
23                                     1.4257561219557772e+03
24                                     1.4879091581824111e+03
25                                     1.4967548697797713e+03
26                                     1.5048657043220460e+03
27                                     3.0478511536244023e+03
28                                     3.0861473114972982e+03
29                                     3.0972405256191882e+03
30                                     3.1256022759464317e+03
31                                     3.1396296942006934e+03
32                                     3.1596384916043098e+03
   &ZPE [&Type "Double"]       8.6496271584490081e-02
   &INNERENERGYU [&Type "Double"]      -1.0382286194006188e+03
   &ENTHALPYH [&Type "Double"]      -1.0382276751915765e+03
   &QEL [&Type "Double"]       0.0000000000000000e+00
   &QROT [&Type "Double"]       1.3160685240771979e-02
   &QVIB [&Type "Double"]       5.1605944853112236e-03
   &QTRANS [&Type "Double"]       1.9044172517101096e-02
   &ENTROPYS [&Type "Double"]       3.7365452243184299e-02
   &FREEENERGYG [&Type "Double"]      -1.0382650406438197e+03
   &ISLINEAR [&Type "Boolean"] false
$End
$Hessian
   &GeometryIndex 1
   &ListStatus       OUT
   &HESSIAN [&Type "ArrayOfDoubles", &Dim (33,33)] "The Hessian"
                                                         0                           1                           2                           3                           4                           5                           6                           7

0                                      5.8094291031999878e-01        -1.5705275750077317e-02        -6.3321262708047844e-04        -6.8931176740193736e-02         5.9016511121393975e-03         2.7581072551967570e-03         1.9716654307778397e-03         4.3164763493626877e-03
1                                     -1.5705275750077317e-02         4.9622127595572085e-01         3.0309310415465848e-02         4.4153769648022697e-03        -1.9447660077563358e-01         4.2522346036813256e-02         3.9137430086908778e-04        -2.0231319600652877e-03
2                                     -6.3321262708047844e-04         3.0309310415465848e-02         5.7591179159779959e-01         3.0090659694790639e-03         4.6481352483261081e-02        -1.0072316481666822e-01         1.4266174454583250e-03         3.2259959557298330e-02
3                                     -6.8931176740193736e-02         4.4153769648022697e-03         3.0090659694790639e-03         3.2210690727174918e-01        -5.9915243564790360e-02        -1.0174803913835980e-02        -4.4296324345198812e-02         6.3292467539140815e-03
4                                      5.9016511121393975e-03        -1.9447660077563358e-01         4.6481352483261081e-02        -5.9915243564790360e-02         4.6296092047653853e-01        -1.8314669810202723e-02         6.6336156131663587e-03        -5.1350306343492851e-02
5                                      2.7581072551967570e-03         4.2522346036813256e-02        -1.0072316481666822e-01        -1.0174803913835980e-02        -1.8314669810202723e-02         5.8952486444176433e-01        -3.1352235279231352e-02         1.7345973838815712e-02
6                                      1.9716654307778397e-03         3.9137430086908778e-04         1.4266174454583250e-03        -4.4296324345198812e-02         6.6336156131663587e-03        -3.1352235279231352e-02         5.7272860436513882e-02        -3.1321136177095972e-03
7                                      4.3164763493626877e-03        -2.0231319600652877e-03         3.2259959557298330e-02         6.3292467539140815e-03        -5.1350306343492851e-02         1.7345973838815712e-02        -3.1321136177095972e-03         5.9481356654043957e-02
8                                     -4.8756909683929069e-04         9.8762997183662188e-04        -7.6627420251053572e-03        -2.6952516454077445e-02         1.7030621011024961e-02        -3.1703481114682230e-01         2.8300223926419024e-02        -1.7602820900491319e-02
9                                      2.9322407066460433e-03         5.0120570380326537e-03        -1.1431539920453760e-03        -1.0266097607794665e-01         6.0449297441261839e-02         4.5989348466280500e-02         2.1480850986738444e-03        -1.0753178107026666e-03
10                                     2.4595307854072025e-02        -2.3449433254411720e-02        -1.6810564874577508e-02         6.0540439927320798e-02        -1.3126729275689725e-01        -3.5165247413426304e-02        -2.1755138566872750e-05         7.7403397741332598e-04
11                                    -7.9805947367984423e-03         5.5637893616975222e-03         6.2054601167957461e-03         4.7027518647891758e-02        -3.6595835401031514e-02        -1.1723669012764543e-01         2.3536619321826886e-02        -2.2441009678671211e-02
12                                     6.1117159152857068e-04         2.8573057514576401e-04         8.0372504813651597e-06        -3.0101110243297851e-02        -1.0167267479544169e-02        -9.1757632144247696e-03         1.5286114376073415e-03        -6.5910803863494219e-04
13                                     7.3988444247298111e-04        -1.9147767797696486e-03        -1.6030055801329610e-04         5.4662913912960874e-03         2.7238825870827717e-03         2.7289423027258087e-03        -3.0348670799771986e-05         2.7123749143129032e-04
14                                    -1.6597168986061872e-04        -2.0004040522775832e-04         5.8418951419412168e-04         4.0505545968022340e-03         2.3358207265663416e-03         1.8262131255711387e-03         4.5422724206189416e-05         8.0014951272656281e-04
15                                    -1.8118273575696106e-02        -9.9949005949075860e-03        -3.2628549798064629e-03        -7.6616433242325130e-02        -1.6000134328066788e-02        -1.3987152251015093e-02        -1.7566494255377381e-02        -7.6200983293143983e-03
16                                    -3.2268412435784065e-02        -1.4136862637228492e-02        -6.7743957328710754e-03        -1.5936419663808453e-02        -3.9113022365001582e-02        -5.2291824263541731e-03        -6.1548154817340703e-03        -1.9108492486704706e-03
17                                     4.5411889440559947e-03         1.4514066503046024e-03         2.1706121375386495e-03        -1.2718362032006401e-02        -4.5668288800451446e-03        -4.0662004647083735e-02        -2.2813185988046769e-02        -9.5943971513935290e-03
18                                    -2.6296758049601587e-01        -9.2401879186330610e-02        -4.7226841730500159e-02        -1.7672503606395223e-03        -1.7056033897251618e-03         3.5445059217432224e-04         3.9111455831934987e-04        -3.5502918315552089e-04
19                                    -9.1276497090949066e-02        -8.8385172277853391e-02        -1.8890041382624741e-02        -2.6665578956893109e-02        -1.0637688872352731e-02        -7.0622195995449612e-03         3.9534050110575042e-04         1.0293573635189648e-03
20                                    -4.6733401238544192e-02        -1.8976431968063978e-02        -5.8874741032560178e-02         9.3936182133586392e-03         2.4349296037449938e-03         6.3820559506044556e-04        -2.9055085254297598e-06        -6.3802799607341840e-04
21                                    -1.7835266141020378e-01         1.0468614767348063e-01         8.9986181790625938e-02         7.4377545651566285e-05        -3.7631756499981253e-03        -1.8236923592814345e-03        -7.1991538521900232e-05         3.6217286790983321e-04
22                                     1.0024570156112737e-01        -1.2495288755702261e-01        -6.8518824964661301e-02         2.2787703918409844e-02        -1.8602963463068872e-02        -1.6523250993207363e-02        -3.1985474817112450e-04         1.1634539175075695e-03
23                                     9.0640008558549479e-02        -7.0683131525077630e-02        -1.1107541714319981e-01        -9.3362650229791531e-03         6.6322725618105441e-03         5.3247220396792656e-03        -4.4636489053644524e-04        -5.9930937390500713e-04
24                                    -5.5180026777728125e-02         2.9115804090386341e-03        -4.4964532678205972e-02        -1.8629564750504285e-03        -1.3092087248586836e-03         1.7921130040712214e-03         9.3930039381295198e-04        -3.4609835444208135e-04
25                                     1.5989514225010911e-03        -4.7978612794017772e-02         5.8413903399886502e-03         5.7388756171407006e-03        -3.3600187504125622e-03         3.5058772492209178e-02        -2.3956236904876130e-04        -5.9683038238998844e-03
26                                    -4.3626895545086246e-02         9.1304488631450652e-03        -3.0638893269281525e-01        -2.2600137553932739e-03         7.4715275874424197e-04        -1.1685040771404351e-02         1.1493136258880504e-04         1.7719839171515175e-03
27                                     3.2039035238942779e-04        -1.3539482247799978e-03        -9.4244469441040729e-05         2.0108599131679079e-03        -5.4009934911057177e-04         2.2718679028506029e-02        -2.6065381541157339e-03         2.8875273606879157e-03
28                                    -1.0238422248227425e-03         1.4936846961971549e-03        -1.0536226016626237e-03        -6.3163748659836013e-04         9.8538763930299152e-04        -2.2496235886579428e-02         2.7875903232016854e-03        -2.0736438712817837e-03
29                                    -4.5902788980708292e-04         8.0704414214574031e-04         1.2334540742163372e-03        -1.1055951539468249e-03         8.5689257606267819e-04        -1.5646676874348495e-02         1.8339501397875513e-03        -1.5610615605715947e-03
30                                    -3.2286594015029551e-03         1.8070948324005590e-03         2.8423273198160911e-03         2.0440827540834303e-03         2.0538260511710486e-02        -7.2507264221457271e-03         2.8971093750862552e-04        -7.2285935149818490e-04
31                                     2.8226967222835520e-03        -3.9748261591547596e-04        -2.6821825408213972e-03        -2.2511470929777386e-03        -1.7862297376064880e-02         7.1243757642695700e-03        -2.9426935872980974e-04         6.0679584349516980e-04
32                                     2.1999787674328265e-03        -9.1445168382124804e-04        -1.3805097301956141e-03        -7.8152600158708924e-04        -1.7031311935454031e-02         5.6743831818973295e-03        -7.6323137287809869e-04         2.0911899795160492e-04
                                                         8                           9                          10                          11                          12                          13                          14                          15

0                                     -4.8756909683929069e-04         2.9322407066460433e-03         2.4595307854072025e-02        -7.9805947367984423e-03         6.1117159152857068e-04         7.3988444247298111e-04        -1.6597168986061872e-04        -1.8118273575696106e-02
1                                      9.8762997183662188e-04         5.0120570380326537e-03        -2.3449433254411720e-02         5.5637893616975222e-03         2.8573057514576401e-04        -1.9147767797696486e-03        -2.0004040522775832e-04        -9.9949005949075860e-03
2                                     -7.6627420251053572e-03        -1.1431539920453760e-03        -1.6810564874577508e-02         6.2054601167957461e-03         8.0372504813651597e-06        -1.6030055801329610e-04         5.8418951419412168e-04        -3.2628549798064629e-03
3                                     -2.6952516454077445e-02        -1.0266097607794665e-01         6.0540439927320798e-02         4.7027518647891758e-02        -3.0101110243297851e-02         5.4662913912960874e-03         4.0505545968022340e-03        -7.6616433242325130e-02
4                                      1.7030621011024961e-02         6.0449297441261839e-02        -1.3126729275689725e-01        -3.6595835401031514e-02        -1.0167267479544169e-02         2.7238825870827717e-03         2.3358207265663416e-03        -1.6000134328066788e-02
5                                     -3.1703481114682230e-01         4.5989348466280500e-02        -3.5165247413426304e-02        -1.1723669012764543e-01        -9.1757632144247696e-03         2.7289423027258087e-03         1.8262131255711387e-03        -1.3987152251015093e-02
6                                      2.8300223926419024e-02         2.1480850986738444e-03        -2.1755138566872750e-05         2.3536619321826886e-02         1.5286114376073415e-03        -3.0348670799771986e-05         4.5422724206189416e-05        -1.7566494255377381e-02
7                                     -1.7602820900491319e-02        -1.0753178107026666e-03         7.7403397741332598e-04        -2.2441009678671211e-02        -6.5910803863494219e-04         2.7123749143129032e-04         8.0014951272656281e-04        -7.6200983293143983e-03
8                                      3.3497162176787065e-01        -1.2060023786236405e-03         1.9395688855305959e-04        -1.5190857206505069e-02         1.6582742046494965e-04         4.0789809423115637e-04         1.1520297330832150e-03        -1.4990959902636339e-03
9                                     -1.2060023786236405e-03         3.1005413605190790e-01        -2.3428801366864101e-02        -2.5000220886249317e-02        -9.5373297329699874e-02        -2.0098940977785258e-02        -1.7335509462277639e-02        -3.3020493578381535e-02
10                                     1.9395688855305959e-04        -2.3428801366864101e-02         5.5086794486459922e-01        -5.1090970729657265e-02        -2.1458109272870063e-02        -4.2604245685742601e-02        -5.4899609690190702e-03        -1.1716647116383729e-02
11                                    -1.5190857206505069e-02        -2.5000220886249317e-02        -5.1090970729657265e-02         5.6695365320282209e-01        -1.8624727088436707e-02        -5.3385669112920257e-03        -4.0795144233221767e-02        -7.6482106841843367e-03
12                                     1.6582742046494965e-04        -9.5373297329699874e-02        -2.1458109272870063e-02        -1.8624727088436707e-02         1.6728119514106696e-01         3.5859795345601846e-02         3.2824246268161168e-02        -7.3727899560232721e-03
13                                     4.0789809423115637e-04        -2.0098940977785258e-02        -4.2604245685742601e-02        -5.3385669112920257e-03         3.5859795345601846e-02         4.0375508534035029e-02         1.0757208723707936e-02         2.0442393502241489e-03
14                                     1.1520297330832150e-03        -1.7335509462277639e-02        -5.4899609690190702e-03        -4.0795144233221767e-02         3.2824246268161168e-02         1.0757208723707936e-02         3.3452460275937332e-02         2.4591133755463260e-03
15                                    -1.4990959902636339e-03        -3.3020493578381535e-02        -1.1716647116383729e-02        -7.6482106841843367e-03        -7.3727899560232721e-03         2.0442393502241489e-03         2.4591133755463260e-03         1.4733739616558911e-01
16                                    -8.4814406552439700e-04         3.4349220154708225e-03         1.3606139848457120e-03         1.0530346466985458e-03         3.1576634190638585e-03         1.3674523189385179e-03         1.3258411036740406e-04         4.5850730293303076e-02
17                                     1.1234282757970025e-03         5.1413327172990311e-03         2.2151099069695939e-03         1.5280695145699959e-03         2.3636015014286823e-03         6.6951640582344130e-05         1.3114751263223643e-03         2.2546764810776467e-02
18                                     1.6786127169698614e-04        -5.0390349959989833e-04        -4.5227889385931076e-04         1.5853213789362216e-04        -1.2524528431881090e-03         2.3288180032535119e-03         2.8615513135697409e-05         1.5875030294457138e-03
19                                     3.3016723705541449e-04        -1.1587328287112116e-03         4.6916080594528982e-04        -5.8689214301248260e-04         1.5216580025318124e-03        -6.8850132076143933e-05         2.2027313544971267e-04        -2.7241494463124769e-03
20                                     6.6027389780687513e-05        -2.8739522820588883e-04        -3.4896972726155076e-04         2.5028197773447193e-04        -2.7922361931348927e-05         2.7018082986429720e-04        -1.0487859556723369e-04         1.4650723573918232e-03
21                                    -1.2903289520625923e-04        -6.6340690280109783e-05        -1.2439094177508353e-03        -8.9526673305223570e-05         2.5386361369802708e-04         6.3308699846615344e-04         1.1936131467057064e-05         1.2796746374646477e-03
22                                     1.2247212979489379e-04        -2.0280425994061019e-03        -5.7961870383354472e-03         3.2399382239008670e-03        -1.9832519791296191e-04         5.6712981431629125e-04         2.1317690206435109e-05         3.9267123933213379e-04
23                                     5.9404060601670177e-04         4.4494265944095739e-04         2.1823576602735878e-03        -4.8998296336888719e-04         1.0100816586094117e-04         1.0922650885826806e-04         4.1925187545717105e-05        -2.6889213883198471e-04
24                                     2.7372535940922910e-04         4.2155354348209214e-05        -1.8765266668422796e-04        -1.0920504816627724e-03        -3.0653179795658977e-04         9.6362517038407920e-05         2.8815672261675010e-04         8.3051077912572630e-04
25                                     1.4172056567028080e-03        -5.4326810443020403e-04         1.9332783301571300e-03         1.2222922730097366e-03        -2.2063123529317242e-04         6.6590954224346062e-05        -1.1696021716084611e-04         1.0653681040860515e-03
26                                     9.9311325409933934e-04         3.0487850773542897e-04        -6.7960543534720621e-04         9.8043922222347014e-04        -1.2264007278167590e-04         2.0615195843874830e-04        -5.8454281518140769e-05         5.8728006077678543e-04
27                                     1.4987986993183814e-03        -4.1651604811483792e-02         3.9680873345792397e-03        -2.3278516324762265e-02        -1.6936728863573204e-02        -2.9548335101784590e-03        -2.4524388124182218e-02         1.4461945142467398e-03
28                                    -1.7954466985386701e-03         4.8383921256474234e-03        -5.3954899040843482e-02         2.1935215449777036e-02        -5.1790647320696780e-03        -1.8462238690619692e-05        -8.0112839528432202e-03        -7.1202414485716783e-04
29                                     3.4828583844777480e-04        -1.9351335149918564e-02         2.0633869478745515e-02        -3.2085575398714372e-01        -2.0297947926642343e-03        -6.2133553553243848e-04         5.0785082513824138e-04         3.6648220107029453e-04
30                                    -1.2061743366983426e-05        -4.1900001224184164e-02        -3.0560903722586477e-02         1.2966643533297607e-02        -1.8331930750161977e-02        -2.4144167698145411e-02         2.2931330549347288e-03         2.1320548193149138e-04
31                                    -1.9409848748217634e-04        -2.5435342452919622e-02        -2.9833297418673022e-01         8.2945868171228065e-02        -2.8825285774625280e-03        -7.6546686374923817e-04        -4.5526726717820022e-04        -5.4561128733447185e-04
32                                     6.3986351333744250e-04         1.2467647981053692e-02         8.4453161952099870e-02        -8.1349475516260913e-02        -5.4571821867080463e-03        -8.4201981411660964e-03         2.0823333225150108e-03        -7.7748169094603477e-04
                                                        16                          17                          18                          19                          20                          21                          22                          23

0                                     -3.2268412435784065e-02         4.5411889440559947e-03        -2.6296758049601587e-01        -9.1276497090949066e-02        -4.6733401238544192e-02        -1.7835266141020378e-01         1.0024570156112737e-01         9.0640008558549479e-02
1                                     -1.4136862637228492e-02         1.4514066503046024e-03        -9.2401879186330610e-02        -8.8385172277853391e-02        -1.8976431968063978e-02         1.0468614767348063e-01        -1.2495288755702261e-01        -7.0683131525077630e-02
2                                     -6.7743957328710754e-03         2.1706121375386495e-03        -4.7226841730500159e-02        -1.8890041382624741e-02        -5.8874741032560178e-02         8.9986181790625938e-02        -6.8518824964661301e-02        -1.1107541714319981e-01
3                                     -1.5936419663808453e-02        -1.2718362032006401e-02        -1.7672503606395223e-03        -2.6665578956893109e-02         9.3936182133586392e-03         7.4377545651566285e-05         2.2787703918409844e-02        -9.3362650229791531e-03
4                                     -3.9113022365001582e-02        -4.5668288800451446e-03        -1.7056033897251618e-03        -1.0637688872352731e-02         2.4349296037449938e-03        -3.7631756499981253e-03        -1.8602963463068872e-02         6.6322725618105441e-03
