*************************************************
******************* ORCA 6.0.0 ******************
*************************************************
$Calculation_Status
   &GeometryIndex 1
   &ListStatus       OUT
   &VERSION [&Type "String"] "6.0.0"
   &PROGNAME [&Type "String"] "LeanSCF"
   &STATUS [&Type "String"] "NORMAL TERMINATION"
$End
$Geometry
   &GeometryIndex 1
   &ListStatus       OUT
   &NATOMS [&Type "Integer"] 8
   &NCORELESSECP [&Type "Integer"] 0
   &NGHOSTATOMS [&Type "Integer"] 0
   &CartesianCoordinates [&Type "Coordinates", &Dim(8,4), &Units "Bohr"] 
              C     -2.733605781978    0.099375078660   -0.005388604149
              C      0.071687603330   -0.162027431180   -0.009321108738
              O      1.236472433501   -2.149067986041   -0.004135815310
              O      1.252684845460    2.109999106702    0.002103052593
              H     -3.327463962510    0.925059543423    1.796732168898
              H     -3.331812827057    1.390332175045   -1.502946561238
              H     -3.616202768346   -1.743546480515   -0.247306872910
              H      3.067381879531    1.816646571738    0.026729604522
$End
$SCF_Energy
   &GeometryIndex 1
   &ListStatus       OUT
   &SCF_ENERGY [&Type "Double"]      -2.2906866641688958e+02
$End
$DFT_Energy
   &GeometryIndex 1
   &ListStatus       OUT
   &NALPHAEL [&Type "Integer"] 16
   &NBETAEL [&Type "Integer"] 16
   &NTOTALEL [&Type "Integer"] 32
   &EEXCHANGE [&Type "Double"]      -2.8375795096198441e+01
   &ECORR [&Type "Double"]      -1.0419573288369834e+00
   &ECNL [&Type "Double"]       0.0000000000000000e+00
   &EXC [&Type "Double"]      -2.9417752425035424e+01
   &EEMBED [&Type "Double"]       0.0000000000000000e+00
   &FINALEN [&Type "Double"]      -2.2906866641688958e+02  "No Van der Waals correction"
$End
$Mulliken_Population_Analysis
   &GeometryIndex 1
   &ListStatus       OUT
   &NATOMS [&Type "Integer"] 8
   &ATNO [&Type "ArrayOfIntegers", &Dim (8,1)] 
                                                         0

0                                                        6
1                                                        6
2                                                        8
3                                                        8
4                                                        1
5                                                        1
6                                                        1
7                                                        1
   &ATOMICCHARGES [&Type "ArrayOfDoubles", &Dim (8,1)] 
                                                         0

0                                     -3.0273321637971939e-01
1                                      3.1473509351645923e-01
2                                     -3.5380621152121350e-01
3                                     -3.7943771600539833e-01
4                                      1.3002836008120222e-01
5                                      1.2909961567763362e-01
6                                      1.3556279034097507e-01
7                                      3.2655128429000313e-01
$End
$Loewdin_Population_Analysis
   &GeometryIndex 1
   &ListStatus       OUT
   &NATOMS [&Type "Integer"] 8
   &ATNO [&Type "ArrayOfIntegers", &Dim (8,1)] 
                                                         0

0                                                        6
1                                                        6
2                                                        8
3                                                        8
4                                                        1
5                                                        1
6                                                        1
7                                                        1
   &ATOMICCHARGES [&Type "ArrayOfDoubles", &Dim (8,1)] 
                                                         0

0                                     -2.5871818783343681e-01
1                                     -5.2517192664649404e-01
2                                      7.6803914505441107e-02
3                                      9.0544791445593908e-02
4                                      1.4341511188385481e-01
5                                      1.3941325395603732e-01
6                                      1.3705490814275845e-01
7                                      1.9665813454621806e-01
$End
$Mayer_Population_Analysis
   &GeometryIndex 1
   &ListStatus       OUT
   &NATOMS [&Type "Integer"] 8 "Total number of atoms"
   &BONDTHRESH [&Type "Double"]       1.0000000000000001e-01  "The threshold for printing"
   &NBONDORDERSPRINT [&Type "Integer"] 7 "The number of bond orders larger than threshold"
   &BONDORDERS [&Type "ArrayOfDoubles", &Dim (7,1)] "The bond orders"
                                                         0

0                                      9.8388479902357162e-01
1                                      9.4186947725213510e-01
2                                      9.4664052158045675e-01
3                                      9.7440460989301181e-01
4                                      2.0275418671088539e+00
5                                      1.1768613658280977e+00
6                                      8.6032796246057408e-01
   &COMPONENTS [&Type "ArrayOfIntegers", &Dim (7,4)] "The indices and atomic numbers of the bonding atoms"
                                                         0                           1                           2                           3

0                                                        0                           6                           1                           6
1                                                        0                           6                           4                           1
2                                                        0                           6                           5                           1
3                                                        0                           6                           6                           1
4                                                        1                           6                           2                           8
5                                                        1                           6                           3                           8
6                                                        3                           8                           7                           1
   &ATNO [&Type "ArrayOfIntegers", &Dim (8,1)] "Atomic number of the elements"
                                                         0

0                                                        6
1                                                        6
2                                                        8
3                                                        8
4                                                        1
5                                                        1
6                                                        1
7                                                        1
   &NA [&Type "ArrayOfDoubles", &Dim (8,1)] "Mulliken gross atomic population"
                                                         0

0                                      6.3027332163797203e+00
1                                      5.6852649064835337e+00
2                                      8.3538062115211869e+00
3                                      8.3794377160053699e+00
4                                      8.6997163991879800e-01
5                                      8.7090038432236572e-01
6                                      8.6443720965902493e-01
7                                      6.7344871570999654e-01
   &ZA [&Type "ArrayOfDoubles", &Dim (8,1)] "Total nuclear charge"
                                                         0

0                                      6.0000000000000000e+00
1                                      6.0000000000000000e+00
2                                      8.0000000000000000e+00
3                                      8.0000000000000000e+00
4                                      1.0000000000000000e+00
5                                      1.0000000000000000e+00
6                                      1.0000000000000000e+00
7                                      1.0000000000000000e+00
   &QA [&Type "ArrayOfDoubles", &Dim (8,1)] "Mulliken gross atomic charge"
                                                         0

0                                     -3.0273321637972028e-01
1                                      3.1473509351646634e-01
2                                     -3.5380621152118685e-01
3                                     -3.7943771600536991e-01
4                                      1.3002836008120200e-01
5                                      1.2909961567763428e-01
6                                      1.3556279034097507e-01
7                                      3.2655128429000346e-01
   &VA [&Type "ArrayOfDoubles", &Dim (8,1)] "Mayer's total valence"
                                                         0

0                                      3.8133539007266228e+00
1                                      4.2320977381352733e+00
2                                      2.1224340546639548e+00
3                                      2.0568926156424561e+00
4                                      9.8400670634644161e-01
5                                      9.8345512241937283e-01
6                                      9.9080031806133884e-01
7                                      9.2624505107323185e-01
   &BVA [&Type "ArrayOfDoubles", &Dim (8,1)] "Mayer's bonded valence"
                                                         0

0                                      3.8133539007266575e+00
1                                      4.2320977381353657e+00
2                                      2.1224340546640605e+00
3                                      2.0568926156425102e+00
4                                      9.8400670634644838e-01
5                                      9.8345512241935984e-01
6                                      9.9080031806133095e-01
7                                      9.2624505107322974e-01
   &FA [&Type "ArrayOfDoubles", &Dim (8,1)] "Mayer's free valence"
                                                         0

0                                      0.0000000000000000e+00
1                                      0.0000000000000000e+00
2                                      0.0000000000000000e+00
3                                      0.0000000000000000e+00
4                                      0.0000000000000000e+00
5                                      0.0000000000000000e+00
6                                      0.0000000000000000e+00
7                                      0.0000000000000000e+00
$End
$VdW_Correction
   &GeometryIndex 1
   &ListStatus       OUT
   &VDW [&Type "Double"]      -1.2073767699879378e-03
$End
$Calculation_Info
   &GeometryIndex 1
   &ListStatus       OUT
   &MULT [&Type "Integer"] 1
   &CHARGE [&Type "Integer"] 0
   &NUMOFATOMS [&Type "Integer"] 8
   &NUMOFELECTRONS [&Type "Integer"] 32
   &NUMOFFCELECTRONS [&Type "Integer"] 1
   &NUMOFCORRELECTRONS [&Type "Integer"] 0
   &NUMOFBASISFUNCTS [&Type "Integer"] 148
   &NUMOFAUXCBASISFUNCTS [&Type "Integer"] 0
   &NUMOFAUXJBASISFUNCTS [&Type "Integer"] 164
   &NUMOFAUXJKBASISFUNCTS [&Type "Integer"] 0
   &NUMOFCABSBASISFUNCTS [&Type "Integer"] 0
   &TOTALENERGY [&Type "Double"]      -2.2906481372325959e+02  "Hartrees"
$End
$SCF_Dipole_Moment
   &GeometryIndex 1
   &ListStatus       OUT
   &METHOD [&Type "String"] "SCF"
   &LEVEL [&Type "String"] "Relaxed density"
   &MULT [&Type "Integer"] 1
   &STATE [&Type "Integer"] -1
   &IRREP [&Type "Integer"] 0
   &NATOMS [&Type "Integer"] 8
   &DODIPOLEATOM [&Type "Boolean"] false
   &DIPOLEELECCONTRIB [&Type "ArrayOfDoubles", &Dim (3,1)] "Electronic contribution"
                                                         0

0                                      3.2539733292550239e+00
1                                     -4.9590392284948054e-01
2                                     -2.4736539595310109e-02
   &DIPOLENUCCONTRIB [&Type "ArrayOfDoubles", &Dim (3,1)] "Nuclear contribution"
                                                         0

0                                     -3.5785928948141321e+00
1                                      1.1511586987557780e+00
2                                      4.0842240482092979e-02
   &DIPOLETOTAL [&Type "ArrayOfDoubles", &Dim (3,1)] "Total"
                                                         0

0                                     -3.2461956555910820e-01
1                                      6.5525477590629744e-01
2                                      1.6105700886782870e-02
   &DIPOLEMAGNITUDE [&Type "Double", &Units "a.u."]       7.3143426040407122e-01
$End
$THERMOCHEMISTRY_Energies
   &GeometryIndex 1
   &ListStatus       OUT
   &TEMPERATURE [&Type "Double"]       2.9814999999999998e+02
   &PRESSURE [&Type "Double"]       1.0000000000000000e+00
   &TOTALMASS [&Type "Double"]       6.0052000000000000e+01
   &SPINDEGENERACY [&Type "Integer"] 1
   &ELENERGY [&Type "Double"]      -2.2906481372325959e+02
   &TRANSENERGY [&Type "Double"]       1.4162714244859817e-03
   &ROTENERGY [&Type "Double"]       1.4162714244859817e-03
   &VIBENERGY [&Type "Double"]       1.6368726971184991e-03
   &NUMOFFREQS [&Type "Integer"] 24
   &FREQSCALINGFACTOR [&Type "Double"]       1.0000000000000000e+00
   &FREQ [&Type "ArrayOfDoubles", &Dim (24,1)] "In cm^-1"
                                                         0

0                                      0.0000000000000000e+00
1                                      0.0000000000000000e+00
2                                      0.0000000000000000e+00
3                                      0.0000000000000000e+00
4                                      0.0000000000000000e+00
5                                      0.0000000000000000e+00
6                                      1.0382310362187484e+02
7                                      4.3238441948894706e+02
8                                      5.7182739472668891e+02
9                                      5.9464078752002388e+02
10                                     6.8498776655114227e+02
11                                     8.7175579470070409e+02
12                                     1.0004385583643128e+03
13                                     1.0639431959051451e+03
14                                     1.2037312722736822e+03
15                                     1.3311783078180606e+03
16                                     1.4032783049647044e+03
17                                     1.4605870143852890e+03
18                                     1.4705868082863512e+03
19                                     1.7450130764032040e+03
20                                     3.0307500615493409e+03
21                                     3.1024129773977575e+03
22                                     3.1551472065042103e+03
23                                     3.6950133477563527e+03
   &ZPE [&Type "Double"]       6.1331688467631908e-02
   &INNERENERGYU [&Type "Double"]      -2.2899901261924589e+02
   &ENTHALPYH [&Type "Double"]      -2.2899806841020364e+02
   &QEL [&Type "Double"]       0.0000000000000000e+00
   &QROT [&Type "Double"]       1.1331935142374480e-02
   &QVIB [&Type "Double"]       2.7051132528244579e-03
   &QTRANS [&Type "Double"]       1.8149001289377204e-02
   &ENTROPYS [&Type "Double"]       3.2186049684576140e-02
   &FREEENERGYG [&Type "Double"]      -2.2903025445988823e+02
   &ISLINEAR [&Type "Boolean"] false
$End
$Hessian
   &GeometryIndex 1
   &ListStatus       OUT
   &HESSIAN [&Type "ArrayOfDoubles", &Dim (24,24)] "The Hessian"
                                                         0                           1                           2                           3                           4                           5                           6                           7

0                                      4.9010225285626108e-01         2.8560021214904377e-02         8.0195058279478020e-03        -2.0730531196421795e-01         2.1527436235981717e-04        -5.0955154713479603e-04        -2.2888108598558669e-02         2.0142974676779599e-02
1                                      2.8560021214904377e-02         5.9872738748308096e-01        -2.5400422306954851e-04         2.7788856488659358e-03        -7.7760841672509545e-02         5.8189880501320775e-04         4.2937972392018964e-02        -1.1012570778489300e-02
2                                      8.0195058279478020e-03        -2.5400422306954851e-04         5.2273062253590796e-01        -2.2968962249493756e-03         5.1421953675192351e-04        -8.8238385386624735e-02        -5.3959945136256373e-04        -8.9651421040717004e-04
3                                     -2.0730531196421795e-01         2.7788856488659358e-03        -2.2968962249493756e-03         7.1205402729265188e-01        -1.6415647477482753e-01         1.7419901293102601e-03        -2.7951043339100001e-01         2.4678353115826837e-01
4                                      2.1527436235981717e-04        -7.7760841672509545e-02         5.1421953675192351e-04        -1.6415647477482753e-01         7.8179596097089576e-01        -1.9749715797065463e-05         2.3379780394784389e-01        -4.9734167602160673e-01
5                                     -5.0955154713479603e-04         5.8189880501320775e-04        -8.8238385386624735e-02         1.7419901293102601e-03        -1.9749715797065463e-05         2.3544829671365469e-01        -1.1021150417815395e-03         9.7970518535944913e-04
6                                     -2.2888108598558669e-02         4.2937972392018964e-02        -5.3959945136256373e-04        -2.7951043339100001e-01         2.3379780394784389e-01        -1.1021150417815395e-03         2.6797990281962591e-01        -2.8193271282536181e-01
7                                      2.0142974676779599e-02        -1.1012570778489300e-02        -8.9651421040717004e-04         2.4678353115826837e-01        -4.9734167602160673e-01         9.7970518535944913e-04        -2.8193271282536181e-01         6.1111799222481722e-01
8                                     -5.9888638443045305e-05        -1.3956255209609315e-03         2.5900225625485610e-02        -1.3396839772347410e-03         1.0527656609683452e-03        -8.4781500355646189e-02         1.2557872811646696e-03        -9.5232196293931228e-04
9                                     -3.2246006714286936e-02        -3.9744868528414301e-02        -6.2856892530012128e-04        -1.6533300207978524e-01        -7.1592929187064336e-02        -1.1032450557942790e-03         3.8785812276666845e-02         4.9133401590168106e-03
10                                    -9.8854377208776045e-03        -7.6237914108017064e-04         6.0930252719980794e-04        -4.4080221077339457e-02        -2.0874604429966417e-01        -5.1507966058261107e-04        -6.8729583154323037e-03        -1.0734053181006482e-01
11                                     8.5013706933307134e-05         2.8413806735106892e-04         1.0053744509526612e-02        -1.2365206602997969e-03        -1.0910574069438080e-03        -6.2392505211021618e-02         1.1277997096893457e-04        -7.4875912380999328e-05
12                                    -6.5894492181442485e-02         2.7237240360053667e-02         6.8376434444729572e-02        -8.1102502653306891e-03         1.5769786931266915e-02         3.5042204634514636e-02        -4.4558131091850060e-03         2.7660361574621687e-04
13                                     2.6532644902796710e-02        -8.3350475249736017e-02        -9.4390903999825235e-02         3.5901160568012208e-03        -4.8669157011016952e-03        -2.1118834233907419e-03         1.6911525274571496e-03         1.0322423407763620e-03
14                                     6.6076076130036535e-02        -9.3241134415469537e-02        -2.4219581744730143e-01         5.0161348253217886e-04        -8.7619988687040028e-04         6.1280971503283423e-04        -9.6254452039560776e-04         1.7251144596813362e-03
15                                    -6.7600119642408599e-02         4.3514260675158449e-02        -5.8135675559806539e-02        -5.9259826096656337e-03         2.3945891903310416e-02        -2.9196724640499890e-02        -6.7594966259461840e-03         6.3072091334422488e-04
16                                     4.4128403104166873e-02        -1.4869924849071314e-01         1.2371183381683995e-01         3.3835359990617691e-03        -5.6664686295695389e-03         4.3226143762070137e-04         1.6854411484939734e-03         1.7915987035348954e-03
17                                    -5.8164380830797446e-02         1.2234599585819231e-01        -1.8230583592821642e-01         1.4822371949204296e-03        -1.5521916752786252e-04         2.9451270025643728e-04         1.3113176952307664e-03        -1.2675221400369023e-03
18                                    -9.6066136856840761e-02        -9.9995722169318346e-02        -1.4296231155758414e-02        -1.1236004256519624e-02        -3.4211720714230641e-02        -4.5441022028145581e-03         3.2720003716393310e-03         1.4088509598356221e-03
19                                    -1.0754170871135688e-01        -2.7138521003241711e-01        -2.9179536848806212e-02         3.1299794978979119e-03         1.6402969565042745e-03         1.1409848335413599e-03         7.7532172788678452e-04         1.4978852075095833e-03
20                                    -1.5260854041315525e-02        -2.8827951171905453e-02        -5.0236519295054065e-02         1.3489683159448435e-03         4.1020073203601546e-04        -3.2022773417215529e-03        -2.0785271438034342e-04         4.4297687300998969e-04
21                                     1.8979231014942984e-03        -5.3822326775142572e-03        -5.0358869343125872e-04        -3.4633042726132775e-02        -4.1204999971995067e-03        -3.4033179751425535e-04         3.5761362567578101e-03         8.1859900912006761e-03
22                                    -2.0577287445273937e-03        -5.7566621181357573e-03        -1.1987525655562221e-04        -5.1076484980187256e-02         1.0945688397051540e-02        -5.0220720976750909e-04         7.5086806482637276e-03         2.5506013352287471e-04
23                                    -1.8130086929593533e-04         5.1216125872100167e-04         4.2919653862763685e-03        -1.8983273850937997e-04         1.7910999538606147e-04         2.2590491660701185e-03         1.3988644246617241e-04         3.3612031624518572e-05
                                                         8                           9                          10                          11                          12                          13                          14                          15

0                                     -5.9888638443045305e-05        -3.2246006714286936e-02        -9.8854377208776045e-03         8.5013706933307134e-05        -6.5894492181442485e-02         2.6532644902796710e-02         6.6076076130036535e-02        -6.7600119642408599e-02
1                                     -1.3956255209609315e-03        -3.9744868528414301e-02        -7.6237914108017064e-04         2.8413806735106892e-04         2.7237240360053667e-02        -8.3350475249736017e-02        -9.3241134415469537e-02         4.3514260675158449e-02
2                                      2.5900225625485610e-02        -6.2856892530012128e-04         6.0930252719980794e-04         1.0053744509526612e-02         6.8376434444729572e-02        -9.4390903999825235e-02        -2.4219581744730143e-01        -5.8135675559806539e-02
3                                     -1.3396839772347410e-03        -1.6533300207978524e-01        -4.4080221077339457e-02        -1.2365206602997969e-03        -8.1102502653306891e-03         3.5901160568012208e-03         5.0161348253217886e-04        -5.9259826096656337e-03
4                                      1.0527656609683452e-03        -7.1592929187064336e-02        -2.0874604429966417e-01        -1.0910574069438080e-03         1.5769786931266915e-02        -4.8669157011016952e-03        -8.7619988687040028e-04         2.3945891903310416e-02
5                                     -8.4781500355646189e-02        -1.1032450557942790e-03        -5.1507966058261107e-04        -6.2392505211021618e-02         3.5042204634514636e-02        -2.1118834233907419e-03         6.1280971503283423e-04        -2.9196724640499890e-02
6                                      1.2557872811646696e-03         3.8785812276666845e-02        -6.8729583154323037e-03         1.1277997096893457e-04        -4.4558131091850060e-03         1.6911525274571496e-03        -9.6254452039560776e-04        -6.7594966259461840e-03
7                                     -9.5232196293931228e-04         4.9133401590168106e-03        -1.0734053181006482e-01        -7.4875912380999328e-05         2.7660361574621687e-04         1.0322423407763620e-03         1.7251144596813362e-03         6.3072091334422488e-04
8                                      3.7323925745798472e-02         2.7046080940839766e-04        -1.4363823763060548e-04         2.9487490186489024e-02        -5.0228347888891835e-03         1.1938161966495659e-03        -8.1416138067769346e-04         4.1916198988933380e-03
9                                      2.7046080940839766e-04         6.2228122862449742e-01         5.3558834871314104e-03         7.2520731180632861e-03        -2.3667735746320403e-04        -1.8034836266489192e-03        -1.9282471680743271e-04         1.0453444405290175e-04
10                                    -1.4363823763060548e-04         5.3558834871314104e-03         3.8030328977793026e-01         4.9335571325994829e-06        -1.2012936475567493e-03        -4.9522866603671787e-04         1.7961756984517449e-04        -1.5503274426673065e-03
11                                     2.9487490186489024e-02         7.2520731180632861e-03         4.9335571325994829e-06         3.7947513876602695e-02        -2.3505857422941607e-03        -2.7109696718163748e-04         3.0672545406323557e-04         2.0167445389874849e-03
12                                    -5.0228347888891835e-03        -2.3667735746320403e-04        -1.2012936475567493e-03        -2.3505857422941607e-03         7.1744003874127910e-02        -3.3262158752931190e-02        -7.2931067985759157e-02         2.7361965205738720e-03
13                                     1.1938161966495659e-03        -1.8034836266489192e-03        -4.9522866603671787e-04        -2.7109696718163748e-04        -3.3262158752931190e-02         8.8571246521554847e-02         1.0161287958381407e-01        -6.9185721478343745e-03
14                                    -8.1416138067769346e-04        -1.9282471680743271e-04         1.7961756984517449e-04         3.0672545406323557e-04        -7.2931067985759157e-02         1.0161287958381407e-01         2.6311268326316367e-01         7.3093522752764283e-03
15                                     4.1916198988933380e-03         1.0453444405290175e-04        -1.5503274426673065e-03         2.0167445389874849e-03         2.7361965205738720e-03        -6.9185721478343745e-03         7.3093522752764283e-03         7.2942577763670691e-02
16                                     3.8772228816781346e-05        -2.0138555794427244e-03        -1.6525697953411952e-04         3.7297423498052862e-05        -4.6690165304654439e-03         7.9975161605002273e-03        -1.0198597159132537e-02        -5.2426500353567676e-02
17                                    -5.2155643441218825e-04        -2.4806225064881709e-05        -7.8417374189144323e-04         3.5141831527646264e-04        -9.0169159081905804e-03         1.8065338937966482e-02        -1.9433928089035702e-02         6.1598388805806273e-02
18                                     6.2231337700412300e-04        -8.4360998314106251e-03         8.2390258305760529e-04         1.7576323027889969e-05         3.9524075326776709e-03         9.8734401926060065e-03         6.0956719299693624e-05         3.9852430841128446e-03
19                                     1.1277793978735362e-04         9.2886947355027248e-04         1.1879196755651175e-03        -2.7041546560013178e-04        -4.2987971787603382e-03        -8.7548599361859571e-03         6.7549974584607542e-04        -7.4573044605657779e-03
20                                    -5.5362836448411088e-04         3.4953570367519124e-04         7.2415371710028362e-06         1.2714345051469769e-03        -1.3122468900018293e-02        -2.4117987670109635e-02        -1.8327079614124560e-03         1.1555973885342642e-02
21                                     7.4566376185952537e-05        -4.5491978936227118e-01         5.7386347629193965e-02        -5.8756411778078648e-03         2.6462498604193406e-04         3.0849681865942162e-04         1.7036519602992885e-04         5.1704706561012158e-04
22                                     1.0327937139789352e-04         1.0398114830636224e-01        -6.3981768557115321e-02         1.3909846741731050e-03         1.3599923174088493e-04        -1.3352546977106830e-04         1.1151444612765987e-04         2.4703580753299479e-04
23                                    -6.0407950225529203e-03        -5.9440647857592422e-03         6.3188847870782549e-04        -1.7025821636083387e-02        -1.0066923343054078e-03         3.1142998235297002e-05         2.4439644616753469e-04         6.7427979391139058e-04
                                                        16                          17                          18                          19                          20                          21                          22                          23

0                                      4.4128403104166873e-02        -5.8164380830797446e-02        -9.6066136856840761e-02        -1.0754170871135688e-01        -1.5260854041315525e-02         1.8979231014942984e-03        -2.0577287445273937e-03        -1.8130086929593533e-04
1                                     -1.4869924849071314e-01         1.2234599585819231e-01        -9.9995722169318346e-02        -2.7138521003241711e-01        -2.8827951171905453e-02        -5.3822326775142572e-03        -5.7566621181357573e-03         5.1216125872100167e-04
2                                      1.2371183381683995e-01        -1.8230583592821642e-01        -1.4296231155758414e-02        -2.9179536848806212e-02        -5.0236519295054065e-02        -5.0358869343125872e-04        -1.1987525655562221e-04         4.2919653862763685e-03
3                                      3.3835359990617691e-03         1.4822371949204296e-03        -1.1236004256519624e-02         3.1299794978979119e-03         1.3489683159448435e-03        -3.4633042726132775e-02        -5.1076484980187256e-02        -1.8983273850937997e-04
4                                     -5.6664686295695389e-03        -1.5521916752786252e-04        -3.4211720714230641e-02         1.6402969565042745e-03         4.1020073203601546e-04        -4.1204999971995067e-03         1.0945688397051540e-02         1.7910999538606147e-04
5                                      4.3226143762070137e-04         2.9451270025643728e-04        -4.5441022028145581e-03         1.1409848335413599e-03        -3.2022773417215529e-03        -3.4033179751425535e-04        -5.0220720976750909e-04         2.2590491660701185e-03
6                                      1.6854411484939734e-03         1.3113176952307664e-03         3.2720003716393310e-03         7.7532172788678452e-04        -2.0785271438034342e-04         3.5761362567578101e-03         7.5086806482637276e-03         1.3988644246617241e-04
7                                      1.7915987035348954e-03        -1.2675221400369023e-03         1.4088509598356221e-03         1.4978852075095833e-03         4.4297687300998969e-04         8.1859900912006761e-03         2.5506013352287471e-04         3.3612031624518572e-05
8                                      3.8772228816781346e-05        -5.2155643441218825e-04         6.2231337700412300e-04         1.1277793978735362e-04        -5.5362836448411088e-04         7.4566376185952537e-05         1.0327937139789352e-04        -6.0407950225529203e-03
9                                     -2.0138555794427244e-03        -2.4806225064881709e-05        -8.4360998314106251e-03         9.2886947355027248e-04         3.4953570367519124e-04        -4.5491978936227118e-01         1.0398114830636224e-01        -5.9440647857592422e-03
10                                    -1.6525697953411952e-04        -7.8417374189144323e-04         8.2390258305760529e-04         1.1879196755651175e-03         7.2415371710028362e-06         5.7386347629193965e-02        -6.3981768557115321e-02         6.3188847870782549e-04
11                                     3.7297423498052862e-05         3.5141831527646264e-04         1.7576323027889969e-05        -2.7041546560013178e-04         1.2714345051469769e-03        -5.8756411778078648e-03         1.3909846741731050e-03        -1.7025821636083387e-02
12                                    -4.6690165304654439e-03        -9.0169159081905804e-03         3.9524075326776709e-03        -4.2987971787603382e-03        -1.3122468900018293e-02         2.6462498604193406e-04         1.3599923174088493e-04        -1.0066923343054078e-03
13                                     7.9975161605002273e-03         1.8065338937966482e-02         9.8734401926060065e-03        -8.7548599361859571e-03        -2.4117987670109635e-02         3.0849681865942162e-04        -1.3352546977106830e-04         3.1142998235297002e-05
14                                    -1.0198597159132537e-02        -1.9433928089035702e-02         6.0956719299693624e-05         6.7549974584607542e-04        -1.8327079614124560e-03         1.7036519602992885e-04         1.1151444612765987e-04         2.4439644616753469e-04
15                                    -5.2426500353567676e-02         6.1598388805806273e-02         3.9852430841128446e-03        -7.4573044605657779e-03         1.1555973885342642e-02         5.1704706561012158e-04         2.4703580753299479e-04         6.7427979391139058e-04
16                                     1.5848359873550630e-01        -1.3378216063914605e-01         9.6103725525953677e-03        -1.3696526331611881e-02         2.0117322150640084e-02         3.1641476444692774e-04        -4.5213168112722584e-05        -3.6772336287541090e-04
17                                    -1.3378216063914605e-01         1.9751167844741813e-01         2.8206723289555206e-03        -4.2700935298397753e-03         3.9143073858042519e-03        -2.0472058771225411e-05        -1.4117147397828869e-04         1.8940360290903798e-04
18                                     9.6103725525953677e-03         2.8206723289555206e-03         1.0560212550335073e-01         1.1414890251358681e-01         1.5145287572603517e-02        -1.0735355470095653e-03        -1.6447944271711559e-03         1.7922022203538474e-04
19                                    -1.3696526331611881e-02        -4.2700935298397753e-03         1.1414890251358681e-01         2.8917014120598522e-01         3.1925976969561363e-02         3.0150564679995266e-04         3.4035325465074824e-04        -1.3451324144303517e-04
20                                     2.0117322150640084e-02         3.9143073858042519e-03         1.5145287572603517e-02         3.1925976969561363e-02         4.9677559623342263e-02         1.8571699379481060e-04         4.1540176549634808e-05         9.6183144837869356e-04
21                                     3.1641476444692774e-04        -2.0472058771225411e-05        -1.0735355470095653e-03         3.0150564679995266e-04         1.8571699379481060e-04         4.8437063622550930e-01        -5.7044939058800606e-02         6.3189447154854651e-03
22                                    -4.5213168112722584e-05        -1.4117147397828869e-04        -1.6447944271711559e-03         3.4035325465074824e-04         4.1540176549634808e-05        -5.7044939058800606e-02         5.8376067527909713e-02        -8.8487144315156565e-04
23                                    -3.6772336287541090e-04         1.8940360290903798e-04         1.7922022203538474e-04        -1.3451324144303517e-04         9.6183144837869356e-04         6.3189447154854651e-03        -8.8487144315156565e-04         1.5119970608834557e-02
                              

0                             
1                             
2                             
3                             
4                             
5                             
6                             
7                             
8                             
9                             
10                            
11                            
12                            
13                            
14                            
15                            
16                            
17                            
18                            
19                            
20                            
21                            
22                            
23                            
   &MODES [&Type "ArrayOfDoubles", &Dim (24,24)] "The modes of vibrations"
                                                         0                           1                           2                           3                           4                           5                           6                           7

0                                      1.0000000000000000e+00         2.0000000000000000e+00         3.0000000000000000e+00         4.0000000000000000e+00         5.0000000000000000e+00         6.0000000000000000e+00         7.0000000000000000e+00         0.0000000000000000e+00
1                                      0.0000000000000000e+00         0.0000000000000000e+00         0.0000000000000000e+00         0.0000000000000000e+00         0.0000000000000000e+00         4.2550769077954190e-04         3.3098613296099595e-02         1.0000000000000000e+00
2                                      0.0000000000000000e+00         0.0000000000000000e+00         0.0000000000000000e+00         0.0000000000000000e+00         0.0000000000000000e+00         1.0899250492486490e-03         1.1068527775971186e-01         2.0000000000000000e+00
3                                      0.0000000000000000e+00         0.0000000000000000e+00         0.0000000000000000e+00         0.0000000000000000e+00         0.0000000000000000e+00         4.5825891429562490e-03         2.3806854720771184e-04         3.0000000000000000e+00
4                                      0.0000000000000000e+00         0.0000000000000000e+00         0.0000000000000000e+00         0.0000000000000000e+00         0.0000000000000000e+00        -2.6368743420435197e-04         1.3121309145488065e-02         4.0000000000000000e+00
5                                      0.0000000000000000e+00         0.0000000000000000e+00         0.0000000000000000e+00         0.0000000000000000e+00         0.0000000000000000e+00        -3.0459376001561534e-03        -8.9735134965056557e-02         5.0000000000000000e+00
6                                      0.0000000000000000e+00         0.0000000000000000e+00         0.0000000000000000e+00         0.0000000000000000e+00         0.0000000000000000e+00         9.8268288522090231e-03        -2.6876570712018881e-03         6.0000000000000000e+00
