*************************************************
******************* ORCA 6.0.0 ******************
*************************************************
$Calculation_Status
   &GeometryIndex 1
   &ListStatus       OUT
   &VERSION [&Type "String"] "6.0.0"
   &PROGNAME [&Type "String"] "LeanSCF"
   &STATUS [&Type "String"] "NORMAL TERMINATION"
$End
$Geometry
   &GeometryIndex 1
   &ListStatus       OUT
   &NATOMS [&Type "Integer"] 8
   &NCORELESSECP [&Type "Integer"] 0
   &NGHOSTATOMS [&Type "Integer"] 0
   &CartesianCoordinates [&Type "Coordinates", &Dim(8,4), &Units "Bohr"] 
              C     -2.740869264494    0.099511687529   -0.000289713347
              C      0.080433811080   -0.183036499458   -0.000681463590
              O      1.237687023226   -2.148048968231   -0.000467915844
              O      1.244622006144    2.113280826838    0.000121440415
              H     -3.336243469502    1.183015443373   -1.656315512559
              H     -3.619042634040   -1.760638872927   -0.012885856747
              H     -3.336387849114    1.158844043700    1.671439688874
              H      3.047033694025    1.779687355254    0.001309296752
$End
$SCF_Energy
   &GeometryIndex 1
   &ListStatus       OUT
   &SCF_ENERGY [&Type "Double"]      -2.2906907806003105e+02
$End
$DFT_Energy
   &GeometryIndex 1
   &ListStatus       OUT
   &NALPHAEL [&Type "Integer"] 16
   &NBETAEL [&Type "Integer"] 16
   &NTOTALEL [&Type "Integer"] 32
   &EEXCHANGE [&Type "Double"]      -2.8380277140228085e+01
   &ECORR [&Type "Double"]      -1.0419516148679016e+00
   &ECNL [&Type "Double"]       0.0000000000000000e+00
   &EXC [&Type "Double"]      -2.9422228755095986e+01
   &EEMBED [&Type "Double"]       0.0000000000000000e+00
   &FINALEN [&Type "Double"]      -2.2906907806003105e+02  "No Van der Waals correction"
$End
$Mulliken_Population_Analysis
   &GeometryIndex 1
   &ListStatus       OUT
   &NATOMS [&Type "Integer"] 8
   &ATNO [&Type "ArrayOfIntegers", &Dim (8,1)] 
                                                         0

0                                                        6
1                                                        6
2                                                        8
3                                                        8
4                                                        1
5                                                        1
6                                                        1
7                                                        1
   &ATOMICCHARGES [&Type "ArrayOfDoubles", &Dim (8,1)] 
                                                         0

0                                     -3.0760465116569335e-01
1                                      3.0848138338177122e-01
2                                     -3.3743595174182950e-01
3                                     -3.8009646500123218e-01
4                                      1.2986665251955953e-01
5                                      1.3373388912454165e-01
6                                      1.2990911963858864e-01
7                                      3.2314602324437280e-01
$End
$Loewdin_Population_Analysis
   &GeometryIndex 1
   &ListStatus       OUT
   &NATOMS [&Type "Integer"] 8
   &ATNO [&Type "ArrayOfIntegers", &Dim (8,1)] 
                                                         0

0                                                        6
1                                                        6
2                                                        8
3                                                        8
4                                                        1
5                                                        1
6                                                        1
7                                                        1
   &ATOMICCHARGES [&Type "ArrayOfDoubles", &Dim (8,1)] 
                                                         0

0                                     -2.5981217408671231e-01
1                                     -5.2794100332408789e-01
2                                      9.4385319019748337e-02
3                                      8.3763678261516539e-02
4                                      1.4016979044764588e-01
5                                      1.3552495863494440e-01
6                                      1.4035614447716149e-01
7                                      1.9355328656988446e-01
$End
$Mayer_Population_Analysis
   &GeometryIndex 1
   &ListStatus       OUT
   &NATOMS [&Type "Integer"] 8 "Total number of atoms"
   &BONDTHRESH [&Type "Double"]       1.0000000000000001e-01  "The threshold for printing"
   &NBONDORDERSPRINT [&Type "Integer"] 7 "The number of bond orders larger than threshold"
   &BONDORDERS [&Type "ArrayOfDoubles", &Dim (7,1)] "The bond orders"
                                                         0

0                                      9.8116821420052458e-01
1                                      9.4557038770204038e-01
2                                      9.7489255589735635e-01
3                                      9.4533979925184952e-01
4                                      2.0420710444002408e+00
5                                      1.1686418055009864e+00
6                                      8.6401729736948507e-01
   &COMPONENTS [&Type "ArrayOfIntegers", &Dim (7,4)] "The indices and atomic numbers of the bonding atoms"
                                                         0                           1                           2                           3

0                                                        0                           6                           1                           6
1                                                        0                           6                           4                           1
2                                                        0                           6                           5                           1
3                                                        0                           6                           6                           1
4                                                        1                           6                           2                           8
5                                                        1                           6                           3                           8
6                                                        3                           8                           7                           1
   &ATNO [&Type "ArrayOfIntegers", &Dim (8,1)] "Atomic number of the elements"
                                                         0

0                                                        6
1                                                        6
2                                                        8
3                                                        8
4                                                        1
5                                                        1
6                                                        1
7                                                        1
   &NA [&Type "ArrayOfDoubles", &Dim (8,1)] "Mulliken gross atomic population"
                                                         0

0                                      6.3076046511656925e+00
1                                      5.6915186166182270e+00
2                                      8.3374359517418739e+00
3                                      8.3800964650012837e+00
4                                      8.7013334748043869e-01
5                                      8.6626611087545868e-01
6                                      8.7009088036141047e-01
7                                      6.7685397675562764e-01
   &ZA [&Type "ArrayOfDoubles", &Dim (8,1)] "Total nuclear charge"
                                                         0

0                                      6.0000000000000000e+00
1                                      6.0000000000000000e+00
2                                      8.0000000000000000e+00
3                                      8.0000000000000000e+00
4                                      1.0000000000000000e+00
5                                      1.0000000000000000e+00
6                                      1.0000000000000000e+00
7                                      1.0000000000000000e+00
   &QA [&Type "ArrayOfDoubles", &Dim (8,1)] "Mulliken gross atomic charge"
                                                         0

0                                     -3.0760465116569247e-01
1                                      3.0848138338177300e-01
2                                     -3.3743595174187391e-01
3                                     -3.8009646500128369e-01
4                                      1.2986665251956131e-01
5                                      1.3373388912454132e-01
6                                      1.2990911963858953e-01
7                                      3.2314602324437236e-01
   &VA [&Type "ArrayOfDoubles", &Dim (8,1)] "Mayer's total valence"
                                                         0

0                                      3.8155969305195669e+00
1                                      4.2345508049227218e+00
2                                      2.1394496912314844e+00
3                                      2.0531974678345515e+00
4                                      9.8383883107224968e-01
5                                      9.9055293189430815e-01
6                                      9.8387078632884450e-01
7                                      9.2947958284681886e-01
   &BVA [&Type "ArrayOfDoubles", &Dim (8,1)] "Mayer's bonded valence"
                                                         0

0                                      3.8155969305195034e+00
1                                      4.2345508049226623e+00
2                                      2.1394496912313947e+00
3                                      2.0531974678344325e+00
4                                      9.8383883107225678e-01
5                                      9.9055293189429738e-01
6                                      9.8387078632883795e-01
7                                      9.2947958284681231e-01
   &FA [&Type "ArrayOfDoubles", &Dim (8,1)] "Mayer's free valence"
                                                         0

0                                      0.0000000000000000e+00
1                                      0.0000000000000000e+00
2                                      0.0000000000000000e+00
3                                      0.0000000000000000e+00
4                                      0.0000000000000000e+00
5                                      0.0000000000000000e+00
6                                      0.0000000000000000e+00
7                                      0.0000000000000000e+00
$End
$VdW_Correction
   &GeometryIndex 1
   &ListStatus       OUT
   &VDW [&Type "Double"]      -1.2075488361219023e-03
$End
$Calculation_Info
   &GeometryIndex 1
   &ListStatus       OUT
   &MULT [&Type "Integer"] 1
   &CHARGE [&Type "Integer"] 0
   &NUMOFATOMS [&Type "Integer"] 8
   &NUMOFELECTRONS [&Type "Integer"] 32
   &NUMOFFCELECTRONS [&Type "Integer"] 1
   &NUMOFCORRELECTRONS [&Type "Integer"] 0
   &NUMOFBASISFUNCTS [&Type "Integer"] 148
   &NUMOFAUXCBASISFUNCTS [&Type "Integer"] 0
   &NUMOFAUXJBASISFUNCTS [&Type "Integer"] 164
   &NUMOFAUXJKBASISFUNCTS [&Type "Integer"] 0
   &NUMOFCABSBASISFUNCTS [&Type "Integer"] 0
   &TOTALENERGY [&Type "Double"]      -2.2906521926606717e+02  "Hartrees"
$End
$SCF_Dipole_Moment
   &GeometryIndex 1
   &ListStatus       OUT
   &METHOD [&Type "String"] "SCF"
   &LEVEL [&Type "String"] "Relaxed density"
   &MULT [&Type "Integer"] 1
   &STATE [&Type "Integer"] -1
   &IRREP [&Type "Integer"] 0
   &NATOMS [&Type "Integer"] 8
   &DODIPOLEATOM [&Type "Boolean"] false
   &DIPOLEELECCONTRIB [&Type "ArrayOfDoubles", &Dim (3,1)] "Electronic contribution"
                                                         0

0                                      3.2754788641645511e+00
1                                     -5.3622095287485627e-01
2                                     -1.3692430349597307e-03
   &DIPOLENUCCONTRIB [&Type "ArrayOfDoubles", &Dim (3,1)] "Nuclear contribution"
                                                         0

0                                     -3.5925026114620846e+00
1                                      1.1444870910779354e+00
2                                      2.2128926511494930e-03
   &DIPOLETOTAL [&Type "ArrayOfDoubles", &Dim (3,1)] "Total"
                                                         0

0                                     -3.1702374729753346e-01
1                                      6.0826613820307918e-01
2                                      8.4364961618976233e-04
   &DIPOLEMAGNITUDE [&Type "Double", &Units "a.u."]       6.8592453154828392e-01
$End
$THERMOCHEMISTRY_Energies
   &GeometryIndex 1
   &ListStatus       OUT
   &TEMPERATURE [&Type "Double"]       2.9814999999999998e+02
   &PRESSURE [&Type "Double"]       1.0000000000000000e+00
   &TOTALMASS [&Type "Double"]       6.0052000000000000e+01
   &SPINDEGENERACY [&Type "Integer"] 1
   &ELENERGY [&Type "Double"]      -2.2906521926606717e+02
   &TRANSENERGY [&Type "Double"]       1.4162714244859817e-03
   &ROTENERGY [&Type "Double"]       1.4162714244859817e-03
   &VIBENERGY [&Type "Double"]       1.6900684137352519e-03
   &NUMOFFREQS [&Type "Integer"] 24
   &FREQSCALINGFACTOR [&Type "Double"]       1.0000000000000000e+00
   &FREQ [&Type "ArrayOfDoubles", &Dim (24,1)] "In cm^-1"
                                                         0

0                                      0.0000000000000000e+00
1                                      0.0000000000000000e+00
2                                      0.0000000000000000e+00
3                                      0.0000000000000000e+00
4                                      0.0000000000000000e+00
5                                      0.0000000000000000e+00
6                                      9.4541974451865272e+01
7                                      4.2997005801119440e+02
8                                      5.4808050884471641e+02
9                                      5.8602978048976206e+02
10                                     6.6786573765157709e+02
11                                     8.5727708999041567e+02
12                                     9.8886383005480775e+02
13                                     1.0596140219334980e+03
14                                     1.1940865486066314e+03
15                                     1.3300338957018298e+03
16                                     1.3944343246036021e+03
17                                     1.4605862938603789e+03
18                                     1.4674403234646888e+03
19                                     1.8022854341218924e+03
20                                     3.0354838637129360e+03
21                                     3.1070667376648134e+03
22                                     3.1578428348863563e+03
23                                     3.7315926252004620e+03
   &ZPE [&Type "Double"]       6.1312543851861197e-02
   &INNERENERGYU [&Type "Double"]      -2.2899938411095260e+02
   &ENTHALPYH [&Type "Double"]      -2.2899843990191036e+02
   &QEL [&Type "Double"]       0.0000000000000000e+00
   &QROT [&Type "Double"]       1.1333213009311673e-02
   &QVIB [&Type "Double"]       2.7951590329576086e-03
   &QTRANS [&Type "Double"]       1.8149001289377204e-02
   &ENTROPYS [&Type "Double"]       3.2277373331646486e-02
   &FREEENERGYG [&Type "Double"]      -2.2903071727524201e+02
   &ISLINEAR [&Type "Boolean"] false
$End
$Hessian
   &GeometryIndex 1
   &ListStatus       OUT
   &HESSIAN [&Type "ArrayOfDoubles", &Dim (24,24)] "The Hessian"
                                                         0                           1                           2                           3                           4                           5                           6                           7

0                                      4.7529438175712974e-01         2.9736196874292388e-02         3.6542936483657118e-04        -1.9345755259078395e-01        -7.1096627759414596e-04        -1.9571417096144020e-05        -2.2602758976986208e-02         2.0157244710069841e-02
1                                      2.9736196874292388e-02         6.0008967602130281e-01         8.8251078460297269e-06         1.1636493164851689e-03        -7.7929398806984518e-02         3.1158914543933804e-05         4.3009282256856740e-02        -1.0967700827298806e-02
2                                      3.6542936483657118e-04         8.8251078460297269e-06         5.2596606051447836e-01        -1.2583206019037846e-04         6.1574413989241261e-05        -8.9880017739056364e-02        -1.8641287175318051e-05        -6.3438509583350992e-05
3                                     -1.9345755259078395e-01         1.1636493164851689e-03        -1.2583206019037846e-04         7.0882958474719915e-01        -1.9843536421953251e-01         9.6389937394561741e-05        -2.9361143263320083e-01         2.7657992720735119e-01
4                                     -7.1096627759414596e-04        -7.7929398806984518e-02         6.1574413989241261e-05        -1.9843536421953251e-01         8.1188815542148041e-01        -3.1112012463288779e-05         2.6331420821866303e-01        -5.4029760073406952e-01
5                                     -1.9571417096144020e-05         3.1158914543933804e-05        -8.9880017739056364e-02         9.6389937394561741e-05        -3.1112012463288779e-05         2.3052751403281899e-01        -4.9667115668458241e-05         3.9192948822478729e-05
6                                     -2.2602758976986208e-02         4.3009282256856740e-02        -1.8641287175318051e-05        -2.9361143263320083e-01         2.6331420821866303e-01        -4.9667115668458241e-05         2.8153288598658638e-01        -3.1219761361900700e-01
7                                      2.0157244710069841e-02        -1.0967700827298806e-02        -6.3438509583350992e-05         2.7657992720735119e-01        -5.4029760073406952e-01         3.9192948822478729e-05        -3.1219761361900700e-01         6.5396603174774426e-01
8                                     -1.0376983414701381e-06        -7.7821560978557063e-05         2.6362422742378828e-02        -6.5254476201014624e-05         5.5570188834375489e-05        -7.8685608630581577e-02         4.8732648244516456e-05        -1.3292070150699618e-05
9                                     -3.2466359903633307e-02        -3.9523236133533680e-02        -2.6259060969485625e-05        -1.6068298992309457e-01        -6.4393691225097222e-02        -5.8725861395084328e-05         3.8987660321813278e-02         5.0037743671822073e-03
10                                    -9.8828552239329237e-03        -6.5929232785997931e-04         1.7535420810513287e-05        -3.6806055229732362e-02        -1.9528893848440351e-01        -3.3099649531037235e-05        -6.0228118629874206e-03        -1.0706815597533659e-01
11                                     5.9404649778226372e-06         1.1872972080601653e-05         1.0539160573812694e-02        -6.6635220426563356e-05        -3.7955026863390877e-05        -6.4225798859455910e-02         9.8632506391750523e-06        -2.3705964781940286e-05
12                                    -6.6497641342737501e-02         3.6439282181920385e-02        -6.3853624490377570e-02        -6.3868226555246228e-03         1.9987882111743235e-02        -3.1941504312285207e-02        -5.7712475769356956e-03         4.6414798568918548e-04
13                                     3.6174650867492567e-02        -1.1613344633944607e-01         1.1509594491427241e-01         3.4154008093367286e-03        -5.3825677057568744e-03         1.0841189841945659e-03         1.6941752486245836e-03         1.4528892808259213e-03
14                                    -6.2667298108732075e-02         1.1382916512603564e-01        -2.1354186497341940e-01         7.4964352028153956e-04         2.1039905049202549e-04         8.2394728071946829e-04         1.1735448207998815e-03        -1.4948166921364883e-03
15                                    -9.5538112364213820e-02        -1.0085295770427805e-01        -7.4455808374444626e-04        -1.1475380420700702e-02        -3.4514915097841020e-02        -2.3838244522939779e-04         3.3485757584115709e-03         1.5357543769628943e-03
16                                    -1.0843933678418373e-01        -2.7581132213581494e-01        -1.5355739580281975e-03         3.2603716800567589e-03         1.5557364128809918e-03         5.7464311367934349e-05         6.0366007619951437e-04         1.6199216653224151e-03
17                                    -7.9283592851776569e-04        -1.5213541606122136e-03        -4.6711455483967199e-02         8.0515082374826033e-05         1.8084194705125922e-05        -3.1579150461841839e-03        -1.2461369580203153e-05         2.5149192977277983e-05
18                                    -6.6438056345926533e-02         3.5623724584519748e-02         6.4435262914785740e-02        -6.4948242458172578e-03         1.9565888685300799e-02         3.2236427807045547e-02        -5.6516859305239149e-03         4.4683271798673981e-04
19                                     3.5291941939651392e-02        -1.1270269565984493e-01        -1.1357048579096901e-01         3.4251881397291536e-03        -5.3458519054308609e-03        -1.1706423113315562e-03         1.6959010337603280e-03         1.4136227521246861e-03
20                                     6.3122515819269850e-02        -1.1231380826939599e-01        -2.1671681899478906e-01        -6.5453270994562940e-04        -2.6174150387979879e-04         8.5342935180399843e-04        -1.1552700383713173e-03         1.5184570919735980e-03
21                                     1.7060997671516434e-03        -5.6623050098050529e-03        -3.3999801179494815e-05        -3.6720582278077160e-02        -5.1241556493701393e-03        -1.8386010101803478e-05         3.7680030508353878e-03         8.3458105882959280e-03
22                                    -2.2605124722530354e-03        -5.8858199240536136e-03        -4.0025316251782776e-06        -5.2292004249966162e-02         1.0800465802284040e-02        -2.4876405147015038e-05         7.5673203133592654e-03        -1.1900790931230381e-04
23                                    -1.0919992382406426e-05         2.1582803768110653e-05         3.9825133605620551e-03        -2.0874655951356509e-05         3.2975914729694614e-05         3.7444496099355790e-03         1.1510687770182819e-05        -8.2075480553734205e-06
                                                         8                           9                          10                          11                          12                          13                          14                          15

0                                     -1.0376983414701381e-06        -3.2466359903633307e-02        -9.8828552239329237e-03         5.9404649778226372e-06        -6.6497641342737501e-02         3.6174650867492567e-02        -6.2667298108732075e-02        -9.5538112364213820e-02
1                                     -7.7821560978557063e-05        -3.9523236133533680e-02        -6.5929232785997931e-04         1.1872972080601653e-05         3.6439282181920385e-02        -1.1613344633944607e-01         1.1382916512603564e-01        -1.0085295770427805e-01
2                                      2.6362422742378828e-02        -2.6259060969485625e-05         1.7535420810513287e-05         1.0539160573812694e-02        -6.3853624490377570e-02         1.1509594491427241e-01        -2.1354186497341940e-01        -7.4455808374444626e-04
3                                     -6.5254476201014624e-05        -1.6068298992309457e-01        -3.6806055229732362e-02        -6.6635220426563356e-05        -6.3868226555246228e-03         3.4154008093367286e-03         7.4964352028153956e-04        -1.1475380420700702e-02
4                                      5.5570188834375489e-05        -6.4393691225097222e-02        -1.9528893848440351e-01        -3.7955026863390877e-05         1.9987882111743235e-02        -5.3825677057568744e-03         2.1039905049202549e-04        -3.4514915097841020e-02
5                                     -7.8685608630581577e-02        -5.8725861395084328e-05        -3.3099649531037235e-05        -6.4225798859455910e-02        -3.1941504312285207e-02         1.0841189841945659e-03         8.2394728071946829e-04        -2.3838244522939779e-04
6                                      4.8732648244516456e-05         3.8987660321813278e-02        -6.0228118629874206e-03         9.8632506391750523e-06        -5.7712475769356956e-03         1.6941752486245836e-03         1.1735448207998815e-03         3.3485757584115709e-03
7                                     -1.3292070150699618e-05         5.0037743671822073e-03        -1.0706815597533659e-01        -2.3705964781940286e-05         4.6414798568918548e-04         1.4528892808259213e-03        -1.4948166921364883e-03         1.5357543769628943e-03
8                                      3.1443674797538262e-02         1.8363355014489449e-05        -2.0256053007246115e-05         2.9316983837692184e-02         4.6788289632047663e-03        -5.1565363958827127e-04        -8.3385328412899362e-04         3.2576827236611048e-05
9                                      1.8363355014489449e-05         6.2324445038661180e-01        -1.2915570997900212e-02         3.5081217819866740e-04        -1.1880488249761440e-04        -1.9074565130262496e-03         6.1283774161755619e-05        -8.5733099112221198e-03
10                                    -2.0256053007246115e-05        -1.2915570997900212e-02         3.6888492031894082e-01         2.6910229041721107e-05        -1.5134648837333506e-03        -3.4449216264384377e-04        -5.3715371288879168e-04         8.3540815718800496e-04
11                                     2.9316983837692184e-02         3.5081217819866740e-04         2.6910229041721107e-05         3.8949175712041449e-02         2.2738940058941639e-03         1.7733592360727186e-04         3.2674709088082398e-04         2.0072654238211492e-06
12                                     4.6788289632047663e-03        -1.1880488249761440e-04        -1.5134648837333506e-03         2.2738940058941639e-03         7.1654857564069779e-02        -4.3799670308156853e-02         6.7474486167334494e-02         3.9661285396613054e-03
13                                    -5.1565363958827127e-04        -1.9074565130262496e-03        -3.4449216264384377e-04         1.7733592360727186e-04        -4.3799670308156853e-02         1.2352772840843829e-01        -1.2397249053285225e-01         9.7691797965127163e-03
14                                    -8.3385328412899362e-04         6.1283774161755619e-05        -5.3715371288879168e-04         3.2674709088082398e-04         6.7474486167334494e-02        -1.2397249053285225e-01         2.3161813236279805e-01         1.4694384931743642e-03
15                                     3.2576827236611048e-05        -8.5733099112221198e-03         8.3540815718800496e-04         2.0072654238211492e-06         3.9661285396613054e-03         9.7691797965127163e-03         1.4694384931743642e-03         1.0545069585655473e-01
16                                     5.9912501944199243e-06         9.2971310905193283e-04         1.2300088629031416e-03        -1.4469033443610572e-05        -6.0223154292147595e-03        -1.1544563043815964e-02        -2.2581079800821219e-03         1.1519412393766902e-01
17                                    -5.9093182015356772e-04         2.1180023381994810e-05        -4.3582443630565252e-06         1.3367657914517515e-03         1.2485693487702985e-02         2.2319681585613215e-02         1.4985951536336253e-03         7.8790828305892963e-04
18                                    -4.7200602849737060e-03        -1.3515290072181520e-04        -1.4940991525926816e-03        -2.2913500414439309e-03         2.7165676778410841e-03        -5.6637493589012126e-03        -8.1831042659061132e-03         3.9664634942166120e-03
19                                     5.7927180081489998e-04        -1.8960451421381013e-03        -3.6201075272680478e-04        -1.8999246196958243e-04        -5.7808652074201996e-03         8.5249290492331771e-03         1.4379028423776096e-02         9.7851744988704734e-03
20                                    -8.5177284380512494e-04        -7.1208440845222428e-05         5.0637233863525238e-04         3.2204254934392357e-04         8.0990545092759457e-03        -1.3966845481690717e-02        -2.0134881982002514e-02        -1.3190380698317895e-03
21                                     2.3906915734793551e-07        -4.6025549318725567e-01         6.7801811660945996e-02        -3.0440859547421393e-04         4.3696267612327450e-04         3.2464150761052270e-04        -8.8871105053711305e-05        -1.1450609527075806e-03
22                                     6.8516348155765960e-06         1.1470015006820627e-01        -6.6392039478873274e-02         7.3584983114264956e-05         2.1783149967955187e-04        -1.0047748683462497e-04        -1.3811743144230554e-04        -1.7227638880628904e-03
23                                    -6.1609147989400165e-03        -2.7556927533605677e-04         2.0468050517309351e-05        -1.6565076695766918e-02         7.9404837319029388e-04        -2.3999800445803241e-04         2.4317835151894520e-04         8.5163753452321050e-06
                                                        16                          17                          18                          19                          20                          21                          22                          23

0                                     -1.0843933678418373e-01        -7.9283592851776569e-04        -6.6438056345926533e-02         3.5291941939651392e-02         6.3122515819269850e-02         1.7060997671516434e-03        -2.2605124722530354e-03        -1.0919992382406426e-05
1                                     -2.7581132213581494e-01        -1.5213541606122136e-03         3.5623724584519748e-02        -1.1270269565984493e-01        -1.1231380826939599e-01        -5.6623050098050529e-03        -5.8858199240536136e-03         2.1582803768110653e-05
2                                     -1.5355739580281975e-03        -4.6711455483967199e-02         6.4435262914785740e-02        -1.1357048579096901e-01        -2.1671681899478906e-01        -3.3999801179494815e-05        -4.0025316251782776e-06         3.9825133605620551e-03
3                                      3.2603716800567589e-03         8.0515082374826033e-05        -6.4948242458172578e-03         3.4251881397291536e-03        -6.5453270994562940e-04        -3.6720582278077160e-02        -5.2292004249966162e-02        -2.0874655951356509e-05
4                                      1.5557364128809918e-03         1.8084194705125922e-05         1.9565888685300799e-02        -5.3458519054308609e-03        -2.6174150387979879e-04        -5.1241556493701393e-03         1.0800465802284040e-02         3.2975914729694614e-05
5                                      5.7464311367934349e-05        -3.1579150461841839e-03         3.2236427807045547e-02        -1.1706423113315562e-03         8.5342935180399843e-04        -1.8386010101803478e-05        -2.4876405147015038e-05         3.7444496099355790e-03
6                                      6.0366007619951437e-04        -1.2461369580203153e-05        -5.6516859305239149e-03         1.6959010337603280e-03        -1.1552700383713173e-03         3.7680030508353878e-03         7.5673203133592654e-03         1.1510687770182819e-05
7                                      1.6199216653224151e-03         2.5149192977277983e-05         4.4683271798673981e-04         1.4136227521246861e-03         1.5184570919735980e-03         8.3458105882959280e-03        -1.1900790931230381e-04        -8.2075480553734205e-06
8                                      5.9912501944199243e-06        -5.9093182015356772e-04        -4.7200602849737060e-03         5.7927180081489998e-04        -8.5177284380512494e-04         2.3906915734793551e-07         6.8516348155765960e-06        -6.1609147989400165e-03
9                                      9.2971310905193283e-04         2.1180023381994810e-05        -1.3515290072181520e-04        -1.8960451421381013e-03        -7.1208440845222428e-05        -4.6025549318725567e-01         1.1470015006820627e-01        -2.7556927533605677e-04
10                                     1.2300088629031416e-03        -4.3582443630565252e-06        -1.4940991525926816e-03        -3.6201075272680478e-04         5.0637233863525238e-04         6.7801811660945996e-02        -6.6392039478873274e-02         2.0468050517309351e-05
11                                    -1.4469033443610572e-05         1.3367657914517515e-03        -2.2913500414439309e-03        -1.8999246196958243e-04         3.2204254934392357e-04        -3.0440859547421393e-04         7.3584983114264956e-05        -1.6565076695766918e-02
12                                    -6.0223154292147595e-03         1.2485693487702985e-02         2.7165676778410841e-03        -5.7808652074201996e-03         8.0990545092759457e-03         4.3696267612327450e-04         2.1783149967955187e-04         7.9404837319029388e-04
13                                    -1.1544563043815964e-02         2.2319681585613215e-02        -5.6637493589012126e-03         8.5249290492331771e-03        -1.3966845481690717e-02         3.2464150761052270e-04        -1.0047748683462497e-04        -2.3999800445803241e-04
14                                    -2.2581079800821219e-03         1.4985951536336253e-03        -8.1831042659061132e-03         1.4379028423776096e-02        -2.0134881982002514e-02        -8.8871105053711305e-05        -1.3811743144230554e-04         2.4317835151894520e-04
15                                     1.1519412393766902e-01         7.8790828305892963e-04         3.9664634942166120e-03         9.7851744988704734e-03        -1.3190380698317895e-03        -1.1450609527075806e-03        -1.7227638880628904e-03         8.5163753452321050e-06
16                                     2.9390267284450239e-01         1.6815431637568856e-03        -5.8584925229704932e-03        -1.1288238934086908e-02         2.0681620048769757e-03         3.0327185637060369e-04         3.3578432810888278e-04        -7.0752782834870591e-06
17                                     1.6815431637568856e-03         4.5424507447226072e-02        -1.2571854651093357e-02        -2.2519707868940784e-02         1.2106645930905844e-03         3.3864272392653057e-06         3.0276565047512602e-06         9.8976936490291533e-04
18                                    -5.8584925229704932e-03        -1.2571854651093357e-02         7.1613134064732714e-02        -4.2838816665925809e-02        -6.8106709055085951e-02         4.2355418619910781e-04         2.1199748171743958e-04        -8.0997610826903123e-04
19                                    -1.1288238934086908e-02        -2.2519707868940784e-02        -4.2838816665925809e-02         1.1986547534529934e-01         1.2229189025844039e-01         3.2423563433822775e-04        -1.0522989456767608e-04         2.2185535921268563e-04
20                                     2.0681620048769757e-03         1.2106645930905844e-03        -6.8106709055085951e-02         1.2229189025844039e-01         2.3507165079838840e-01         9.6551670474918916e-05         1.3629615200714076e-04         2.4568652796978948e-04
21                                     3.0327185637060369e-04         3.3864272392653057e-06         4.2355418619910781e-04         3.2423563433822775e-04         9.6551670474918916e-05         4.9178651673773099e-01        -6.6367664670533261e-02         3.2437647028541676e-04
22                                     3.3578432810888278e-04         3.0276565047512602e-06         2.1199748171743958e-04        -1.0522989456767608e-04         1.3629615200714076e-04        -6.6367664670533261e-02         6.1466324563248562e-02        -4.7182677829071033e-05
23                                    -7.0752782834870591e-06         9.8976936490291533e-04        -8.0997610826903123e-04         2.2185535921268563e-04         2.4568652796978948e-04         3.2437647028541676e-04        -4.7182677829071033e-05         1.3520394279817650e-02
                              

0                             
1                             
2                             
3                             
4                             
5                             
6                             
7                             
8                             
9                             
10                            
11                            
12                            
13                            
14                            
15                            
16                            
17                            
18                            
19                            
20                            
21                            
22                            
23                            
   &MODES [&Type "ArrayOfDoubles", &Dim (24,24)] "The modes of vibrations"
                                                         0                           1                           2                           3                           4                           5                           6                           7

0                                      1.0000000000000000e+00         2.0000000000000000e+00         3.0000000000000000e+00         4.0000000000000000e+00         5.0000000000000000e+00         6.0000000000000000e+00         7.0000000000000000e+00         0.0000000000000000e+00
1                                      0.0000000000000000e+00         0.0000000000000000e+00         0.0000000000000000e+00         0.0000000000000000e+00         0.0000000000000000e+00         1.8770165579533826e-05        -3.2430409872272803e-02         1.0000000000000000e+00
2                                      0.0000000000000000e+00         0.0000000000000000e+00         0.0000000000000000e+00         0.0000000000000000e+00         0.0000000000000000e+00         2.0520273014732434e-05        -1.1073874164541904e-01         2.0000000000000000e+00
3                                      0.0000000000000000e+00         0.0000000000000000e+00         0.0000000000000000e+00         0.0000000000000000e+00         0.0000000000000000e+00         4.3233530177506467e-03        -4.3620583171213386e-05         3.0000000000000000e+00
4                                      0.0000000000000000e+00         0.0000000000000000e+00         0.0000000000000000e+00         0.0000000000000000e+00         0.0000000000000000e+00        -2.4873543479100045e-05        -1.2361186708052512e-02         4.0000000000000000e+00
5                                      0.0000000000000000e+00         0.0000000000000000e+00         0.0000000000000000e+00         0.0000000000000000e+00         0.0000000000000000e+00        -1.2667043573111496e-04         8.9795869280591023e-02         5.0000000000000000e+00
6                                      0.0000000000000000e+00         0.0000000000000000e+00         0.0000000000000000e+00         0.0000000000000000e+00         0.0000000000000000e+00         1.1190599458121302e-02         3.0594967682026739e-04         6.0000000000000000e+00
