*************************************************
******************* ORCA 6.0.0 ******************
*************************************************
$Calculation_Status
   &GeometryIndex 1
   &ListStatus       OUT
   &VERSION [&Type "String"] "6.0.0"
   &PROGNAME [&Type "String"] "LeanSCF"
   &STATUS [&Type "String"] "NORMAL TERMINATION"
$End
$Geometry
   &GeometryIndex 1
   &ListStatus       OUT
   &NATOMS [&Type "Integer"] 14
   &NCORELESSECP [&Type "Integer"] 0
   &NGHOSTATOMS [&Type "Integer"] 0
   &CartesianCoordinates [&Type "Coordinates", &Dim(14,4), &Units "Bohr"] 
              C     -4.848274051413   -0.000008090673   -0.000603317367
              C     -3.540026515348   -2.286906071763    0.000133449058
              C     -0.916869545948   -2.307250101950    0.001155202058
              C      0.346116431939    0.000020618802    0.001470499462
              C     -0.916889405269    2.307282932540    0.000787510107
              C     -3.540052971892    2.286906323097   -0.000248147309
              N      3.113132729001   -0.000037202471    0.000228301972
              O      4.217819040941   -2.046111314163   -0.001771551354
              O      4.217917049509    2.046075884255   -0.001610527979
              H     -6.898436917053   -0.000021702182   -0.001629124774
              H     -4.564854575011   -4.061421059128   -0.000366844975
              H      0.129058594605   -4.065197385222    0.001398889991
              H      0.129035796760    4.065248651035    0.000733732092
              H     -4.564904959645    4.061410041268   -0.001052326690
$End
$SCF_Energy
   &GeometryIndex 1
   &ListStatus       OUT
   &SCF_ENERGY [&Type "Double"]      -4.3670794401505037e+02
$End
$DFT_Energy
   &GeometryIndex 1
   &ListStatus       OUT
   &NALPHAEL [&Type "Integer"] 32
   &NBETAEL [&Type "Integer"] 32
   &NTOTALEL [&Type "Integer"] 64
   &EEXCHANGE [&Type "Double"]      -5.6150014631675603e+01
   &ECORR [&Type "Double"]      -2.1128341221984885e+00
   &ECNL [&Type "Double"]       0.0000000000000000e+00
   &EXC [&Type "Double"]      -5.8262848753874088e+01
   &EEMBED [&Type "Double"]       0.0000000000000000e+00
   &FINALEN [&Type "Double"]      -4.3670794401505037e+02  "No Van der Waals correction"
$End
$Mulliken_Population_Analysis
   &GeometryIndex 1
   &ListStatus       OUT
   &NATOMS [&Type "Integer"] 14
   &ATNO [&Type "ArrayOfIntegers", &Dim (14,1)] 
                                                         0

0                                                        6
1                                                        6
2                                                        6
3                                                        6
4                                                        6
5                                                        6
6                                                        7
7                                                        8
8                                                        8
9                                                        1
10                                                       1
11                                                       1
12                                                       1
13                                                       1
   &ATOMICCHARGES [&Type "ArrayOfDoubles", &Dim (14,1)] 
                                                         0

0                                     -1.1193159205649827e-01
1                                     -5.7889627777843344e-02
2                                     -1.7494675204270038e-01
3                                      6.0872794971992050e-02
4                                     -1.7495238568409199e-01
5                                     -5.7856608305853818e-02
6                                      5.2346941199098662e-01
7                                     -3.4397084357683383e-01
8                                     -3.4378048542223105e-01
9                                      1.2451450510027018e-01
10                                     1.2602521227251606e-01
11                                     1.5220913071000353e-01
12                                     1.5220861719821754e-01
13                                     1.2602862262215209e-01
$End
$Loewdin_Population_Analysis
   &GeometryIndex 1
   &ListStatus       OUT
   &NATOMS [&Type "Integer"] 14
   &ATNO [&Type "ArrayOfIntegers", &Dim (14,1)] 
                                                         0

0                                                        6
1                                                        6
2                                                        6
3                                                        6
4                                                        6
5                                                        6
6                                                        7
7                                                        8
8                                                        8
9                                                        1
10                                                       1
11                                                       1
12                                                       1
13                                                       1
   &ATOMICCHARGES [&Type "ArrayOfDoubles", &Dim (14,1)] 
                                                         0

0                                     -1.1371427472820983e-01
1                                     -1.2384132093064171e-01
2                                     -8.7626066853442097e-02
3                                     -1.5910404925504462e-01
4                                     -8.7606012891939145e-02
5                                     -1.2383338130535115e-01
6                                     -2.2066754633920382e-02
7                                     -2.4229170244863596e-02
8                                     -2.4083932406842479e-02
9                                      1.4836577981640586e-01
10                                     1.4929708552583565e-01
11                                     1.5957087601254571e-01
12                                     1.5957388777337655e-01
13                                     1.4929733412223234e-01
$End
$Mayer_Population_Analysis
   &GeometryIndex 1
   &ListStatus       OUT
   &NATOMS [&Type "Integer"] 14 "Total number of atoms"
   &BONDTHRESH [&Type "Double"]       1.0000000000000001e-01  "The threshold for printing"
   &NBONDORDERSPRINT [&Type "Integer"] 15 "The number of bond orders larger than threshold"
   &BONDORDERS [&Type "ArrayOfDoubles", &Dim (15,1)] "The bond orders"
                                                         0

0                                      1.3818430187072319e+00
1                                      1.3818489377840681e+00
2                                      9.6570668367669077e-01
3                                      1.4081712307024010e+00
4                                      9.6635729294816219e-01
5                                      1.3837771439464190e+00
6                                      9.4257176695158063e-01
7                                      1.3837767458735921e+00
8                                      9.7189888824108783e-01
9                                      1.4081692438401885e+00
10                                     9.4256853080085479e-01
11                                     9.6635117987079155e-01
12                                     1.5256767803393381e+00
13                                     1.5257993160371199e+00
14                                     2.1784486647175899e-01
   &COMPONENTS [&Type "ArrayOfIntegers", &Dim (15,4)] "The indices and atomic numbers of the bonding atoms"
                                                         0                           1                           2                           3

0                                                        0                           6                           1                           6
1                                                        0                           6                           5                           6
2                                                        0                           6                           9                           1
3                                                        1                           6                           2                           6
4                                                        1                           6                          10                           1
5                                                        2                           6                           3                           6
6                                                        2                           6                          11                           1
7                                                        3                           6                           4                           6
8                                                        3                           6                           6                           7
9                                                        4                           6                           5                           6
10                                                       4                           6                          12                           1
11                                                       5                           6                          13                           1
12                                                       6                           7                           7                           8
13                                                       6                           7                           8                           8
14                                                       7                           8                           8                           8
   &ATNO [&Type "ArrayOfIntegers", &Dim (14,1)] "Atomic number of the elements"
                                                         0

0                                                        6
1                                                        6
2                                                        6
3                                                        6
4                                                        6
5                                                        6
6                                                        7
7                                                        8
8                                                        8
9                                                        1
10                                                       1
11                                                       1
12                                                       1
13                                                       1
   &NA [&Type "ArrayOfDoubles", &Dim (14,1)] "Mulliken gross atomic population"
                                                         0

0                                      6.1119315920565214e+00
1                                      6.0578896277778247e+00
2                                      6.1749467520427190e+00
3                                      5.9391272050279973e+00
4                                      6.1749523856841018e+00
5                                      6.0578566083058751e+00
6                                      6.4765305880090329e+00
7                                      8.3439708435768178e+00
8                                      8.3437804854222932e+00
9                                      8.7548549489972760e-01
10                                     8.7397478772748405e-01
11                                     8.4779086928999647e-01
12                                     8.4779138280178068e-01
13                                     8.7397137737784669e-01
   &ZA [&Type "ArrayOfDoubles", &Dim (14,1)] "Total nuclear charge"
                                                         0

0                                      6.0000000000000000e+00
1                                      6.0000000000000000e+00
2                                      6.0000000000000000e+00
3                                      6.0000000000000000e+00
4                                      6.0000000000000000e+00
5                                      6.0000000000000000e+00
6                                      7.0000000000000000e+00
7                                      8.0000000000000000e+00
8                                      8.0000000000000000e+00
9                                      1.0000000000000000e+00
10                                     1.0000000000000000e+00
11                                     1.0000000000000000e+00
12                                     1.0000000000000000e+00
13                                     1.0000000000000000e+00
   &QA [&Type "ArrayOfDoubles", &Dim (14,1)] "Mulliken gross atomic charge"
                                                         0

0                                     -1.1193159205652137e-01
1                                     -5.7889627777824693e-02
2                                     -1.7494675204271903e-01
3                                      6.0872794972002708e-02
4                                     -1.7495238568410176e-01
5                                     -5.7856608305875135e-02
6                                      5.2346941199096708e-01
7                                     -3.4397084357681784e-01
8                                     -3.4378048542229322e-01
9                                      1.2451450510027240e-01
10                                     1.2602521227251595e-01
11                                     1.5220913071000353e-01
12                                     1.5220861719821932e-01
13                                     1.2602862262215331e-01
   &VA [&Type "ArrayOfDoubles", &Dim (14,1)] "Mayer's total valence"
                                                         0

0                                      3.9145552948012283e+00
1                                      3.8436015047823497e+00
2                                      3.9914707050722980e+00
3                                      3.8301753260069371e+00
4                                      3.9914797198484551e+00
5                                      3.8435943740370608e+00
6                                      4.0275025516736731e+00
7                                      1.8890170348104873e+00
8                                      1.8891771337608205e+00
9                                      9.7532109609151751e-01
10                                     9.7542821379230071e-01
11                                     9.9895793067308847e-01
12                                     9.9896534478149157e-01
13                                     9.7542617204624016e-01
   &BVA [&Type "ArrayOfDoubles", &Dim (14,1)] "Mayer's bonded valence"
                                                         0

0                                      3.9145552948013829e+00
1                                      3.8436015047826233e+00
2                                      3.9914707050722416e+00
3                                      3.8301753260068057e+00
4                                      3.9914797198481557e+00
5                                      3.8435943740370662e+00
6                                      4.0275025516735354e+00
7                                      1.8890170348105630e+00
8                                      1.8891771337607104e+00
9                                      9.7532109609151674e-01
10                                     9.7542821379233180e-01
11                                     9.9895793067306438e-01
12                                     9.9896534478140109e-01
13                                     9.7542617204625104e-01
   &FA [&Type "ArrayOfDoubles", &Dim (14,1)] "Mayer's free valence"
                                                         0

0                                      0.0000000000000000e+00
1                                      0.0000000000000000e+00
2                                      0.0000000000000000e+00
3                                      0.0000000000000000e+00
4                                      0.0000000000000000e+00
5                                      0.0000000000000000e+00
6                                      0.0000000000000000e+00
7                                      0.0000000000000000e+00
8                                      0.0000000000000000e+00
9                                      0.0000000000000000e+00
10                                     0.0000000000000000e+00
11                                     0.0000000000000000e+00
12                                     0.0000000000000000e+00
13                                     0.0000000000000000e+00
$End
$VdW_Correction
   &GeometryIndex 1
   &ListStatus       OUT
   &VDW [&Type "Double"]      -4.6514956090770191e-03
$End
$Calculation_Info
   &GeometryIndex 1
   &ListStatus       OUT
   &MULT [&Type "Integer"] 1
   &CHARGE [&Type "Integer"] 0
   &NUMOFATOMS [&Type "Integer"] 14
   &NUMOFELECTRONS [&Type "Integer"] 64
   &NUMOFFCELECTRONS [&Type "Integer"] 1
   &NUMOFCORRELECTRONS [&Type "Integer"] 0
   &NUMOFBASISFUNCTS [&Type "Integer"] 309
   &NUMOFAUXCBASISFUNCTS [&Type "Integer"] 0
   &NUMOFAUXJBASISFUNCTS [&Type "Integer"] 325
   &NUMOFAUXJKBASISFUNCTS [&Type "Integer"] 0
   &NUMOFCABSBASISFUNCTS [&Type "Integer"] 0
   &TOTALENERGY [&Type "Double"]      -4.3670371126615947e+02  "Hartrees"
$End
$SCF_Dipole_Moment
   &GeometryIndex 1
   &ListStatus       OUT
   &METHOD [&Type "String"] "SCF"
   &LEVEL [&Type "String"] "Relaxed density"
   &MULT [&Type "Integer"] 1
   &STATE [&Type "Integer"] -1
   &IRREP [&Type "Integer"] 0
   &NATOMS [&Type "Integer"] 14
   &DODIPOLEATOM [&Type "Boolean"] false
   &DIPOLEELECCONTRIB [&Type "ArrayOfDoubles", &Dim (3,1)] "Electronic contribution"
                                                         0

0                                      5.9057929506928621e+00
1                                      4.2079610940178036e-04
2                                      8.5437151853145793e-04
   &DIPOLENUCCONTRIB [&Type "ArrayOfDoubles", &Dim (3,1)] "Nuclear contribution"
                                                         0

0                                     -7.7853040650564758e+00
1                                      1.9413723838290764e-05
2                                     -8.5028333643517450e-05
   &DIPOLETOTAL [&Type "ArrayOfDoubles", &Dim (3,1)] "Total"
                                                         0

0                                     -1.8795111143636136e+00
1                                      4.4020983324007112e-04
2                                      7.6934318488794048e-04
   &DIPOLEMAGNITUDE [&Type "Double", &Units "a.u."]       1.8795113233737077e+00
$End
$THERMOCHEMISTRY_Energies
   &GeometryIndex 1
   &ListStatus       OUT
   &TEMPERATURE [&Type "Double"]       2.9814999999999998e+02
   &PRESSURE [&Type "Double"]       1.0000000000000000e+00
   &TOTALMASS [&Type "Double"]       1.2311099999999999e+02
   &SPINDEGENERACY [&Type "Integer"] 1
   &ELENERGY [&Type "Double"]      -4.3670371126615947e+02
   &TRANSENERGY [&Type "Double"]       1.4162714244859817e-03
   &ROTENERGY [&Type "Double"]       1.4162714244859817e-03
   &VIBENERGY [&Type "Double"]       3.9053661961749339e-03
   &NUMOFFREQS [&Type "Integer"] 42
   &FREQSCALINGFACTOR [&Type "Double"]       1.0000000000000000e+00
   &FREQ [&Type "ArrayOfDoubles", &Dim (42,1)] "In cm^-1"
                                                         0

0                                      0.0000000000000000e+00
1                                      0.0000000000000000e+00
2                                      0.0000000000000000e+00
3                                      0.0000000000000000e+00
4                                      0.0000000000000000e+00
5                                      0.0000000000000000e+00
6                                      8.1788291481542984e+01
7                                      1.7048392814197885e+02
8                                      2.6888447992741044e+02
9                                      4.0063385390420115e+02
10                                     4.1314002102032924e+02
11                                     4.4991500807429389e+02
12                                     5.2974587065970604e+02
13                                     6.2695924512749957e+02
14                                     6.9413276329971518e+02
15                                     7.0111328121964743e+02
16                                     7.2124686689382509e+02
17                                     8.1325591321689660e+02
18                                     8.4773758638357924e+02
19                                     8.7316177276444466e+02
20                                     9.5277531427000793e+02
21                                     9.7684062574139830e+02
22                                     9.9748852927607129e+02
23                                     1.0245352645682344e+03
24                                     1.0414664639803600e+03
25                                     1.1035319835828961e+03
26                                     1.1254159173465512e+03
27                                     1.1847561209221540e+03
28                                     1.1986697634540365e+03
29                                     1.3310263551126859e+03
30                                     1.3455668950810916e+03
31                                     1.3653277049325638e+03
32                                     1.4802047128687168e+03
33                                     1.5043616207354421e+03
34                                     1.5348913332714685e+03
35                                     1.6231994423856897e+03
36                                     1.6379477689751570e+03
37                                     3.1700178504249011e+03
38                                     3.1823627197483120e+03
39                                     3.1906533041690395e+03
40                                     3.2154980828699772e+03
41                                     3.2161949182909543e+03
   &ZPE [&Type "Double"]       1.0250599660541937e-01
   &INNERENERGYU [&Type "Double"]      -4.3659446736050887e+02
   &ENTHALPYH [&Type "Double"]      -4.3659352315146663e+02
   &QEL [&Type "Double"]       0.0000000000000000e+00
   &QROT [&Type "Double"]       1.3568214068168490e-02
   &QVIB [&Type "Double"]       6.2797469901785183e-03
   &QTRANS [&Type "Double"]       1.9165707894368139e-02
   &ENTROPYS [&Type "Double"]       3.9013668952715151e-02
   &FREEENERGYG [&Type "Double"]      -4.3663253682041932e+02
   &ISLINEAR [&Type "Boolean"] false
$End
$Hessian
   &GeometryIndex 1
   &ListStatus       OUT
   &HESSIAN [&Type "ArrayOfDoubles", &Dim (42,42)] "The Hessian"
                                                         0                           1                           2                           3                           4                           5                           6                           7

0                                      7.3685898474450873e-01        -6.1356055981523494e-06         2.8320410798597564e-04        -1.7753473094453659e-01         1.1373240975435450e-01        -6.2806755562702364e-05        -2.8970119077603256e-02         3.1272047863706590e-02
1                                     -6.1356055981523494e-06         6.5176629054859303e-01        -4.1982870726434069e-05         5.4257335081833155e-02        -2.7865139820089002e-01         3.9106170557306079e-05         7.1906542865373763e-02         3.1880884985807739e-02
2                                      2.8320410798597564e-04        -4.1982870726434069e-05         1.3544903286619958e-01        -6.2138525407765018e-05         6.8101647869867730e-05        -6.1757173624999454e-02        -1.5614630883633326e-05         1.3004793342375532e-05
3                                     -1.7753473094453659e-01         5.4257335081833155e-02        -6.2138525407765018e-05         6.8227837566494698e-01         3.9019047580836012e-02         2.3988582782627922e-04        -3.4078607447967513e-01         3.0940710759121352e-02
4                                      1.1373240975435450e-01        -2.7865139820089002e-01         6.8101647869867730e-05         3.9019047580836012e-02         7.1496685569218266e-01        -6.0071293779372424e-07        -2.9525643367262201e-02        -1.2868471577522833e-01
5                                     -6.2806755562702364e-05         3.9106170557306079e-05        -6.1757173624999454e-02         2.3988582782627922e-04        -6.0071293779372424e-07         1.3078661239508305e-01        -1.1709048385496725e-04         6.8112455507343178e-06
6                                     -2.8970119077603256e-02         7.1906542865373763e-02        -1.5614630883633326e-05        -3.4078607447967513e-01        -2.9525643367262201e-02        -1.1709048385496725e-04         6.9271439900659437e-01        -4.5386937783557943e-02
7                                      3.1272047863706590e-02         3.1880884985807739e-02         1.3004793342375532e-05         3.0940710759121352e-02        -1.2868471577522833e-01         6.8112455507343178e-06        -4.5386937783557943e-02         7.2114373626978223e-01
8                                     -1.3503063536874217e-05         2.5356622287644719e-05         6.7587014364616487e-03        -1.0952290286871385e-04        -1.4656995112786454e-05        -6.1166747819127301e-02         1.6313071999498452e-04        -2.1774372856973241e-05
9                                     -2.4532466610845127e-04         1.3495007228637202e-06         1.6326428723124797e-06        -3.5579587354231577e-02        -2.5502347326815448e-02        -1.7262510823053262e-05        -1.4768481003253292e-01        -9.7771374097992247e-02
10                                     4.3876971386379538e-06        -6.0896779343556987e-02         4.3428967258901006e-06        -7.0918290031947745e-02         3.0507024035516417e-02        -1.2306453477284055e-05        -4.6912271593611631e-02        -2.8906852933683863e-01
11                                     1.3152290152622122e-06         3.5518037800366068e-06        -7.2085439415664129e-03        -1.1802622334870913e-05        -1.8202600202816867e-06         5.8322919839914229e-03        -1.7209152247570956e-05        -2.7572204074115218e-05
12                                    -2.8972568626299055e-02        -7.1912470932040229e-02        -5.7570922046569151e-06        -4.4574915800595430e-02         2.5998990898134209e-02        -1.7839158390854536e-05         5.5090876055580273e-02         1.9417973683023115e-02
13                                    -3.1280759717270859e-02         3.1877585438069962e-02        -1.7044761398266154e-05         2.8620694840017669e-02        -1.5166843390014458e-02         8.4136136434833262e-06        -1.9428749888493201e-02        -5.4304446562241759e-02
14                                    -8.2821745682121853e-06        -2.8951546884531497e-05         6.7809818371718476e-03        -1.5933019947646916e-05         9.5339999671193352e-06        -6.6041907218275450e-03         1.4604363612180527e-05         1.4566582595852802e-05
15                                    -1.7752409570790301e-01        -5.4245703064600706e-02        -5.1816390429298314e-05         6.1551910199965656e-02        -2.0049719602957251e-02         2.1540402972341358e-05        -4.4573729231575702e-02        -2.8612969292835806e-02
16                                    -1.1372303002511165e-01        -2.7864635615500832e-01        -3.1375585839038722e-05         2.0046446285129527e-02        -5.7870737708357316e-02         1.0246294030709417e-05        -2.5994076640049830e-02        -1.5168640589214846e-02
17                                    -4.3315590362145205e-05        -2.5265053368491473e-06        -6.1785183949221757e-02         1.9715261405100403e-05        -1.0384324763260803e-06         7.9882675720922228e-03        -1.3991605275922835e-05        -6.7366335039658718e-06
18                                    -8.6572281590354490e-04        -1.1174764999696671e-06        -4.5144197702412890e-06         8.9403331073044153e-03        -5.3387321792807705e-03         1.4245359293720012e-05        -3.6932888581733533e-02        -2.1076691869522851e-02
19                                    -5.4924748495757027e-07        -5.4191824566656591e-03         4.0007303016597008e-06        -5.6630568217020264e-03        -7.2523008364147471e-03        -2.2723806122552234e-05        -2.7199836015312708e-02         1.3458522130491840e-02
20                                     4.6357807389911395e-06        -1.7565360707041747e-07        -1.9392146494470583e-03        -7.1566448170852001e-06        -8.5365505387857676e-06         9.6100392522018244e-03         2.4812067528925643e-06         1.8084384928860167e-05
21                                    -1.6468809538845903e-04         1.5115816683870047e-03         6.0373097312008667e-07        -1.4630640011154819e-04         1.4455695705913743e-03        -1.7410074548848283e-06        -2.6986583859750640e-03         2.1806276408644111e-03
22                                    -1.1025108500587605e-03         8.0341819897388964e-04        -2.6598154421097778e-06         2.9433407606840188e-03         8.7036422073642110e-04         1.0414282677577234e-05        -8.7984903950616995e-03        -7.1829318247542528e-03
23                                    -1.4213399493702936e-06         2.3671251623967576e-06         2.6443226806544863e-04         5.0388344272940284e-06        -4.3803480654551201e-08        -9.4085015128335565e-04        -1.9665732056971437e-06        -5.9943336791563668e-06
24                                    -1.6509717586280393e-04        -1.5120972680828190e-03         6.0567283263176132e-07        -3.2236834375281870e-03        -1.5976922956616488e-03        -3.2683563273098188e-06        -4.6900621937769546e-03         7.4793982994471354e-03
25                                     1.1033275181008247e-03         8.0411612816040970e-04        -4.6497022078191143e-07        -1.3570414693749588e-03         9.3351467813229823e-04         4.8170566483331350e-06        -2.5002554119211984e-04         3.3070005779392746e-03
26                                    -1.2771678773695190e-06        -1.9636646706400353e-06         2.6772322358509796e-04        -6.1125017547803720e-07         5.7356432446084741e-06        -1.5297234994433202e-03         1.0959075624236868e-05        -8.1103416059424149e-06
27                                    -3.3502094238460989e-01        -9.1102210753817475e-07        -1.4773881774831152e-04        -1.1527550786845028e-02        -2.6640156525397016e-03        -4.8425197737318427e-06         3.8893588744560829e-04         3.2713676615999249e-03
28                                    -1.3365276256952722e-06        -5.8924813063616896e-02         1.7354618450629616e-06         2.8288957106384148e-02         4.6372582046251623e-03         1.4578178242069132e-05         2.7190356229031608e-03        -4.6987039741994852e-03
29                                    -1.5080647982272031e-04         1.8182847614882401e-06        -3.7312153500049169e-02        -6.9741859423467195e-06        -5.2629945028716130e-06         3.1990176181728178e-03        -1.6067400799703944e-06         4.4287070034490847e-06
30                                     1.1726135401631964e-02         1.4960499117496445e-02         3.5210092188103878e-06        -1.2747491037578479e-01        -1.2008057408606082e-01        -4.3603505162572393e-05        -1.2296527019846702e-02        -2.8894507058647403e-02
31                                    -1.6094860125390732e-02        -1.8753309087131506e-02        -8.6203554543460571e-06        -1.2042331415157081e-01        -2.6703020856294052e-01        -5.6959019698633019e-05         1.9542404607388042e-03         3.7293239982188042e-03
32                                     3.5297679657119551e-06         1.0445704267779402e-05         2.4235511948413214e-03        -4.5092326352257679e-05        -6.0462949504255093e-05        -3.5723597812841637e-02        -3.3339480823468220e-06        -1.3406309612433136e-05
33                                    -5.4240007429624312e-03        -1.1139521106744246e-03        -4.5059937465045222e-06        -1.0104335246769167e-02         2.6968424802948796e-02        -1.1540104103219044e-06        -1.2708798299690238e-01         1.2463726588436835e-01
34                                    -9.9047682200123759e-04         1.4570152223020410e-03        -1.9945273750278513e-06        -2.1446142682814903e-03         5.5444335687524285e-03        -2.3346123395386685e-06         1.2347804751974206e-01        -2.7178482125114256e-01
35                                    -5.5612358884300013e-06        -3.3146949512344323e-06         7.8164020725620155e-03        -7.9315954014579045e-06         1.1409906953385832e-05         4.0329222285530250e-03        -1.7058567956713837e-05         2.7964155577774369e-05
36                                    -5.4244704856652075e-03         1.1152695998705902e-03        -4.8975037224536504e-06        -9.3952735428062773e-04         8.6405866648939559e-04        -4.8448496773086839e-07        -1.5923863990168303e-03         3.5781547920096610e-03
37                                     9.9064080316825943e-04         1.4565666548055803e-03         2.1960877967320027e-06         6.5822438882784428e-04         4.4527192932210886e-04        -2.1036351347017282e-07         4.2765726218492572e-03        -2.9064867544175716e-03
38                                    -5.5540268142177211e-06         4.1464404512774746e-06         7.8097180721824703e-03         2.2835228255009699e-06        -2.8890821028029763e-07        -8.4008635325692987e-04        -5.2011066756641092e-06        -2.6534412320058195e-06
39                                     1.1726640576702066e-02        -1.4960172654872966e-02         6.8282926251217459e-06        -8.7899679185903098e-04        -3.3274323288383758e-03        -3.5818591947401530e-06        -8.8097255098171039e-04        -8.9429568054771218e-04
40                                     1.6096827584866236e-02        -1.8754038869843361e-02         1.0902175624159053e-05        -4.2107844938947710e-03        -3.2485178554221041e-03        -6.6034108510571364e-07        -9.7917866710229683e-04         2.7980810579773937e-04
41                                     4.3086608099333689e-07        -8.0181221409122119e-06         2.4317266942143947e-03        -1.7573114060237476e-06        -6.6112342678116763e-07         7.1132189326851515e-03         2.3374565211987982e-07        -7.9106698310346414e-07
                                                         8                           9                          10                          11                          12                          13                          14                          15

0                                     -1.3503063536874217e-05        -2.4532466610845127e-04         4.3876971386379538e-06         1.3152290152622122e-06        -2.8972568626299055e-02        -3.1280759717270859e-02        -8.2821745682121853e-06        -1.7752409570790301e-01
1                                      2.5356622287644719e-05         1.3495007228637202e-06        -6.0896779343556987e-02         3.5518037800366068e-06        -7.1912470932040229e-02         3.1877585438069962e-02        -2.8951546884531497e-05        -5.4245703064600706e-02
2                                      6.7587014364616487e-03         1.6326428723124797e-06         4.3428967258901006e-06        -7.2085439415664129e-03        -5.7570922046569151e-06        -1.7044761398266154e-05         6.7809818371718476e-03        -5.1816390429298314e-05
3                                     -1.0952290286871385e-04        -3.5579587354231577e-02        -7.0918290031947745e-02        -1.1802622334870913e-05        -4.4574915800595430e-02         2.8620694840017669e-02        -1.5933019947646916e-05         6.1551910199965656e-02
4                                     -1.4656995112786454e-05        -2.5502347326815448e-02         3.0507024035516417e-02        -1.8202600202816867e-06         2.5998990898134209e-02        -1.5166843390014458e-02         9.5339999671193352e-06        -2.0049719602957251e-02
5                                     -6.1166747819127301e-02        -1.7262510823053262e-05        -1.2306453477284055e-05         5.8322919839914229e-03        -1.7839158390854536e-05         8.4136136434833262e-06        -6.6041907218275450e-03         2.1540402972341358e-05
6                                      1.6313071999498452e-04        -1.4768481003253292e-01        -4.6912271593611631e-02        -1.7209152247570956e-05         5.5090876055580273e-02        -1.9428749888493201e-02         1.4604363612180527e-05        -4.4573729231575702e-02
7                                     -2.1774372856973241e-05        -9.7771374097992247e-02        -2.8906852933683863e-01        -2.7572204074115218e-05         1.9417973683023115e-02        -5.4304446562241759e-02         1.4566582595852802e-05        -2.8612969292835806e-02
8                                      1.3470523223384198e-01        -2.1066421547833700e-05        -1.6644127064779256e-05        -6.2930643629491329e-02         1.1502173723620190e-05        -4.8037108535994509e-06         9.8983071219997734e-03        -1.1242126128958716e-05
9                                     -2.1066421547833700e-05         5.4090753990806795e-01        -2.9096293758027175e-06        -3.6284225290772603e-05        -1.4765798817839726e-01         9.7764827711544433e-02        -3.8714399184425595e-05        -3.5587829202842008e-02
10                                    -1.6644127064779256e-05        -2.9096293758027175e-06         7.4566757002103734e-01        -4.1869005128464861e-05         4.6930995052963116e-02        -2.8906107593948638e-01         5.3955223833060981e-05         7.0908724357352709e-02
11                                    -6.2930643629491329e-02        -3.6284225290772603e-05        -4.1869005128464861e-05         1.3990127146942191e-01        -2.6706406904724733e-05         6.2992652453516639e-05        -6.2927644815252287e-02        -2.3369925178359622e-05
12                                     1.1502173723620190e-05        -1.4765798817839726e-01         4.6930995052963116e-02        -2.6706406904724733e-05         6.9265867410513726e-01         4.5377918383888702e-02         1.5693410789999703e-04        -3.4075321853432555e-01
13                                    -4.8037108535994509e-06         9.7764827711544433e-02        -2.8906107593948638e-01         6.2992652453516639e-05         4.5377918383888702e-02         7.2111682259432219e-01        -7.4962165424079184e-05        -3.0939803942284766e-02
14                                     9.8983071219997734e-03        -3.8714399184425595e-05         5.3955223833060981e-05        -6.2927644815252287e-02         1.5693410789999703e-04        -7.4962165424079184e-05         1.3476494818843515e-01        -1.0643526362839293e-04
15                                    -1.1242126128958716e-05        -3.5587829202842008e-02         7.0908724357352709e-02        -2.3369925178359622e-05        -3.4075321853432555e-01        -3.0939803942284766e-02        -1.0643526362839293e-04         6.8224215915029829e-01
