
$orca_hessian_file

$act_atom
  0

$act_coord
  0

$act_energy
        0.000000

$multiplicity
  1

$hessian
42
                    0                  1                  2                  3                  4        
    0      7.3685898474E-01  -6.1356055982E-06   2.8320410799E-04  -1.7753473094E-01   1.1373240975E-01
    1     -6.1356055982E-06   6.5176629055E-01  -4.1982870726E-05   5.4257335082E-02  -2.7865139820E-01
    2      2.8320410799E-04  -4.1982870726E-05   1.3544903287E-01  -6.2138525408E-05   6.8101647870E-05
    3     -1.7753473094E-01   5.4257335082E-02  -6.2138525408E-05   6.8227837566E-01   3.9019047581E-02
    4      1.1373240975E-01  -2.7865139820E-01   6.8101647870E-05   3.9019047581E-02   7.1496685569E-01
    5     -6.2806755563E-05   3.9106170557E-05  -6.1757173625E-02   2.3988582783E-04  -6.0071293779E-07
    6     -2.8970119078E-02   7.1906542865E-02  -1.5614630884E-05  -3.4078607448E-01  -2.9525643367E-02
    7      3.1272047864E-02   3.1880884986E-02   1.3004793342E-05   3.0940710759E-02  -1.2868471578E-01
    8     -1.3503063537E-05   2.5356622288E-05   6.7587014365E-03  -1.0952290287E-04  -1.4656995113E-05
    9     -2.4532466611E-04   1.3495007229E-06   1.6326428723E-06  -3.5579587354E-02  -2.5502347327E-02
   10      4.3876971386E-06  -6.0896779344E-02   4.3428967259E-06  -7.0918290032E-02   3.0507024036E-02
   11      1.3152290153E-06   3.5518037800E-06  -7.2085439416E-03  -1.1802622335E-05  -1.8202600203E-06
   12     -2.8972568626E-02  -7.1912470932E-02  -5.7570922047E-06  -4.4574915801E-02   2.5998990898E-02
   13     -3.1280759717E-02   3.1877585438E-02  -1.7044761398E-05   2.8620694840E-02  -1.5166843390E-02
   14     -8.2821745682E-06  -2.8951546885E-05   6.7809818372E-03  -1.5933019948E-05   9.5339999671E-06
   15     -1.7752409571E-01  -5.4245703065E-02  -5.1816390429E-05   6.1551910200E-02  -2.0049719603E-02
   16     -1.1372303003E-01  -2.7864635616E-01  -3.1375585839E-05   2.0046446285E-02  -5.7870737708E-02
   17     -4.3315590362E-05  -2.5265053368E-06  -6.1785183949E-02   1.9715261405E-05  -1.0384324763E-06
   18     -8.6572281590E-04  -1.1174765000E-06  -4.5144197702E-06   8.9403331073E-03  -5.3387321793E-03
   19     -5.4924748496E-07  -5.4191824567E-03   4.0007303017E-06  -5.6630568217E-03  -7.2523008364E-03
   20      4.6357807390E-06  -1.7565360707E-07  -1.9392146494E-03  -7.1566448171E-06  -8.5365505388E-06
   21     -1.6468809539E-04   1.5115816684E-03   6.0373097312E-07  -1.4630640011E-04   1.4455695706E-03
   22     -1.1025108501E-03   8.0341819897E-04  -2.6598154421E-06   2.9433407607E-03   8.7036422074E-04
   23     -1.4213399494E-06   2.3671251624E-06   2.6443226807E-04   5.0388344273E-06  -4.3803480655E-08
   24     -1.6509717586E-04  -1.5120972681E-03   6.0567283263E-07  -3.2236834375E-03  -1.5976922957E-03
   25      1.1033275181E-03   8.0411612816E-04  -4.6497022078E-07  -1.3570414694E-03   9.3351467813E-04
   26     -1.2771678774E-06  -1.9636646706E-06   2.6772322359E-04  -6.1125017548E-07   5.7356432446E-06
   27     -3.3502094238E-01  -9.1102210754E-07  -1.4773881775E-04  -1.1527550787E-02  -2.6640156525E-03
   28     -1.3365276257E-06  -5.8924813064E-02   1.7354618451E-06   2.8288957106E-02   4.6372582046E-03
   29     -1.5080647982E-04   1.8182847615E-06  -3.7312153500E-02  -6.9741859423E-06  -5.2629945029E-06
   30      1.1726135402E-02   1.4960499117E-02   3.5210092188E-06  -1.2747491038E-01  -1.2008057409E-01
   31     -1.6094860125E-02  -1.8753309087E-02  -8.6203554543E-06  -1.2042331415E-01  -2.6703020856E-01
   32      3.5297679657E-06   1.0445704268E-05   2.4235511948E-03  -4.5092326352E-05  -6.0462949504E-05
   33     -5.4240007430E-03  -1.1139521107E-03  -4.5059937465E-06  -1.0104335247E-02   2.6968424803E-02
   34     -9.9047682200E-04   1.4570152223E-03  -1.9945273750E-06  -2.1446142683E-03   5.5444335688E-03
   35     -5.5612358884E-06  -3.3146949512E-06   7.8164020726E-03  -7.9315954015E-06   1.1409906953E-05
   36     -5.4244704857E-03   1.1152695999E-03  -4.8975037225E-06  -9.3952735428E-04   8.6405866649E-04
   37      9.9064080317E-04   1.4565666548E-03   2.1960877967E-06   6.5822438883E-04   4.4527192932E-04
   38     -5.5540268142E-06   4.1464404513E-06   7.8097180722E-03   2.2835228255E-06  -2.8890821028E-07
   39      1.1726640577E-02  -1.4960172655E-02   6.8282926251E-06  -8.7899679186E-04  -3.3274323288E-03
   40      1.6096827585E-02  -1.8754038870E-02   1.0902175624E-05  -4.2107844939E-03  -3.2485178554E-03
   41      4.3086608099E-07  -8.0181221409E-06   2.4317266942E-03  -1.7573114060E-06  -6.6112342678E-07
                    5                  6                  7                  8                  9        
    0     -6.2806755563E-05  -2.8970119078E-02   3.1272047864E-02  -1.3503063537E-05  -2.4532466611E-04
    1      3.9106170557E-05   7.1906542865E-02   3.1880884986E-02   2.5356622288E-05   1.3495007229E-06
    2     -6.1757173625E-02  -1.5614630884E-05   1.3004793342E-05   6.7587014365E-03   1.6326428723E-06
    3      2.3988582783E-04  -3.4078607448E-01   3.0940710759E-02  -1.0952290287E-04  -3.5579587354E-02
    4     -6.0071293779E-07  -2.9525643367E-02  -1.2868471578E-01  -1.4656995113E-05  -2.5502347327E-02
    5      1.3078661240E-01  -1.1709048385E-04   6.8112455507E-06  -6.1166747819E-02  -1.7262510823E-05
    6     -1.1709048385E-04   6.9271439901E-01  -4.5386937784E-02   1.6313071999E-04  -1.4768481003E-01
    7      6.8112455507E-06  -4.5386937784E-02   7.2114373627E-01  -2.1774372857E-05  -9.7771374098E-02
    8     -6.1166747819E-02   1.6313071999E-04  -2.1774372857E-05   1.3470523223E-01  -2.1066421548E-05
    9     -1.7262510823E-05  -1.4768481003E-01  -9.7771374098E-02  -2.1066421548E-05   5.4090753991E-01
   10     -1.2306453477E-05  -4.6912271594E-02  -2.8906852934E-01  -1.6644127065E-05  -2.9096293758E-06
   11      5.8322919840E-03  -1.7209152248E-05  -2.7572204074E-05  -6.2930643629E-02  -3.6284225291E-05
   12     -1.7839158391E-05   5.5090876056E-02   1.9417973683E-02   1.1502173724E-05  -1.4765798818E-01
   13      8.4136136435E-06  -1.9428749888E-02  -5.4304446562E-02  -4.8037108536E-06   9.7764827712E-02
   14     -6.6041907218E-03   1.4604363612E-05   1.4566582596E-05   9.8983071220E-03  -3.8714399184E-05
   15      2.1540402972E-05  -4.4573729232E-02  -2.8612969293E-02  -1.1242126129E-05  -3.5587829203E-02
   16      1.0246294031E-05  -2.5994076640E-02  -1.5168640589E-02  -7.8512109708E-06   2.5501315885E-02
   17      7.9882675721E-03  -1.3991605276E-05  -6.7366335040E-06  -6.6076950949E-03  -2.1017758224E-05
   18      1.4245359294E-05  -3.6932888582E-02  -2.1076691870E-02   8.7132501090E-06  -1.1608483096E-01
   19     -2.2723806123E-05  -2.7199836015E-02   1.3458522130E-02  -9.9857830834E-06   1.0910914705E-05
   20      9.6100392522E-03   2.4812067529E-06   1.8084384929E-05  -2.5079218269E-03   9.2601236497E-05
   21     -1.7410074549E-06  -2.6986583860E-03   2.1806276409E-03   4.3533705144E-06  -3.6814683091E-02
   22      1.0414282678E-05  -8.7984903951E-03  -7.1829318248E-03   1.1779927133E-05   3.5596792485E-02
   23     -9.4085015128E-04  -1.9665732057E-06  -5.9943336792E-06   1.4718857837E-03   2.1371474050E-05
   24     -3.2683563273E-06  -4.6900621938E-03   7.4793982994E-03   5.5773109375E-06  -3.6817771020E-02
   25      4.8170566483E-06  -2.5002554119E-04   3.3070005779E-03   5.4279158193E-06  -3.5601065402E-02
   26     -1.5297234994E-03   1.0959075624E-05  -8.1103416059E-06   3.3436454341E-03   1.6758580094E-05
   27     -4.8425197737E-06   3.8893588745E-04   3.2713676616E-03  -4.2912559475E-06   1.1446724520E-03
   28      1.4578178242E-05   2.7190356229E-03  -4.6987039742E-03   1.7637930422E-06  -2.5265781815E-07
   29      3.1990176182E-03  -1.6067400800E-06   4.4287070034E-06   7.5477926886E-03   2.5053511039E-06
   30     -4.3603505163E-05  -1.2296527020E-02  -2.8894507059E-02  -6.4020113261E-06  -5.2192754614E-03
   31     -5.6959019699E-05   1.9542404607E-03   3.7293239982E-03   2.0999651240E-06   5.1621152793E-04
   32     -3.5723597813E-02  -3.3339480823E-06  -1.3406309612E-05   2.4681557921E-03  -4.6978002333E-06
   33     -1.1540104103E-06  -1.2708798300E-01   1.2463726588E-01  -2.4281206946E-05   1.2431368837E-02
   34     -2.3346123395E-06   1.2347804752E-01  -2.7178482125E-01   2.8421120554E-05   1.4995231561E-02
   35      4.0329222286E-03  -1.7058567957E-05   2.7964155578E-05  -3.7073242147E-02   3.2245653480E-06
   36     -4.8448496773E-07  -1.5923863990E-03   3.5781547920E-03  -1.4729002111E-06   1.2427065658E-02
   37     -2.1036351347E-07   4.2765726218E-03  -2.9064867544E-03   3.7675777656E-06  -1.4994207307E-02
   38     -8.4008635326E-04  -5.2011066757E-06  -2.6534412320E-06   4.8827907842E-03   7.2304107951E-06
   39     -3.5818591947E-06  -8.8097255098E-04  -8.9429568055E-04   1.6875986007E-07  -5.2185468878E-03
   40     -6.6034108511E-07  -9.7917866710E-04   2.7980810580E-04  -7.2188723483E-07  -5.1410477331E-04
   41      7.1132189327E-03   2.3374565212E-07  -7.9106698310E-07  -7.9026075785E-04  -4.9345341644E-06
                   10                 11                 12                 13                 14        
    0      4.3876971386E-06   1.3152290153E-06  -2.8972568626E-02  -3.1280759717E-02  -8.2821745682E-06
    1     -6.0896779344E-02   3.5518037800E-06  -7.1912470932E-02   3.1877585438E-02  -2.8951546885E-05
    2      4.3428967259E-06  -7.2085439416E-03  -5.7570922047E-06  -1.7044761398E-05   6.7809818372E-03
    3     -7.0918290032E-02  -1.1802622335E-05  -4.4574915801E-02   2.8620694840E-02  -1.5933019948E-05
    4      3.0507024036E-02  -1.8202600203E-06   2.5998990898E-02  -1.5166843390E-02   9.5339999671E-06
    5     -1.2306453477E-05   5.8322919840E-03  -1.7839158391E-05   8.4136136435E-06  -6.6041907218E-03
    6     -4.6912271594E-02  -1.7209152248E-05   5.5090876056E-02  -1.9428749888E-02   1.4604363612E-05
    7     -2.8906852934E-01  -2.7572204074E-05   1.9417973683E-02  -5.4304446562E-02   1.4566582596E-05
    8     -1.6644127065E-05  -6.2930643629E-02   1.1502173724E-05  -4.8037108536E-06   9.8983071220E-03
    9     -2.9096293758E-06  -3.6284225291E-05  -1.4765798818E-01   9.7764827712E-02  -3.8714399184E-05
   10      7.4566757002E-01  -4.1869005128E-05   4.6930995053E-02  -2.8906107594E-01   5.3955223833E-05
   11     -4.1869005128E-05   1.3990127147E-01  -2.6706406905E-05   6.2992652454E-05  -6.2927644815E-02
   12      4.6930995053E-02  -2.6706406905E-05   6.9265867411E-01   4.5377918384E-02   1.5693410790E-04
   13     -2.8906107594E-01   6.2992652454E-05   4.5377918384E-02   7.2111682259E-01  -7.4962165424E-05
   14      5.3955223833E-05  -6.2927644815E-02   1.5693410790E-04  -7.4962165424E-05   1.3476494819E-01
   15      7.0908724357E-02  -2.3369925178E-05  -3.4075321853E-01  -3.0939803942E-02  -1.0643526363E-04
   16      3.0507987918E-02  -9.3490514163E-07   2.9528989995E-02  -1.2867830182E-01   2.5783089900E-05
   17      7.1811860389E-06   5.8587372359E-03  -1.2286454659E-04   4.5098063103E-06  -6.1228715089E-02
   18     -2.7446504985E-06  -2.0750782751E-05  -3.6935573336E-02   2.1084718092E-02   6.9874162828E-06
   19     -1.0659540393E-01  -2.6452437816E-06   2.7188172746E-02   1.3464630639E-02   6.7765011707E-06
   20      4.0336430013E-06  -7.9402018944E-02  -4.4480402853E-06  -2.0080624934E-05  -2.5514492837E-03
   21      4.9094737837E-02   6.7162814364E-05  -4.6892711988E-03  -7.4800876597E-03   7.2560219287E-06
   22     -1.2576044011E-02  -5.0358622686E-05   2.4369895986E-04   3.3040641687E-03  -5.1896231052E-06
   23     -4.6081174999E-05   1.8734043654E-02   1.2149137479E-05   8.4662628281E-06   3.3409488019E-03
   24     -4.9095177787E-02   6.4740313588E-05  -2.7047046804E-03  -2.1850984375E-03   3.2694688542E-06
   25     -1.2596511639E-02   5.2300220005E-05   8.8093877608E-03  -7.1868662319E-03  -9.8675938643E-06
   26      4.3240170438E-05   1.8695251206E-02  -1.7993325183E-06   7.2520760031E-06   1.4930023326E-03
   27     -1.5094554940E-07   4.8367207326E-06   3.8828996489E-04  -3.2715948018E-03  -3.6229871965E-06
   28     -1.8206814251E-03   1.6613128800E-07  -2.7189490742E-03  -4.6983474018E-03   2.6275341552E-07
   29      2.7109084975E-07  -1.6964676416E-04  -1.1318069642E-06  -2.5316129553E-06   7.5487251455E-03
   30      1.8086136353E-03  -2.8962930140E-06  -8.8018775752E-04   8.9511077030E-04   2.9395855881E-08
   31      1.7705212602E-03   1.4678934675E-06   9.7890214873E-04   2.7956326126E-04   5.1739690281E-07
   32      2.4136592431E-06   7.6750981807E-03   2.2984225622E-07   5.8303283857E-07  -7.9836269137E-04
   33     -1.1813301366E-02   2.4000616366E-06  -1.5911030188E-03  -3.5780383533E-03  -8.6438020879E-07
   34     -1.8802167938E-02   3.6833686202E-06  -4.2758731083E-03  -2.9072676537E-03  -2.6507195001E-06
   35     -1.0072481640E-05   4.1331508196E-03  -3.8997763384E-06   3.7052321013E-06   4.8939229057E-03
   36      1.1807261206E-02   1.4817451746E-07  -1.2708059711E-01  -1.2461819646E-01  -2.6118354880E-06
   37     -1.8804793581E-02   9.0646148837E-07  -1.2347183999E-01  -2.7176917978E-01   1.1070994191E-05
   38      1.3482177919E-05   4.1440292534E-03   4.1409263184E-06   1.2018514071E-05  -3.7090362117E-02
   39     -1.8102521741E-03  -2.9305174252E-06  -1.2297711883E-02   2.8898347196E-02  -1.1170197176E-05
   40      1.7688839148E-03  -3.4046428768E-07  -1.9551842542E-03   3.7296626810E-03  -2.5294483803E-06
   41     -1.4746317225E-06   7.6646242911E-03  -1.9565445163E-06   1.3166240498E-05   2.4798883849E-03
                   15                 16                 17                 18                 19        
    0     -1.7752409571E-01  -1.1372303003E-01  -4.3315590362E-05  -8.6572281590E-04  -5.4924748496E-07
    1     -5.4245703065E-02  -2.7864635616E-01  -2.5265053368E-06  -1.1174765000E-06  -5.4191824567E-03
    2     -5.1816390429E-05  -3.1375585839E-05  -6.1785183949E-02  -4.5144197702E-06   4.0007303017E-06
    3      6.1551910200E-02   2.0046446285E-02   1.9715261405E-05   8.9403331073E-03  -5.6630568217E-03
    4     -2.0049719603E-02  -5.7870737708E-02  -1.0384324763E-06  -5.3387321793E-03  -7.2523008364E-03
    5      2.1540402972E-05   1.0246294031E-05   7.9882675721E-03   1.4245359294E-05  -2.2723806123E-05
    6     -4.4573729232E-02  -2.5994076640E-02  -1.3991605276E-05  -3.6932888582E-02  -2.7199836015E-02
    7     -2.8612969293E-02  -1.5168640589E-02  -6.7366335040E-06  -2.1076691870E-02   1.3458522130E-02
    8     -1.1242126129E-05  -7.8512109708E-06  -6.6076950949E-03   8.7132501090E-06  -9.9857830834E-06
    9     -3.5587829203E-02   2.5501315885E-02  -2.1017758224E-05  -1.1608483096E-01   1.0910914705E-05
   10      7.0908724357E-02   3.0507987918E-02   7.1811860389E-06  -2.7446504985E-06  -1.0659540393E-01
   11     -2.3369925178E-05  -9.3490514163E-07   5.8587372359E-03  -2.0750782751E-05  -2.6452437816E-06
   12     -3.4075321853E-01   2.9528989995E-02  -1.2286454659E-04  -3.6935573336E-02   2.7188172746E-02
   13     -3.0939803942E-02  -1.2867830182E-01   4.5098063103E-06   2.1084718092E-02   1.3464630639E-02
   14     -1.0643526363E-04   2.5783089900E-05  -6.1228715089E-02   6.9874162828E-06   6.7765011707E-06
   15      6.8224215915E-01  -3.9022777318E-02   2.4973676279E-04   8.9422867867E-03   5.6625439941E-03
   16     -3.9022777318E-02   7.1495064631E-01  -9.7578367691E-05   5.3390371804E-03  -7.2547582955E-03
   17      2.4973676279E-04  -9.7578367691E-05   1.3085088367E-01   1.2551245857E-05   2.2934999885E-05
   18      8.9422867867E-03   5.3390371804E-03   1.2551245857E-05   6.3031645845E-01  -1.0739209174E-04
   19      5.6625439941E-03  -7.2547582955E-03   2.2934999885E-05  -1.0739209174E-04   8.6763353349E-01
   20     -7.1205337024E-06   1.1546449892E-05   9.6204318251E-03  -4.8707361662E-04   2.4860947071E-05
   21     -3.2235588846E-03   1.5982677979E-03  -4.2871532792E-06  -2.3037317228E-01   1.5745100685E-01
   22      1.3566958980E-03   9.3417280596E-04  -3.4401595743E-06   1.4836186175E-01  -3.8058062179E-01
   23     -6.5929279927E-07  -6.6774750077E-06  -1.5282712531E-03   2.4830033375E-04  -3.0715556929E-04
   24     -1.4585099380E-04  -1.4455002545E-03  -1.0491835708E-06  -2.3030394101E-01  -1.5734700515E-01
   25     -2.9427135738E-03   8.7118667205E-04  -9.8555093229E-06  -1.4825935600E-01  -3.8033340678E-01
   26      4.5541017552E-06  -6.3851025066E-07  -9.4502908683E-04   2.3849253736E-04   2.8481958689E-04
   27     -1.1527408532E-02   2.6633437680E-03  -6.4815727271E-06  -1.0153862656E-04   6.2388370971E-07
   28     -2.8289247325E-02   4.6371335040E-03  -1.4757977584E-05   6.6450757035E-08  -5.6393848175E-04
   29     -2.3847710102E-06   5.0736386999E-06   3.1991095848E-03  -4.4465824645E-06  -3.7100125383E-07
   30     -8.7890103540E-04   3.3270707096E-03  -3.9887805024E-06   4.1620331577E-04  -1.9743493322E-03
   31      4.2107792121E-03  -3.2482507998E-03   2.7478576302E-06   5.2543824173E-04   2.0724583033E-04
   32     -2.8454955901E-06   2.4254513807E-06   7.1212712878E-03  -6.6471670378E-07  -1.6036710687E-07
   33     -9.3966084030E-04  -8.6456450524E-04  -5.3355584731E-07   1.2814007812E-03  -8.3273251975E-04
   34     -6.5866148231E-04   4.4585425311E-04   5.3730284840E-07   3.1541294462E-03  -3.4826656064E-03
   35      2.1305509310E-06   3.5015396859E-07  -8.4937430938E-04  -3.6442980454E-06  -1.4086714162E-05
   36     -1.0104914654E-02  -2.6973268611E-02   3.2389618159E-06   1.2846480936E-03   8.3857831779E-04
   37      2.1452102233E-03   5.5439360148E-03   2.3268222425E-06  -3.1550725029E-03  -3.4891233967E-03
   38     -9.5663553917E-06  -1.1872083310E-05   4.0410765946E-03  -3.6558000599E-06   8.7832972097E-06
   39     -1.2747718852E-01   1.2007643843E-01  -6.4525670865E-05   4.1633707923E-04   1.9747769034E-03
   40      1.2041994922E-01  -2.6702387211E-01   9.7004218974E-05  -5.2583682571E-04   2.0746948737E-04
   41     -6.5708479222E-05   1.0019445190E-04  -3.5735508990E-02  -9.0149437998E-07  -7.7179248541E-07
                   20                 21                 22                 23                 24        
    0      4.6357807390E-06  -1.6468809539E-04  -1.1025108501E-03  -1.4213399494E-06  -1.6509717586E-04
    1     -1.7565360707E-07   1.5115816684E-03   8.0341819897E-04   2.3671251624E-06  -1.5120972681E-03
    2     -1.9392146494E-03   6.0373097312E-07  -2.6598154421E-06   2.6443226807E-04   6.0567283263E-07
    3     -7.1566448171E-06  -1.4630640011E-04   2.9433407607E-03   5.0388344273E-06  -3.2236834375E-03
    4     -8.5365505388E-06   1.4455695706E-03   8.7036422074E-04  -4.3803480655E-08  -1.5976922957E-03
    5      9.6100392522E-03  -1.7410074549E-06   1.0414282678E-05  -9.4085015128E-04  -3.2683563273E-06
    6      2.4812067529E-06  -2.6986583860E-03  -8.7984903951E-03  -1.9665732057E-06  -4.6900621938E-03
    7      1.8084384929E-05   2.1806276409E-03  -7.1829318248E-03  -5.9943336792E-06   7.4793982994E-03
    8     -2.5079218269E-03   4.3533705144E-06   1.1779927133E-05   1.4718857837E-03   5.5773109375E-06
    9      9.2601236497E-05  -3.6814683091E-02   3.5596792485E-02   2.1371474050E-05  -3.6817771020E-02
   10      4.0336430013E-06   4.9094737837E-02  -1.2576044011E-02  -4.6081174999E-05  -4.9095177787E-02
   11     -7.9402018944E-02   6.7162814364E-05  -5.0358622686E-05   1.8734043654E-02   6.4740313588E-05
   12     -4.4480402853E-06  -4.6892711988E-03   2.4369895986E-04   1.2149137479E-05  -2.7047046804E-03
   13     -2.0080624934E-05  -7.4800876597E-03   3.3040641687E-03   8.4662628281E-06  -2.1850984375E-03
   14     -2.5514492837E-03   7.2560219287E-06  -5.1896231052E-06   3.3409488019E-03   3.2694688542E-06
   15     -7.1205337024E-06  -3.2235588846E-03   1.3566958980E-03  -6.5929279927E-07  -1.4585099380E-04
   16      1.1546449892E-05   1.5982677979E-03   9.3417280596E-04  -6.6774750077E-06  -1.4455002545E-03
   17      9.6204318251E-03  -4.2871532792E-06  -3.4401595743E-06  -1.5282712531E-03  -1.0491835708E-06
   18     -4.8707361662E-04  -2.3037317228E-01   1.4836186175E-01   2.4830033375E-04  -2.3030394101E-01
   19      2.4860947071E-05   1.5745100685E-01  -3.8058062179E-01  -3.0715556929E-04  -1.5734700515E-01
   20      2.3734316710E-01   2.1156406425E-04  -2.2770667852E-04  -8.0731371392E-02   1.9838233016E-04
   21      2.1156406425E-04   2.3706550511E-01  -1.9168118726E-01  -2.6705830519E-04   4.6831950187E-02
   22     -2.2770667852E-04  -1.9168118726E-01   5.1387256310E-01   3.1396779222E-04   1.4734846271E-02
   23     -8.0731371392E-02  -2.6705830519E-04   3.1396779222E-04   3.1760211277E-02  -1.9451979932E-05
   24      1.9838233016E-04   4.6831950187E-02   1.4734846271E-02  -1.9451979932E-05   2.3701033167E-01
   25      2.0492359317E-04  -1.4742865021E-02  -1.2425928082E-01   3.4474502878E-05   1.9159181119E-01
   26     -8.0665536053E-02  -2.0830371757E-05  -4.6224017600E-05   2.7506760897E-02  -2.5092868205E-04
   27     -4.2532492787E-07  -1.1764183177E-04  -6.8631923247E-05   1.3068436412E-07  -1.1768790319E-04
   28     -1.8242907588E-07   4.9960015887E-05   4.0164591331E-04   3.1186757458E-07  -4.9987202585E-05
   29     -1.7262388930E-03   2.1537757383E-07  -6.8860302008E-08   1.5940501835E-04   1.6537496432E-07
   30     -3.8362932406E-06  -1.9148879148E-04   2.9333986984E-04   1.1249144360E-06  -1.0675591750E-03
   31     -1.0755588728E-06  -1.6109661918E-04   4.4870614913E-05   4.6398334521E-07  -1.1147942036E-05
   32      9.0365021942E-04   2.4387909355E-07  -6.0596478393E-07   4.9429035977E-06  -1.3616702656E-06
   33      2.3801435905E-07  -4.8198656589E-03  -5.3176350833E-04   3.2442453141E-06   4.0912640480E-04
   34     -1.3131140953E-06   5.4325290214E-04   3.1854938998E-03   1.4755215945E-06  -1.2236505496E-04
   35     -4.4314519377E-03   1.7943785417E-06   5.1984237386E-06   2.5956600186E-05   9.8297149248E-07
   36      6.6664436062E-07   4.0948475611E-04  -1.5872543881E-03  -1.7255445787E-06  -4.8236604840E-03
   37      2.2751776608E-07   1.2208407806E-04   1.1959943180E-03   1.6907520860E-06  -5.4289121158E-04
   38     -4.4252443145E-03   9.6136444767E-07  -3.6449564402E-06   4.1974399945E-04   1.5319600620E-06
   39     -4.1472553907E-06  -1.0676054333E-03   2.9625721578E-04   2.1463363125E-06  -1.9139018839E-04
   40      1.1182885757E-06   1.1153317790E-05  -1.3708787868E-05   1.2028631215E-07   1.6117559735E-04
   41      9.0315889475E-04  -1.4610884758E-06   1.1525351397E-06  -4.8783840690E-04   2.4309922894E-07
                   25                 26                 27                 28                 29        
    0      1.1033275181E-03  -1.2771678774E-06  -3.3502094238E-01  -1.3365276257E-06  -1.5080647982E-04
    1      8.0411612816E-04  -1.9636646706E-06  -9.1102210754E-07  -5.8924813064E-02   1.8182847615E-06
    2     -4.6497022078E-07   2.6772322359E-04  -1.4773881775E-04   1.7354618451E-06  -3.7312153500E-02
    3     -1.3570414694E-03  -6.1125017548E-07  -1.1527550787E-02   2.8288957106E-02  -6.9741859423E-06
    4      9.3351467813E-04   5.7356432446E-06  -2.6640156525E-03   4.6372582046E-03  -5.2629945029E-06
    5      4.8170566483E-06  -1.5297234994E-03  -4.8425197737E-06   1.4578178242E-05   3.1990176182E-03
    6     -2.5002554119E-04   1.0959075624E-05   3.8893588745E-04   2.7190356229E-03  -1.6067400800E-06
    7      3.3070005779E-03  -8.1103416059E-06   3.2713676616E-03  -4.6987039742E-03   4.4287070034E-06
    8      5.4279158193E-06   3.3436454341E-03  -4.2912559475E-06   1.7637930422E-06   7.5477926886E-03
    9     -3.5601065402E-02   1.6758580094E-05   1.1446724520E-03  -2.5265781815E-07   2.5053511039E-06
   10     -1.2596511639E-02   4.3240170438E-05  -1.5094554940E-07  -1.8206814251E-03   2.7109084975E-07
   11      5.2300220005E-05   1.8695251206E-02   4.8367207326E-06   1.6613128800E-07  -1.6964676416E-04
   12      8.8093877608E-03  -1.7993325183E-06   3.8828996489E-04  -2.7189490742E-03  -1.1318069642E-06
   13     -7.1868662319E-03   7.2520760031E-06  -3.2715948018E-03  -4.6983474018E-03  -2.5316129553E-06
   14     -9.8675938643E-06   1.4930023326E-03  -3.6229871965E-06   2.6275341552E-07   7.5487251455E-03
   15     -2.9427135738E-03   4.5541017552E-06  -1.1527408532E-02  -2.8289247325E-02  -2.3847710102E-06
   16      8.7118667205E-04  -6.3851025066E-07   2.6633437680E-03   4.6371335040E-03   5.0736386999E-06
   17     -9.8555093229E-06  -9.4502908683E-04  -6.4815727271E-06  -1.4757977584E-05   3.1991095848E-03
   18     -1.4825935600E-01   2.3849253736E-04  -1.0153862656E-04   6.6450757035E-08  -4.4465824645E-06
   19     -3.8033340678E-01   2.8481958689E-04   6.2388370971E-07  -5.6393848175E-04  -3.7100125383E-07
   20      2.0492359317E-04  -8.0665536053E-02  -4.2532492787E-07  -1.8242907588E-07  -1.7262388930E-03
   21     -1.4742865021E-02  -2.0830371757E-05  -1.1764183177E-04   4.9960015887E-05   2.1537757383E-07
   22     -1.2425928082E-01  -4.6224017600E-05  -6.8631923247E-05   4.0164591331E-04  -6.8860302008E-08
   23      3.4474502878E-05   2.7506760897E-02   1.3068436412E-07   3.1186757458E-07   1.5940501835E-04
   24      1.9159181119E-01  -2.5092868205E-04  -1.1768790319E-04  -4.9987202585E-05   1.6537496432E-07
   25      5.1364262358E-01  -2.8178834645E-04   6.8294762688E-05   4.0168049949E-04   1.9707579311E-07
   26     -2.8178834645E-04   3.1712749411E-02   1.0114529924E-07  -2.9364437152E-07   1.5910366546E-04
   27      6.8294762688E-05   1.0114529924E-07   3.5621457624E-01   1.7344986516E-06   1.6018269208E-04
   28      4.0168049949E-04  -2.9364437152E-07   1.7344986516E-06   5.8398783103E-02  -2.8232939669E-06
   29      1.9707579311E-07   1.5910366546E-04   1.6018269208E-04  -2.8232939669E-06   2.5242387554E-02
   30     -2.9643876235E-04   2.0947662589E-06   7.3030504264E-04  -4.2533248336E-04   2.1446951747E-06
   31     -1.3723202102E-05  -1.3579832995E-07   8.8506244612E-05   9.5074774316E-04   1.1026641187E-07
   32     -7.4434668714E-07  -4.8844062427E-04   2.0091937817E-06  -6.2149253796E-07  -3.7566554720E-03
   33      1.5845559008E-03  -1.2790420630E-06  -5.9214293419E-04   1.3085198315E-03  -9.9283405508E-07
   34      1.1950519476E-03  -1.6443376820E-06  -2.4321207644E-04   1.6426112781E-04   3.6305641511E-07
   35      4.7817006179E-06   4.2091351525E-04  -1.2017300744E-07   4.8072767536E-07  -1.6715229269E-04
   36      5.2729527892E-04   3.0918050581E-06  -5.9221471104E-04  -1.3085216210E-03  -7.5894153770E-07
   37      3.1897776338E-03  -1.6298367539E-06   2.4318978418E-04   1.6424865611E-04  -3.6150533021E-07
   38     -3.3585254555E-06   2.4926845736E-05   4.9031298417E-08  -4.5936676582E-07  -1.6782707855E-04
   39     -2.9343540097E-04   1.2352050074E-06   7.3034812766E-04   4.2532366106E-04   2.0631511901E-06
   40      4.4836962621E-05  -5.2056602493E-07  -8.8514477596E-05   9.5072559450E-04  -8.9487152093E-07
   41      1.0588142385E-06   4.6527327630E-06   2.0388835715E-06  -1.0868888273E-07  -3.7558672747E-03
                   30                 31                 32                 33                 34        
    0      1.1726135402E-02  -1.6094860125E-02   3.5297679657E-06  -5.4240007430E-03  -9.9047682200E-04
    1      1.4960499117E-02  -1.8753309087E-02   1.0445704268E-05  -1.1139521107E-03   1.4570152223E-03
    2      3.5210092188E-06  -8.6203554543E-06   2.4235511948E-03  -4.5059937465E-06  -1.9945273750E-06
    3     -1.2747491038E-01  -1.2042331415E-01  -4.5092326352E-05  -1.0104335247E-02  -2.1446142683E-03
    4     -1.2008057409E-01  -2.6703020856E-01  -6.0462949504E-05   2.6968424803E-02   5.5444335688E-03
    5     -4.3603505163E-05  -5.6959019699E-05  -3.5723597813E-02  -1.1540104103E-06  -2.3346123395E-06
    6     -1.2296527020E-02   1.9542404607E-03  -3.3339480823E-06  -1.2708798300E-01   1.2347804752E-01
    7     -2.8894507059E-02   3.7293239982E-03  -1.3406309612E-05   1.2463726588E-01  -2.7178482125E-01
    8     -6.4020113261E-06   2.0999651240E-06   2.4681557921E-03  -2.4281206946E-05   2.8421120554E-05
    9     -5.2192754614E-03   5.1621152793E-04  -4.6978002333E-06   1.2431368837E-02   1.4995231561E-02
   10      1.8086136353E-03   1.7705212602E-03   2.4136592431E-06  -1.1813301366E-02  -1.8802167938E-02
   11     -2.8962930140E-06   1.4678934675E-06   7.6750981807E-03   2.4000616366E-06   3.6833686202E-06
   12     -8.8018775752E-04   9.7890214873E-04   2.2984225622E-07  -1.5911030188E-03  -4.2758731083E-03
   13      8.9511077030E-04   2.7956326126E-04   5.8303283857E-07  -3.5780383533E-03  -2.9072676537E-03
   14      2.9395855881E-08   5.1739690281E-07  -7.9836269137E-04  -8.6438020879E-07  -2.6507195001E-06
   15     -8.7890103540E-04   4.2107792121E-03  -2.8454955901E-06  -9.3966084030E-04  -6.5866148231E-04
   16      3.3270707096E-03  -3.2482507998E-03   2.4254513807E-06  -8.6456450524E-04   4.4585425311E-04
   17     -3.9887805024E-06   2.7478576302E-06   7.1212712878E-03  -5.3355584731E-07   5.3730284840E-07
   18      4.1620331577E-04   5.2543824173E-04  -6.6471670378E-07   1.2814007812E-03   3.1541294462E-03
   19     -1.9743493322E-03   2.0724583033E-04  -1.6036710687E-07  -8.3273251975E-04  -3.4826656064E-03
   20     -3.8362932406E-06  -1.0755588728E-06   9.0365021942E-04   2.3801435905E-07  -1.3131140953E-06
   21     -1.9148879148E-04  -1.6109661918E-04   2.4387909355E-07  -4.8198656589E-03   5.4325290214E-04
   22      2.9333986984E-04   4.4870614913E-05  -6.0596478393E-07  -5.3176350833E-04   3.1854938998E-03
   23      1.1249144360E-06   4.6398334521E-07   4.9429035977E-06   3.2442453141E-06   1.4755215945E-06
   24     -1.0675591750E-03  -1.1147942036E-05  -1.3616702656E-06   4.0912640480E-04  -1.2236505496E-04
   25     -2.9643876235E-04  -1.3723202102E-05  -7.4434668714E-07   1.5845559008E-03   1.1950519476E-03
   26      2.0947662589E-06  -1.3579832995E-07  -4.8844062427E-04  -1.2790420630E-06  -1.6443376820E-06
   27      7.3030504264E-04   8.8506244612E-05   2.0091937817E-06  -5.9214293419E-04  -2.4321207644E-04
   28     -4.2533248336E-04   9.5074774316E-04  -6.2149253796E-07   1.3085198315E-03   1.6426112781E-04
   29      2.1446951747E-06   1.1026641187E-07  -3.7566554720E-03  -9.9283405508E-07   3.6305641511E-07
   30      1.3347646655E-01   1.2946200469E-01   4.9888516384E-05   1.1750226605E-03   1.6434919858E-04
   31      1.2946200469E-01   2.8240870174E-01   5.9472953715E-05  -1.7059690825E-04   6.8253777925E-04
   32      4.9888516384E-05   5.9472953715E-05   2.5262573650E-02   1.5000895682E-06   7.6728853076E-07
   33      1.1750226605E-03  -1.7059690825E-04   1.5000895682E-06   1.3449539014E-01  -1.3480405703E-01
   34      1.6434919858E-04   6.8253777925E-04   7.6728853076E-07  -1.3480405703E-01   2.8518231995E-01
   35      1.8860391425E-06   3.8378725083E-07  -4.1931147928E-03   2.7967462721E-05  -2.7094496151E-05
   36      4.0758439312E-05  -5.3949213305E-05  -1.1633187152E-07   7.2629237792E-04   8.5557211554E-04
   37     -6.0916289986E-05   3.5528271566E-05  -9.0693987652E-07  -8.5573104222E-04  -9.1551643721E-04
   38      7.0544328938E-07  -1.0739211353E-07  -1.0841676307E-03  -6.8818906345E-07   1.4373048463E-07
   39      4.4395820916E-04  -8.3306265003E-04   5.4126917909E-08   4.0490241752E-05   6.0830469928E-05
   40      8.3307511371E-04  -1.0635488509E-03   6.7096524484E-08   5.3817557657E-05   3.5471133629E-05
   41     -1.1023382432E-08   3.6720423052E-07   1.8509579556E-04  -3.0671557664E-07   1.0978401490E-06
                   35                 36                 37                 38                 39        
    0     -5.5612358884E-06  -5.4244704857E-03   9.9064080317E-04  -5.5540268142E-06   1.1726640577E-02
    1     -3.3146949512E-06   1.1152695999E-03   1.4565666548E-03   4.1464404513E-06  -1.4960172655E-02
    2      7.8164020726E-03  -4.8975037225E-06   2.1960877967E-06   7.8097180722E-03   6.8282926251E-06
    3     -7.9315954015E-06  -9.3952735428E-04   6.5822438883E-04   2.2835228255E-06  -8.7899679186E-04
    4      1.1409906953E-05   8.6405866649E-04   4.4527192932E-04  -2.8890821028E-07  -3.3274323288E-03
    5      4.0329222286E-03  -4.8448496773E-07  -2.1036351347E-07  -8.4008635326E-04  -3.5818591947E-06
    6     -1.7058567957E-05  -1.5923863990E-03   4.2765726218E-03  -5.2011066757E-06  -8.8097255098E-04
    7      2.7964155578E-05   3.5781547920E-03  -2.9064867544E-03  -2.6534412320E-06  -8.9429568055E-04
    8     -3.7073242147E-02  -1.4729002111E-06   3.7675777656E-06   4.8827907842E-03   1.6875986007E-07
    9      3.2245653480E-06   1.2427065658E-02  -1.4994207307E-02   7.2304107951E-06  -5.2185468878E-03
   10     -1.0072481640E-05   1.1807261206E-02  -1.8804793581E-02   1.3482177919E-05  -1.8102521741E-03
   11      4.1331508196E-03   1.4817451746E-07   9.0646148837E-07   4.1440292534E-03  -2.9305174252E-06
   12     -3.8997763384E-06  -1.2708059711E-01  -1.2347183999E-01   4.1409263184E-06  -1.2297711883E-02
   13      3.7052321013E-06  -1.2461819646E-01  -2.7176917978E-01   1.2018514071E-05   2.8898347196E-02
   14      4.8939229057E-03  -2.6118354880E-06   1.1070994191E-05  -3.7090362117E-02  -1.1170197176E-05
   15      2.1305509310E-06  -1.0104914654E-02   2.1452102233E-03  -9.5663553917E-06  -1.2747718852E-01
   16      3.5015396859E-07  -2.6973268611E-02   5.5439360148E-03  -1.1872083310E-05   1.2007643843E-01
   17     -8.4937430938E-04   3.2389618159E-06   2.3268222425E-06   4.0410765946E-03  -6.4525670865E-05
   18     -3.6442980454E-06   1.2846480936E-03  -3.1550725029E-03  -3.6558000599E-06   4.1633707923E-04
   19     -1.4086714162E-05   8.3857831779E-04  -3.4891233967E-03   8.7832972097E-06   1.9747769034E-03
   20     -4.4314519377E-03   6.6664436062E-07   2.2751776608E-07  -4.4252443145E-03  -4.1472553907E-06
   21      1.7943785417E-06   4.0948475611E-04   1.2208407806E-04   9.6136444767E-07  -1.0676054333E-03
   22      5.1984237386E-06  -1.5872543881E-03   1.1959943180E-03  -3.6449564402E-06   2.9625721578E-04
   23      2.5956600186E-05  -1.7255445787E-06   1.6907520860E-06   4.1974399945E-04   2.1463363125E-06
   24      9.8297149248E-07  -4.8236604840E-03  -5.4289121158E-04   1.5319600620E-06  -1.9139018839E-04
   25      4.7817006179E-06   5.2729527892E-04   3.1897776338E-03  -3.3585254555E-06  -2.9343540097E-04
   26      4.2091351525E-04   3.0918050581E-06  -1.6298367539E-06   2.4926845736E-05   1.2352050074E-06
   27     -1.2017300744E-07  -5.9221471104E-04   2.4318978418E-04   4.9031298417E-08   7.3034812766E-04
   28      4.8072767536E-07  -1.3085216210E-03   1.6424865611E-04  -4.5936676582E-07   4.2532366106E-04
   29     -1.6715229269E-04  -7.5894153770E-07  -3.6150533021E-07  -1.6782707855E-04   2.0631511901E-06
   30      1.8860391425E-06   4.0758439312E-05  -6.0916289986E-05   7.0544328938E-07   4.4395820916E-04
   31      3.8378725083E-07  -5.3949213305E-05   3.5528271566E-05  -1.0739211353E-07  -8.3306265003E-04
   32     -4.1931147928E-03  -1.1633187152E-07  -9.0693987652E-07  -1.0841676307E-03   5.4126917909E-08
   33      2.7967462721E-05   7.2629237792E-04  -8.5573104222E-04  -6.8818906345E-07   4.0490241752E-05
   34     -2.7094496151E-05   8.5557211554E-04  -9.1551643721E-04   1.4373048463E-07   6.0830469928E-05
   35      2.5516874484E-02  -1.0232750445E-06   5.7333779962E-07   9.5788915511E-04   5.0900782365E-07
   36     -1.0232750445E-06   1.3449522224E-01   1.3479686622E-01   5.1088622919E-06   1.1742996356E-03
   37      5.7333779962E-07   1.3479686622E-01   2.8517112756E-01  -1.6615290304E-05  -1.6434135055E-04
   38      9.5788915511E-04   5.1088622919E-06  -1.6615290304E-05   2.5518463276E-02   1.9616296036E-06
   39      5.0900782365E-07   1.1742996356E-03  -1.6434135055E-04   1.9616296036E-06   1.3348033839E-01
   40      2.6353916614E-07   1.7034566726E-04   6.8264890860E-04  -1.1162971524E-06  -1.2946086110E-01
   41     -1.0836963017E-03   1.5286964505E-06  -1.4935145079E-06  -4.1909504874E-03   7.1975445425E-05
                   40                 41        
     0      1.6096827585E-02   4.3086608099E-07
     1     -1.8754038870E-02  -8.0181221409E-06
     2      1.0902175624E-05   2.4317266942E-03
     3     -4.2107844939E-03  -1.7573114060E-06
     4     -3.2485178554E-03  -6.6112342678E-07
     5     -6.6034108511E-07   7.1132189327E-03
     6     -9.7917866710E-04   2.3374565212E-07
     7      2.7980810580E-04  -7.9106698310E-07
     8     -7.2188723483E-07  -7.9026075785E-04
     9     -5.1410477331E-04  -4.9345341644E-06
    10      1.7688839148E-03  -1.4746317225E-06
    11     -3.4046428768E-07   7.6646242911E-03
    12     -1.9551842542E-03  -1.9565445163E-06
    13      3.7296626810E-03   1.3166240498E-05
    14     -2.5294483803E-06   2.4798883849E-03
    15      1.2041994922E-01  -6.5708479222E-05
    16     -2.6702387211E-01   1.0019445190E-04
    17      9.7004218974E-05  -3.5735508990E-02
    18     -5.2583682571E-04  -9.0149437998E-07
    19      2.0746948737E-04  -7.7179248541E-07
    20      1.1182885757E-06   9.0315889475E-04
    21      1.1153317790E-05  -1.4610884758E-06
    22     -1.3708787868E-05   1.1525351397E-06
    23      1.2028631215E-07  -4.8783840690E-04
    24      1.6117559735E-04   2.4309922894E-07
    25      4.4836962621E-05   1.0588142385E-06
    26     -5.2056602493E-07   4.6527327630E-06
    27     -8.8514477596E-05   2.0388835715E-06
    28      9.5072559450E-04  -1.0868888273E-07
    29     -8.9487152093E-07  -3.7558672747E-03
    30      8.3307511371E-04  -1.1023382432E-08
    31     -1.0635488509E-03   3.6720423052E-07
    32      6.7096524484E-08   1.8509579556E-04
    33      5.3817557657E-05  -3.0671557664E-07
    34      3.5471133629E-05   1.0978401490E-06
    35      2.6353916614E-07  -1.0836963017E-03
    36      1.7034566726E-04   1.5286964505E-06
    37      6.8264890860E-04  -1.4935145079E-06
    38     -1.1162971524E-06  -4.1909504874E-03
    39     -1.2946086110E-01   7.1975445425E-05
    40      2.8240417968E-01  -1.0320493775E-04
    41     -1.0320493775E-04   2.5261756493E-02

$vibrational_frequencies
42
    0        0.0000000000000000
    1        0.0000000000000000
    2        0.0000000000000000
    3        0.0000000000000000
    4        0.0000000000000000
    5        0.0000000000000000
    6       81.7882914815429842
    7      170.4839281419788506
    8      268.8844799274104389
    9      400.6338539042011462
   10      413.1400210203292431
   11      449.9150080742938940
   12      529.7458706597060427
   13      626.9592451274995710
   14      694.1327632997151795
   15      701.1132812196474333
   16      721.2468668938250858
   17      813.2559132168966016
   18      847.7375863835792416
   19      873.1617727644446632
   20      952.7753142700079252
   21      976.8406257413982985
   22      997.4885292760712900
   23     1024.5352645682344246
   24     1041.4664639803600039
   25     1103.5319835828961459
   26     1125.4159173465511685
   27     1184.7561209221539684
   28     1198.6697634540364561
   29     1331.0263551126859056
   30     1345.5668950810916158
   31     1365.3277049325638473
   32     1480.2047128687167969
   33     1504.3616207354421022
   34     1534.8913332714685112
   35     1623.1994423856897356
   36     1637.9477689751570324
   37     3170.0178504249010984
   38     3182.3627197483119744
   39     3190.6533041690395294
   40     3215.4980828699772246
   41     3216.1949182909543197

$normal_modes
42 42
                    0                  1                  2                  3                  4        
    0      0.0000000000E+00   0.0000000000E+00   0.0000000000E+00   0.0000000000E+00   0.0000000000E+00
    1      0.0000000000E+00   0.0000000000E+00   0.0000000000E+00   0.0000000000E+00   0.0000000000E+00
    2      0.0000000000E+00   0.0000000000E+00   0.0000000000E+00   0.0000000000E+00   0.0000000000E+00
    3      0.0000000000E+00   0.0000000000E+00   0.0000000000E+00   0.0000000000E+00   0.0000000000E+00
    4      0.0000000000E+00   0.0000000000E+00   0.0000000000E+00   0.0000000000E+00   0.0000000000E+00
