
$orca_hessian_file

$act_atom
  0

$act_coord
  0

$act_energy
        0.000000

$multiplicity
  1

$hessian
42
                    0                  1                  2                  3                  4        
    0      7.3794206312E-01   8.3432477244E-06  -8.3340513668E-06  -1.7813657498E-01   1.1507771385E-01
    1      8.3432477244E-06   6.5488300901E-01  -1.7770327274E-04   5.5697988086E-02  -2.8015371909E-01
    2     -8.3340513668E-06  -1.7770327274E-04   1.3486001113E-01  -1.8875614285E-05   7.6722070479E-05
    3     -1.7813657498E-01   5.5697988086E-02  -1.8875614285E-05   6.7943064894E-01   3.7884201579E-02
    4      1.1507771385E-01  -2.8015371909E-01   7.6722070479E-05   3.7884201579E-02   7.1626388050E-01
    5     -4.0296350183E-05   8.2631464560E-05  -6.1546224545E-02  -3.4498962472E-05  -2.1339035967E-04
    6     -2.9104123681E-02   7.1974576176E-02  -2.0293600519E-05  -3.3784398192E-01  -2.9691339691E-02
    7      3.1113152939E-02   3.2028320845E-02  -9.1733173063E-06   3.0539572345E-02  -1.2849488634E-01
    8     -7.8286313018E-06  -1.0113329151E-05   6.8051326181E-03   1.2964729042E-05   1.9319595057E-05
    9     -2.1278436375E-04  -6.3177028432E-07  -5.8238916151E-07  -3.5186424559E-02  -2.5646613567E-02
   10     -2.4523541504E-06  -6.1455595058E-02   1.7721519984E-05  -7.1606403272E-02   3.0516508786E-02
   11     -2.9300213671E-06   1.2622277994E-05  -7.3831566313E-03   2.1587281070E-05   4.8509320731E-06
   12     -2.9102634332E-02  -7.1972415488E-02   2.0056200363E-05  -4.4832758145E-02   2.6132720054E-02
   13     -3.1108844150E-02   3.2028653473E-02  -7.6116284249E-06   2.8691633870E-02  -1.5309027684E-02
   14      1.2458352844E-05  -3.4054242413E-06   6.7922614124E-03  -6.1279314225E-06   1.1840317737E-06
   15     -1.7814128602E-01  -5.5707301312E-02   2.5981125422E-05   6.1521980643E-02  -2.0173420360E-02
   16     -1.1508539147E-01  -2.8016639158E-01   7.9191287770E-05   2.0176749645E-02  -5.8297964158E-02
   17      4.2026113879E-05   7.3286045971E-05  -6.1528346420E-02  -8.1538987564E-06   2.0250402939E-05
   18     -7.8612819508E-04   1.1141500977E-06  -4.0706858030E-07   8.6230820950E-03  -4.7465890069E-03
   19      9.5700104422E-07  -5.1826640228E-03   1.9802869143E-05  -5.4548071063E-03  -7.2909306087E-03
   20     -5.4009083713E-06  -2.4127919217E-06  -1.9276236816E-03  -7.1998442628E-07   1.3619989741E-05
   21     -2.0608200937E-04  -1.4742173405E-03  -2.6185223327E-07  -3.1163968879E-03  -1.7901477738E-03
   22      1.0744775469E-03   7.8772429575E-04  -8.4975639755E-06  -1.2684484064E-03   7.7527322111E-04
   23      2.6337806296E-06   2.7848648327E-06   2.7635230491E-04   2.8963905705E-07  -5.5284623749E-06
   24     -2.0654331729E-04   1.4746788344E-03  -9.9303756894E-08  -8.2962376734E-05   1.3989158329E-03
   25     -1.0754813475E-03   7.8841364048E-04  -7.2486832911E-06   2.8687645079E-03   1.0698095368E-03
   26      1.5519462992E-06  -6.4797804029E-07   2.7592540442E-04   2.6830678334E-07  -3.9694836599E-06
   27     -3.3478168478E-01  -1.6800184517E-06   2.6706724169E-06  -1.1536157505E-02  -2.6593942999E-03
   28     -1.1920145740E-06  -5.8938780205E-02   7.5950105765E-06   2.8246785892E-02   4.6232758186E-03
   29      4.3850486317E-06   8.1874493660E-06  -3.7181985281E-02  -1.1933862444E-05   1.3203700033E-06
   30      1.1719298031E-02   1.4961414854E-02  -7.5020791516E-06  -1.2727031062E-01  -1.1986173737E-01
   31     -1.6129322253E-02  -1.8788927282E-02   5.6287454162E-06  -1.2000270363E-01  -2.6664023090E-01
   32      6.5772917568E-06   4.7753507461E-06   2.4821553824E-03   4.1762613862E-05   8.6036811156E-05
   33     -5.3512338640E-03  -1.1826545313E-03   1.4726242021E-06  -9.7876267233E-03   2.6498955310E-02
   34     -1.0617831279E-03   1.4788269288E-03   8.4595709230E-07  -2.2169573470E-03   5.7972094896E-03
   35      1.0706822606E-06  -3.5876717982E-07   7.7973439203E-03  -4.5809840983E-07  -3.1803671286E-06
   36     -5.3513045251E-03   1.1818135192E-03  -5.8817123487E-07  -9.2215153988E-04   8.5720060856E-04
   37      1.0613391559E-03   1.4792013751E-03  -5.1162554750E-07   7.2064794567E-04   4.3012003067E-04
   38      6.9957148697E-07   3.6209524049E-06   7.8009374529E-03   2.7039055555E-06  -1.4279869828E-08
   39      1.1719018915E-02  -1.4961008780E-02   6.4410164091E-06  -8.6036642495E-04  -3.3238980756E-03
   40      1.6128463341E-02  -1.8788072333E-02   4.6985835628E-06  -4.2335912027E-03  -3.2893185892E-03
   41     -6.2903337232E-06   5.2732046542E-06   2.4772169303E-03   3.1837078815E-06   3.8343399728E-06
                    5                  6                  7                  8                  9        
    0     -4.0296350183E-05  -2.9104123681E-02   3.1113152939E-02  -7.8286313018E-06  -2.1278436375E-04
    1      8.2631464560E-05   7.1974576176E-02   3.2028320845E-02  -1.0113329151E-05  -6.3177028432E-07
    2     -6.1546224545E-02  -2.0293600519E-05  -9.1733173063E-06   6.8051326181E-03  -5.8238916151E-07
    3     -3.4498962472E-05  -3.3784398192E-01   3.0539572345E-02   1.2964729042E-05  -3.5186424559E-02
    4     -2.1339035967E-04  -2.9691339691E-02  -1.2849488634E-01   1.9319595057E-05  -2.5646613567E-02
    5      1.3090954230E-01   1.5758091344E-05   1.4746136110E-05  -6.1178975548E-02   1.4540094679E-05
    6      1.5758091344E-05   6.9337843517E-01  -4.4183831387E-02  -4.2747961011E-05  -1.4938178158E-01
    7      1.4746136110E-05  -4.4183831387E-02   7.2159208070E-01  -1.9891102274E-04  -1.0070544283E-01
    8     -6.1178975548E-02  -4.2747961011E-05  -1.9891102274E-04   1.3432869429E-01   5.9879355326E-05
    9      1.4540094679E-05  -1.4938178158E-01  -1.0070544283E-01   5.9879355326E-05   5.2374544517E-01
   10     -6.0176256446E-06  -4.9531855711E-02  -2.9275710838E-01   9.1573240283E-05   5.4140340121E-06
   11      5.9100674444E-03   5.1650425318E-05   8.8511241286E-05  -6.2657334968E-02  -2.8361862940E-05
   12     -5.4250024012E-06   5.5476358321E-02   1.9513678221E-02  -1.0442226867E-05  -1.4940023023E-01
   13      1.3938688696E-06  -1.9505678077E-02  -5.4916180420E-02   2.0364086831E-05   1.0070183203E-01
   14     -6.5995675781E-03   3.4994344175E-06   1.9553603360E-05   1.0090154449E-02  -1.8585557182E-05
   15     -1.6608458237E-06  -4.4832634460E-02  -2.8697341432E-02   1.1759482390E-05  -3.5180395243E-02
   16      1.7337920821E-05  -2.6136134222E-02  -1.5307486537E-02   6.4302642201E-06   2.5646304127E-02
   17      8.1085642977E-03   1.0441454542E-05   5.9079304975E-06  -6.5976553963E-03  -6.0491658175E-07
   18      1.6671719855E-06  -3.4839279569E-02  -2.0506609014E-02   2.7585649462E-06  -9.7452313065E-02
   19      1.6574230710E-05  -2.5934971721E-02   1.3764130822E-02  -2.9668774530E-06  -8.6757604910E-06
   20      9.6316558486E-03   2.1087573300E-05  -1.4302936145E-05  -2.5935115713E-03  -3.0658622781E-05
   21      5.0861824575E-06  -5.3436983536E-03   7.4902980861E-03  -3.4284796400E-06  -3.6473932876E-02
   22      1.4282569634E-06  -9.6276196565E-04   3.2358836408E-03   1.6721127237E-06  -3.5483319063E-02
   23     -1.5843495604E-03  -1.0593294884E-05   7.9434429961E-06   3.2395481980E-03  -9.5579909018E-06
   24     -1.6905258635E-06  -3.0205524227E-03   2.0825317956E-03   4.6911876701E-06  -3.6480355916E-02
   25     -6.8735315745E-06  -8.6929880707E-03  -7.2485795270E-03   4.5438188146E-06   3.5492852435E-02
   26     -9.8609151893E-04   3.2336890584E-07   5.9009420938E-06   1.5249296775E-03   2.4752810891E-05
   27      4.7866477093E-06   3.7719875048E-04   3.2562121975E-03  -1.5426599237E-06   1.1311306335E-03
   28     -4.4367126458E-08   2.7443705545E-03  -4.6762460780E-03   4.1253500989E-06   1.5409181903E-07
   29      3.0921517590E-03   1.2156356808E-06   5.4792434082E-06   7.5258802650E-03  -7.6437536397E-07
   30      4.3792682057E-05  -1.2265706574E-02  -2.8869019829E-02   1.0489741537E-05  -5.2207148113E-03
   31      8.6814509195E-05   1.9292084926E-03   3.7518279829E-03  -6.9707148962E-07   4.4424128231E-04
   32     -3.5748571785E-02  -1.5768138259E-06   3.3197750152E-07   2.4158696858E-03   1.3486749419E-06
   33     -6.0016828705E-06  -1.3013007330E-01   1.2638774759E-01  -3.5221125288E-05   1.2665467243E-02
   34     -5.9969577136E-07   1.2450706767E-01  -2.6815494456E-01   6.5857412120E-05   1.5360789225E-02
   35      3.7127402386E-03  -2.6647740323E-05   7.2585537699E-05  -3.7078547878E-02  -1.5674253211E-05
   36      1.0953635984E-06  -1.5934944003E-03   3.6039518288E-03  -4.9689018473E-07   1.2667849001E-02
   37      7.8634204326E-07   4.3225068335E-03  -3.0981316926E-03   1.3633335047E-06  -1.5361167441E-02
   38     -8.3116572196E-04  -2.4870414735E-06   1.3693378679E-07   4.9572869539E-03   4.5168484767E-06
   39      8.5530474531E-07  -8.7666598139E-04  -9.0454387751E-04   1.6791005541E-07  -5.2209594075E-03
   40      4.1572600252E-06  -9.5852551611E-04   2.8131954486E-04  -1.9567330029E-07  -4.4553380402E-04
   41      7.1102243679E-03  -6.3252822217E-07  -1.0749520659E-06  -7.8147077823E-04  -4.5706903792E-07
                   10                 11                 12                 13                 14        
    0     -2.4523541504E-06  -2.9300213671E-06  -2.9102634332E-02  -3.1108844150E-02   1.2458352844E-05
    1     -6.1455595058E-02   1.2622277994E-05  -7.1972415488E-02   3.2028653473E-02  -3.4054242413E-06
    2      1.7721519984E-05  -7.3831566313E-03   2.0056200363E-05  -7.6116284249E-06   6.7922614124E-03
    3     -7.1606403272E-02   2.1587281070E-05  -4.4832758145E-02   2.8691633870E-02  -6.1279314225E-06
    4      3.0516508786E-02   4.8509320731E-06   2.6132720054E-02  -1.5309027684E-02   1.1840317737E-06
    5     -6.0176256446E-06   5.9100674444E-03  -5.4250024012E-06   1.3938688696E-06  -6.5995675781E-03
    6     -4.9531855711E-02   5.1650425318E-05   5.5476358321E-02  -1.9505678077E-02   3.4994344175E-06
    7     -2.9275710838E-01   8.8511241286E-05   1.9513678221E-02  -5.4916180420E-02   1.9553603360E-05
    8      9.1573240283E-05  -6.2657334968E-02  -1.0442226867E-05   2.0364086831E-05   1.0090154449E-02
    9      5.4140340121E-06  -2.8361862940E-05  -1.4940023023E-01   1.0070183203E-01  -1.8585557182E-05
   10      7.5624823365E-01  -1.5201701195E-04   4.9514717245E-02  -2.9274507267E-01   6.0606252516E-05
   11     -1.5201701195E-04   1.3938866973E-01   6.8697739725E-06   5.3081330111E-05  -6.2659478470E-02
   12      4.9514717245E-02   6.8697739725E-06   6.9339944654E-01   4.4182051950E-02  -4.5108006682E-05
   13     -2.9274507267E-01   5.3081330111E-05   4.4182051950E-02   7.2157394493E-01  -1.7947755060E-04
   14      6.0606252516E-05  -6.2659478470E-02  -4.5108006682E-05  -1.7947755060E-04   1.3429689861E-01
   15      7.1611462639E-02  -2.2900915660E-05  -3.3785962710E-01  -3.0538398752E-02   1.4584373187E-05
   16      3.0516776541E-02  -1.3013300630E-05   2.9690367820E-02  -1.2849812501E-01   2.5051163317E-05
   17     -1.6956649459E-05   5.8936096300E-03  -1.6066837192E-05   3.2257843830E-05  -6.1140115331E-02
   18     -2.0377887031E-06   6.8145024031E-05  -3.4834318400E-02   2.0502404101E-02  -2.0681133755E-06
   19     -1.0484607593E-01  -1.0873818976E-05   2.5942091282E-02   1.3758943617E-02  -1.3606457283E-05
   20      2.1727752734E-05  -8.1090217678E-02  -1.6016107391E-05   9.4281623469E-06  -2.5685027022E-03
   21     -5.0031835191E-02  -6.7437801472E-05  -3.0136067150E-03  -2.0812084236E-03  -3.4394786743E-06
   22     -1.3885357052E-02  -3.8351500722E-05   8.6841527967E-03  -7.2452776686E-03   5.3826857578E-06
   23     -3.2379104992E-05   1.9303544780E-02   6.8264018916E-06  -6.1118498916E-06   1.5127883084E-03
   24      5.0038237256E-02  -2.6266146820E-05  -5.3443436829E-03  -7.4898714566E-03   5.1221010857E-06
   25     -1.3903649219E-02   2.6494702361E-05   9.6731589596E-04   3.2385215935E-03   2.3591057713E-07
   26      3.6370352856E-07   1.9279117081E-02  -1.8986444287E-06  -2.6545270552E-06   3.2395008102E-03
   27      1.0813513254E-07  -7.3759355659E-07   3.7754542936E-04  -3.2561423221E-03   8.8653518947E-07
   28     -1.8335033020E-03   6.4032030300E-07  -2.7444994413E-03  -4.6765496109E-03   4.2665895704E-06
   29      1.6206135603E-06  -1.6076381235E-04   3.2330701802E-06   2.1824302265E-06   7.5250378351E-03
   30      1.7879836619E-03   2.4395689154E-06  -8.7716448495E-04   9.0405761177E-04  -5.0530429276E-07
   31      1.7597440784E-03   2.0601235459E-06   9.5874918334E-04   2.8152709478E-04  -7.4874981879E-07
   32      3.6594912677E-06   7.6758762645E-03  -8.2059719819E-07  -1.5432625646E-07  -7.7656659144E-04
   33     -1.1538729456E-02   3.3268681008E-06  -1.5942296844E-03  -3.6040846816E-03   1.8224178312E-06
   34     -1.9688554140E-02   6.8772061669E-06  -4.3229347585E-03  -3.0977278361E-03   3.0034719021E-06
   35      1.2022888524E-06   4.4122743858E-03   2.8592558985E-06   4.7577153565E-06   4.9505875678E-03
   36      1.1542315875E-02  -6.4436361997E-06  -1.3012967562E-01  -1.2638418448E-01   4.7993996939E-05
   37     -1.9687045099E-02   1.0731998353E-05  -1.2449690122E-01  -2.6814548991E-01   7.9202570376E-05
   38      1.3984893592E-05   4.4057065555E-03   5.0499791472E-05   7.3332878281E-05  -3.7070961823E-02
   39     -1.7871280639E-03   1.2682894530E-06  -1.2264761893E-02   2.8866075236E-02  -9.9506484365E-06
   40      1.7606977879E-03   2.7909268011E-06  -1.9287359968E-03   3.7518601019E-03  -8.9745888577E-07
   41      5.0520900284E-07   7.6820856848E-03   4.8507569540E-06  -1.1390719407E-06   2.4079635032E-03
                   15                 16                 17                 18                 19        
    0     -1.7814128602E-01  -1.1508539147E-01   4.2026113879E-05  -7.8612819508E-04   9.5700104422E-07
    1     -5.5707301312E-02  -2.8016639158E-01   7.3286045971E-05   1.1141500977E-06  -5.1826640228E-03
    2      2.5981125422E-05   7.9191287770E-05  -6.1528346420E-02  -4.0706858030E-07   1.9802869143E-05
    3      6.1521980643E-02   2.0176749645E-02  -8.1538987564E-06   8.6230820950E-03  -5.4548071063E-03
    4     -2.0173420360E-02  -5.8297964158E-02   2.0250402939E-05  -4.7465890069E-03  -7.2909306087E-03
    5     -1.6608458237E-06   1.7337920821E-05   8.1085642977E-03   1.6671719855E-06   1.6574230710E-05
    6     -4.4832634460E-02  -2.6136134222E-02   1.0441454542E-05  -3.4839279569E-02  -2.5934971721E-02
    7     -2.8697341432E-02  -1.5307486537E-02   5.9079304975E-06  -2.0506609014E-02   1.3764130822E-02
    8      1.1759482390E-05   6.4302642201E-06  -6.5976553963E-03   2.7585649462E-06  -2.9668774530E-06
    9     -3.5180395243E-02   2.5646304127E-02  -6.0491658175E-07  -9.7452313065E-02  -8.6757604910E-06
   10      7.1611462639E-02   3.0516776541E-02  -1.6956649459E-05  -2.0377887031E-06  -1.0484607593E-01
   11     -2.2900915660E-05  -1.3013300630E-05   5.8936096300E-03   6.8145024031E-05  -1.0873818976E-05
   12     -3.3785962710E-01   2.9690367820E-02  -1.6066837192E-05  -3.4834318400E-02   2.5942091282E-02
   13     -3.0538398752E-02  -1.2849812501E-01   3.2257843830E-05   2.0502404101E-02   1.3758943617E-02
   14      1.4584373187E-05   2.5051163317E-05  -6.1140115331E-02  -2.0681133755E-06  -1.3606457283E-05
   15      6.7944598094E-01  -3.7878770994E-02   1.8804992921E-05   8.6217840112E-03   5.4550310967E-03
   16     -3.7878770994E-02   7.1627741697E-01  -2.0335746491E-04   4.7453803498E-03  -7.2891211634E-03
   17      1.8804992921E-05  -2.0335746491E-04   1.3086859330E-01  -5.1519536602E-06  -1.9873337368E-05
   18      8.6217840112E-03   4.7453803498E-03  -5.1519536602E-06   6.1440399547E-01   7.6328599143E-05
   19      5.4550310967E-03  -7.2891211634E-03  -1.9873337368E-05   7.6328599143E-05   9.1096653795E-01
   20      3.6941980115E-06  -5.6839260541E-07   9.6254299541E-03   2.8114670132E-04   3.4937150846E-04
   21     -8.3393638426E-05  -1.3983350632E-03   2.2647847802E-06  -2.3348446498E-01  -1.6627912520E-01
   22     -2.8688376689E-03   1.0692991512E-03   1.0621533667E-05  -1.5873890357E-01  -4.0325396630E-01
   23     -6.3047042920E-06  -1.0756178758E-06  -9.8395388702E-04  -2.5936234780E-04  -4.1101782492E-04
   24     -3.1166415660E-03   1.7898011608E-03  -1.2860935628E-06  -2.3342311102E-01   1.6620795600E-01
   25      1.2684492318E-03   7.7453262336E-04   7.7965403674E-06   1.5866761249E-01  -4.0312990499E-01
   26     -2.6888967082E-07   1.5114302648E-06  -1.5829635778E-03  -9.0414232821E-05   6.5578010183E-05
   27     -1.1536122989E-02   2.6595320580E-03  -2.4491668153E-06  -8.6870522687E-05  -3.6682832892E-07
   28     -2.8247068566E-02   4.6229545710E-03  -6.7448163114E-07  -4.7416184182E-08  -5.8106929846E-04
   29      6.9010211976E-06  -2.4905003210E-06   3.0921102650E-03   6.0812035551E-07  -2.1143285022E-06
   30     -8.6053036678E-04   3.3242034788E-03  -7.9242547156E-07   5.0686545530E-04  -1.9423931435E-03
   31      4.2335969594E-03  -3.2894640031E-03   4.6251729861E-06   6.0726750421E-04   2.0384264584E-04
   32     -1.6624415001E-06   3.2318441413E-06   7.1051212419E-03   1.0487014251E-06  -3.3389894722E-06
   33     -9.2207107429E-04  -8.5683520561E-04   8.5144685289E-07   1.1227126802E-03  -9.2585921102E-04
   34     -7.2028203575E-04   4.2972454296E-04   7.4947127820E-07   3.2400730185E-03  -3.6637399532E-03
   35      2.3339916572E-06   6.4380118061E-07  -8.2580417197E-04   3.3262360431E-06  -1.0635325560E-05
   36     -9.7870996682E-03  -2.6496536231E-02   9.8263999175E-06   1.1210713545E-03   9.2286756272E-04
   37      2.2161937600E-03   5.7967815705E-03  -1.8378405910E-07  -3.2399292857E-03  -3.6596727237E-03
   38     -5.8359106067E-06   1.3184292050E-06   3.7073211891E-03   7.7834104935E-07  -1.7519802042E-05
   39     -1.2726994347E-01   1.1986304343E-01  -4.7038464448E-05   5.0697468303E-04   1.9420292562E-03
   40      1.2000330855E-01  -2.6663893353E-01   8.5802944456E-05  -6.0712596404E-04   2.0368994717E-04
   41     -4.8096913638E-05   8.5536966863E-05  -3.5741911091E-02   1.3426291940E-07  -1.6477291576E-06
                   20                 21                 22                 23                 24        
    0     -5.4009083713E-06  -2.0608200937E-04   1.0744775469E-03   2.6337806296E-06  -2.0654331729E-04
    1     -2.4127919217E-06  -1.4742173405E-03   7.8772429575E-04   2.7848648327E-06   1.4746788344E-03
    2     -1.9276236816E-03  -2.6185223327E-07  -8.4975639755E-06   2.7635230491E-04  -9.9303756894E-08
    3     -7.1998442628E-07  -3.1163968879E-03  -1.2684484064E-03   2.8963905705E-07  -8.2962376734E-05
    4      1.3619989741E-05  -1.7901477738E-03   7.7527322111E-04  -5.5284623749E-06   1.3989158329E-03
    5      9.6316558486E-03   5.0861824575E-06   1.4282569634E-06  -1.5843495604E-03  -1.6905258635E-06
    6      2.1087573300E-05  -5.3436983536E-03  -9.6276196565E-04  -1.0593294884E-05  -3.0205524227E-03
    7     -1.4302936145E-05   7.4902980861E-03   3.2358836408E-03   7.9434429961E-06   2.0825317956E-03
    8     -2.5935115713E-03  -3.4284796400E-06   1.6721127237E-06   3.2395481980E-03   4.6911876701E-06
    9     -3.0658622781E-05  -3.6473932876E-02  -3.5483319063E-02  -9.5579909018E-06  -3.6480355916E-02
   10      2.1727752734E-05  -5.0031835191E-02  -1.3885357052E-02  -3.2379104992E-05   5.0038237256E-02
   11     -8.1090217678E-02  -6.7437801472E-05  -3.8351500722E-05   1.9303544780E-02  -2.6266146820E-05
   12     -1.6016107391E-05  -3.0136067150E-03   8.6841527967E-03   6.8264018916E-06  -5.3443436829E-03
   13      9.4281623469E-06  -2.0812084236E-03  -7.2452776686E-03  -6.1118498916E-06  -7.4898714566E-03
   14     -2.5685027022E-03  -3.4394786743E-06   5.3826857578E-06   1.5127883084E-03   5.1221010857E-06
   15      3.6941980115E-06  -8.3393638426E-05  -2.8688376689E-03  -6.3047042920E-06  -3.1166415660E-03
   16     -5.6839260541E-07  -1.3983350632E-03   1.0692991512E-03  -1.0756178758E-06   1.7898011608E-03
   17      9.6254299541E-03   2.2647847802E-06   1.0621533667E-05  -9.8395388702E-04  -1.2860935628E-06
   18      2.8114670132E-04  -2.3348446498E-01  -1.5873890357E-01  -2.5936234780E-04  -2.3342311102E-01
   19      3.4937150846E-04  -1.6627912520E-01  -4.0325396630E-01  -4.1101782492E-04   1.6620795600E-01
   20      2.3328001296E-01  -2.1730017084E-04  -3.2467531331E-04  -7.7730348812E-02  -3.9729484235E-05
   21     -2.1730017084E-04   2.3997057603E-01   2.0202005082E-01   2.7081793925E-04   4.7762153236E-02
   22     -3.2467531331E-04   2.0202005082E-01   5.3387059787E-01   4.5840274443E-04  -1.4142030264E-02
   23     -7.7730348812E-02   2.7081793925E-04   4.5840274443E-04   2.9512089879E-02   4.5139247486E-06
   24     -3.9729484235E-05   4.7762153236E-02  -1.4142030264E-02   4.5139247486E-06   2.3992860615E-01
   25     -1.4014210562E-06   1.4133152527E-02  -1.2036208845E-01  -3.4697656596E-05  -2.0194868328E-01
   26     -7.7678508136E-02   1.8405530513E-05  -9.8242475253E-05   2.6240753681E-02   5.1739795528E-05
   27      7.3175799945E-07  -1.2064145484E-04   6.5836509003E-05   5.8414759990E-07  -1.2070199669E-04
   28     -1.0786668176E-06  -4.9624904334E-05   4.1212968063E-04   4.5484062992E-07   4.9695846081E-05
   29     -1.7499601051E-03   3.5697784615E-08   1.8737145564E-07   1.6836519678E-04   3.7857485595E-07
   30      2.3076597052E-06  -1.1128812519E-03  -3.4572932242E-04  -1.3274245715E-06  -2.0665936995E-04
   31     -6.6946541275E-07  -3.3361787277E-05  -2.0346809784E-05   5.1400818159E-07  -1.8167787027E-04
   32      8.9728783978E-04   2.3153234087E-07   1.0055883638E-06  -4.8801144926E-04   9.9400285096E-08
   33     -3.1210945590E-06   4.4421049372E-04   1.6408570543E-03   2.9221115171E-06  -5.0199350865E-03
   34     -2.3365131900E-06  -1.1423571811E-04   1.2430306022E-03   1.9694041067E-06   5.3672697658E-04
   35     -4.4947668855E-03  -1.4041660482E-06   1.2136224268E-07   4.9071918365E-04   8.0375624249E-07
   36      6.1111921607E-07  -5.0150483036E-03   6.0819085954E-04  -2.7625777204E-06   4.4390509762E-04
   37     -4.9595369570E-06  -5.3632531198E-04   3.3208515074E-03   2.4956147190E-06   1.1448999162E-04
   38     -4.4985329105E-03  -1.5412947649E-06   5.9253297646E-06   3.4802205818E-05  -7.0991199163E-07
   39      1.1579552059E-06  -2.0679329017E-04  -3.2022089524E-04  -6.7000907308E-07  -1.1128577273E-03
   40      5.2549637452E-07   1.8160084314E-04   5.2246311711E-05   8.3004289424E-08   3.3356277145E-05
   41      8.9758588112E-04  -3.8018900702E-08   1.1824603581E-06   7.6999705821E-06  -6.1234602609E-07
                   25                 26                 27                 28                 29        
    0     -1.0754813475E-03   1.5519462992E-06  -3.3478168478E-01  -1.1920145740E-06   4.3850486317E-06
    1      7.8841364048E-04  -6.4797804029E-07  -1.6800184517E-06  -5.8938780205E-02   8.1874493660E-06
    2     -7.2486832911E-06   2.7592540442E-04   2.6706724169E-06   7.5950105765E-06  -3.7181985281E-02
    3      2.8687645079E-03   2.6830678334E-07  -1.1536157505E-02   2.8246785892E-02  -1.1933862444E-05
    4      1.0698095368E-03  -3.9694836599E-06  -2.6593942999E-03   4.6232758186E-03   1.3203700033E-06
    5     -6.8735315745E-06  -9.8609151893E-04   4.7866477093E-06  -4.4367126458E-08   3.0921517590E-03
    6     -8.6929880707E-03   3.2336890584E-07   3.7719875048E-04   2.7443705545E-03   1.2156356808E-06
    7     -7.2485795270E-03   5.9009420938E-06   3.2562121975E-03  -4.6762460780E-03   5.4792434082E-06
    8      4.5438188146E-06   1.5249296775E-03  -1.5426599237E-06   4.1253500989E-06   7.5258802650E-03
    9      3.5492852435E-02   2.4752810891E-05   1.1311306335E-03   1.5409181903E-07  -7.6437536397E-07
   10     -1.3903649219E-02   3.6370352856E-07   1.0813513254E-07  -1.8335033020E-03   1.6206135603E-06
   11      2.6494702361E-05   1.9279117081E-02  -7.3759355659E-07   6.4032030300E-07  -1.6076381235E-04
   12      9.6731589596E-04  -1.8986444287E-06   3.7754542936E-04  -2.7444994413E-03   3.2330701802E-06
   13      3.2385215935E-03  -2.6545270552E-06  -3.2561423221E-03  -4.6765496109E-03   2.1824302265E-06
   14      2.3591057713E-07   3.2395008102E-03   8.8653518947E-07   4.2665895704E-06   7.5250378351E-03
   15      1.2684492318E-03  -2.6888967082E-07  -1.1536122989E-02  -2.8247068566E-02   6.9010211976E-06
   16      7.7453262336E-04   1.5114302648E-06   2.6595320580E-03   4.6229545710E-03  -2.4905003210E-06
   17      7.7965403674E-06  -1.5829635778E-03  -2.4491668153E-06  -6.7448163114E-07   3.0921102650E-03
   18      1.5866761249E-01  -9.0414232821E-05  -8.6870522687E-05  -4.7416184182E-08   6.0812035551E-07
   19     -4.0312990499E-01   6.5578010183E-05  -3.6682832892E-07  -5.8106929846E-04  -2.1143285022E-06
   20     -1.4014210562E-06  -7.7678508136E-02   7.3175799945E-07  -1.0786668176E-06  -1.7499601051E-03
   21      1.4133152527E-02   1.8405530513E-05  -1.2064145484E-04  -4.9624904334E-05   3.5697784615E-08
   22     -1.2036208845E-01  -9.8242475253E-05   6.5836509003E-05   4.1212968063E-04   1.8737145564E-07
   23     -3.4697656596E-05   2.6240753681E-02   5.8414759990E-07   4.5484062992E-07   1.6836519678E-04
   24     -2.0194868328E-01   5.1739795528E-05  -1.2070199669E-04   4.9695846081E-05   3.7857485595E-07
   25      5.3376271611E-01   1.5019421626E-05  -6.5642781512E-05   4.1218272032E-04   6.3718693190E-07
   26      1.5019421626E-05   2.9467638279E-02  -9.8777273759E-08   8.5015330395E-11   1.6952291666E-04
   27     -6.5642781512E-05  -9.8777273759E-08   3.5599223878E-01   1.5019714610E-06  -4.3917911017E-06
   28      4.1218272032E-04   8.5015330395E-11   1.5019714610E-06   5.8368888865E-02  -1.1980725972E-05
   29      6.3718693190E-07   1.6952291666E-04  -4.3917911017E-06  -1.1980725972E-05   2.5293657072E-02
   30      3.2030796891E-04  -7.2941186117E-07   7.3183917004E-04  -4.1964992956E-04   4.5817175938E-07
   31      5.2218714466E-05   3.4317647163E-07   8.1516017567E-05   9.5357674254E-04  -1.7690817530E-06
   32      1.1879202139E-06   9.0752163936E-06   1.2512468031E-07  -1.6576276066E-06  -3.7636627516E-03
   33     -6.0649654654E-04   5.8773833815E-07  -5.7979755107E-04   1.2943619997E-03  -9.4822614473E-07
   34      3.3238179644E-03  -1.2140751646E-06  -2.4806220863E-04   1.7979495185E-04  -1.0759302934E-07
   35      5.1286404773E-06   3.5808513099E-05  -3.8732166719E-07  -1.7874577821E-07  -1.2339577309E-04
   36     -1.6392331790E-03  -4.2159522754E-07  -5.7977770686E-04  -1.2944377195E-03   1.0172891792E-07
   37      1.2423570068E-03   1.0476598830E-06   2.4805869746E-04   1.7975788659E-04   1.4431638397E-07
   38      4.8603887457E-06   4.9120910418E-04   2.0850498842E-07   2.4556398332E-07  -1.2289961527E-04
   39      3.4594304941E-04  -7.5287413622E-07   7.3180174338E-04   4.1966194399E-04   1.5232163202E-07
   40     -2.0347721176E-05  -3.8158798343E-08  -8.1489434494E-05   9.5358725778E-04  -1.5909945824E-06
   41      1.3190313082E-06  -4.8591745103E-04   1.8278381293E-07  -1.4189024217E-06  -3.7640579711E-03
                   30                 31                 32                 33                 34        
    0      1.1719298031E-02  -1.6129322253E-02   6.5772917568E-06  -5.3512338640E-03  -1.0617831279E-03
    1      1.4961414854E-02  -1.8788927282E-02   4.7753507461E-06  -1.1826545313E-03   1.4788269288E-03
    2     -7.5020791516E-06   5.6287454162E-06   2.4821553824E-03   1.4726242021E-06   8.4595709230E-07
    3     -1.2727031062E-01  -1.2000270363E-01   4.1762613862E-05  -9.7876267233E-03  -2.2169573470E-03
    4     -1.1986173737E-01  -2.6664023090E-01   8.6036811156E-05   2.6498955310E-02   5.7972094896E-03
    5      4.3792682057E-05   8.6814509195E-05  -3.5748571785E-02  -6.0016828705E-06  -5.9969577136E-07
    6     -1.2265706574E-02   1.9292084926E-03  -1.5768138259E-06  -1.3013007330E-01   1.2450706767E-01
    7     -2.8869019829E-02   3.7518279829E-03   3.3197750152E-07   1.2638774759E-01  -2.6815494456E-01
    8      1.0489741537E-05  -6.9707148962E-07   2.4158696858E-03  -3.5221125288E-05   6.5857412120E-05
    9     -5.2207148113E-03   4.4424128231E-04   1.3486749419E-06   1.2665467243E-02   1.5360789225E-02
   10      1.7879836619E-03   1.7597440784E-03   3.6594912677E-06  -1.1538729456E-02  -1.9688554140E-02
   11      2.4395689154E-06   2.0601235459E-06   7.6758762645E-03   3.3268681008E-06   6.8772061669E-06
   12     -8.7716448495E-04   9.5874918334E-04  -8.2059719819E-07  -1.5942296844E-03  -4.3229347585E-03
   13      9.0405761177E-04   2.8152709478E-04  -1.5432625646E-07  -3.6040846816E-03  -3.0977278361E-03
   14     -5.0530429276E-07  -7.4874981879E-07  -7.7656659144E-04   1.8224178312E-06   3.0034719021E-06
   15     -8.6053036678E-04   4.2335969594E-03  -1.6624415001E-06  -9.2207107429E-04  -7.2028203575E-04
   16      3.3242034788E-03  -3.2894640031E-03   3.2318441413E-06  -8.5683520561E-04   4.2972454296E-04
   17     -7.9242547156E-07   4.6251729861E-06   7.1051212419E-03   8.5144685289E-07   7.4947127820E-07
   18      5.0686545530E-04   6.0726750421E-04   1.0487014251E-06   1.1227126802E-03   3.2400730185E-03
   19     -1.9423931435E-03   2.0384264584E-04  -3.3389894722E-06  -9.2585921102E-04  -3.6637399532E-03
   20      2.3076597052E-06  -6.6946541275E-07   8.9728783978E-04  -3.1210945590E-06  -2.3365131900E-06
   21     -1.1128812519E-03  -3.3361787277E-05   2.3153234087E-07   4.4421049372E-04  -1.1423571811E-04
   22     -3.4572932242E-04  -2.0346809784E-05   1.0055883638E-06   1.6408570543E-03   1.2430306022E-03
   23     -1.3274245715E-06   5.1400818159E-07  -4.8801144926E-04   2.9221115171E-06   1.9694041067E-06
   24     -2.0665936995E-04  -1.8167787027E-04   9.9400285096E-08  -5.0199350865E-03   5.3672697658E-04
   25      3.2030796891E-04   5.2218714466E-05   1.1879202139E-06  -6.0649654654E-04   3.3238179644E-03
   26     -7.2941186117E-07   3.4317647163E-07   9.0752163936E-06   5.8773833815E-07  -1.2140751646E-06
   27      7.3183917004E-04   8.1516017567E-05   1.2512468031E-07  -5.7979755107E-04  -2.4806220863E-04
   28     -4.1964992956E-04   9.5357674254E-04  -1.6576276066E-06   1.2943619997E-03   1.7979495185E-04
   29      4.5817175938E-07  -1.7690817530E-06  -3.7636627516E-03  -9.4822614473E-07  -1.0759302934E-07
   30      1.3317406548E-01   1.2915425418E-01  -4.7820591430E-05   1.2049401377E-03   2.2239100297E-04
   31      1.2915425418E-01   2.8218233487E-01  -9.5187758713E-05  -1.7884027960E-04   6.3025140304E-04
   32     -4.7820591430E-05  -9.5187758713E-05   2.5284413844E-02  -3.0567117714E-07  -1.8212650584E-06
   33      1.2049401377E-03  -1.7884027960E-04  -3.0567117714E-07   1.3717513170E-01  -1.3611523085E-01
   34      2.2239100297E-04   6.3025140304E-04  -1.8212650584E-06  -1.3611523085E-01   2.8247069208E-01
   35     -7.2411631178E-07  -1.3522195062E-06  -4.1933664525E-03   3.5230429413E-05  -7.3018045455E-05
   36      3.6375078881E-05  -6.0157788582E-05   2.5767203422E-07   7.3598465349E-04   8.7659444266E-04
   37     -5.8870114437E-05   2.1141503626E-05   2.8562758384E-07  -8.7650362659E-04  -9.6957234869E-04
   38      4.2013310242E-07   2.6767728826E-07  -1.0872190868E-03   9.8593496397E-07   1.6152222966E-06
   39      4.4058412393E-04  -8.2655240157E-04   2.5751378907E-07   3.6520376256E-05   5.8924008680E-05
   40      8.2656933551E-04  -1.0974960370E-03   7.2111102517E-07   6.0232134516E-05   2.1190871994E-05
   41     -2.9013970849E-08   1.0951787156E-06   1.8759864222E-04  -6.3314209938E-07   7.0389324931E-07
                   35                 36                 37                 38                 39        
    0      1.0706822606E-06  -5.3513045251E-03   1.0613391559E-03   6.9957148697E-07   1.1719018915E-02
    1     -3.5876717982E-07   1.1818135192E-03   1.4792013751E-03   3.6209524049E-06  -1.4961008780E-02
    2      7.7973439203E-03  -5.8817123487E-07  -5.1162554750E-07   7.8009374529E-03   6.4410164091E-06
    3     -4.5809840983E-07  -9.2215153988E-04   7.2064794567E-04   2.7039055555E-06  -8.6036642495E-04
    4     -3.1803671286E-06   8.5720060856E-04   4.3012003067E-04  -1.4279869828E-08  -3.3238980756E-03
    5      3.7127402386E-03   1.0953635984E-06   7.8634204326E-07  -8.3116572196E-04   8.5530474531E-07
    6     -2.6647740323E-05  -1.5934944003E-03   4.3225068335E-03  -2.4870414735E-06  -8.7666598139E-04
    7      7.2585537699E-05   3.6039518288E-03  -3.0981316926E-03   1.3693378679E-07  -9.0454387751E-04
    8     -3.7078547878E-02  -4.9689018473E-07   1.3633335047E-06   4.9572869539E-03   1.6791005541E-07
    9     -1.5674253211E-05   1.2667849001E-02  -1.5361167441E-02   4.5168484767E-06  -5.2209594075E-03
   10      1.2022888524E-06   1.1542315875E-02  -1.9687045099E-02   1.3984893592E-05  -1.7871280639E-03
   11      4.4122743858E-03  -6.4436361997E-06   1.0731998353E-05   4.4057065555E-03   1.2682894530E-06
   12      2.8592558985E-06  -1.3012967562E-01  -1.2449690122E-01   5.0499791472E-05  -1.2264761893E-02
   13      4.7577153565E-06  -1.2638418448E-01  -2.6814548991E-01   7.3332878281E-05   2.8866075236E-02
   14      4.9505875678E-03   4.7993996939E-05   7.9202570376E-05  -3.7070961823E-02  -9.9506484365E-06
   15      2.3339916572E-06  -9.7870996682E-03   2.2161937600E-03  -5.8359106067E-06  -1.2726994347E-01
   16      6.4380118061E-07  -2.6496536231E-02   5.7967815705E-03   1.3184292050E-06   1.1986304343E-01
   17     -8.2580417197E-04   9.8263999175E-06  -1.8378405910E-07   3.7073211891E-03  -4.7038464448E-05
   18      3.3262360431E-06   1.1210713545E-03  -3.2399292857E-03   7.7834104935E-07   5.0697468303E-04
   19     -1.0635325560E-05   9.2286756272E-04  -3.6596727237E-03  -1.7519802042E-05   1.9420292562E-03
   20     -4.4947668855E-03   6.1111921607E-07  -4.9595369570E-06  -4.4985329105E-03   1.1579552059E-06
   21     -1.4041660482E-06  -5.0150483036E-03  -5.3632531198E-04  -1.5412947649E-06  -2.0679329017E-04
   22      1.2136224268E-07   6.0819085954E-04   3.3208515074E-03   5.9253297646E-06  -3.2022089524E-04
   23      4.9071918365E-04  -2.7625777204E-06   2.4956147190E-06   3.4802205818E-05  -6.7000907308E-07
   24      8.0375624249E-07   4.4390509762E-04   1.1448999162E-04  -7.0991199163E-07  -1.1128577273E-03
   25      5.1286404773E-06  -1.6392331790E-03   1.2423570068E-03   4.8603887457E-06   3.4594304941E-04
   26      3.5808513099E-05  -4.2159522754E-07   1.0476598830E-06   4.9120910418E-04  -7.5287413622E-07
   27     -3.8732166719E-07  -5.7977770686E-04   2.4805869746E-04   2.0850498842E-07   7.3180174338E-04
   28     -1.7874577821E-07  -1.2944377195E-03   1.7975788659E-04   2.4556398332E-07   4.1966194399E-04
   29     -1.2339577309E-04   1.0172891792E-07   1.4431638397E-07  -1.2289961527E-04   1.5232163202E-07
   30     -7.2411631178E-07   3.6375078881E-05  -5.8870114437E-05   4.2013310242E-07   4.4058412393E-04
   31     -1.3522195062E-06  -6.0157788582E-05   2.1141503626E-05   2.6767728826E-07  -8.2655240157E-04
   32     -4.1933664525E-03   2.5767203422E-07   2.8562758384E-07  -1.0872190868E-03   2.5751378907E-07
   33      3.5230429413E-05   7.3598465349E-04  -8.7650362659E-04   9.8593496397E-07   3.6520376256E-05
   34     -7.3018045455E-05   8.7659444266E-04  -9.6957234869E-04   1.6152222966E-06   5.8924008680E-05
   35      2.5505281988E-02  -1.0352365356E-06   1.5177627886E-06   8.9872089805E-04  -2.6204808849E-07
   36     -1.0352365356E-06   1.3716799495E-01   1.3610572276E-01  -4.9190314826E-05   1.2053716342E-03
   37      1.5177627886E-06   1.3610572276E-01   2.8245952577E-01  -8.8534262525E-05  -2.2235017779E-04
   38      8.9872089805E-04  -4.9190314826E-05  -8.8534262525E-05   2.5509159483E-02  -1.7806015511E-07
   39     -2.6204808849E-07   1.2053716342E-03  -2.2235017779E-04  -1.7806015511E-07   1.3317207671E-01
   40      2.4151146743E-07   1.7897997533E-04   6.3017512151E-04  -1.7741667211E-06  -1.2915374159E-01
   41     -1.0875955336E-03   1.8164402713E-07  -8.5177473600E-07  -4.1943646849E-03   4.8404001535E-05
                   40                 41        
     0      1.6128463341E-02  -6.2903337232E-06
     1     -1.8788072333E-02   5.2732046542E-06
     2      4.6985835628E-06   2.4772169303E-03
     3     -4.2335912027E-03   3.1837078815E-06
     4     -3.2893185892E-03   3.8343399728E-06
     5      4.1572600252E-06   7.1102243679E-03
     6     -9.5852551611E-04  -6.3252822217E-07
     7      2.8131954486E-04  -1.0749520659E-06
     8     -1.9567330029E-07  -7.8147077823E-04
     9     -4.4553380402E-04  -4.5706903792E-07
    10      1.7606977879E-03   5.0520900284E-07
    11      2.7909268011E-06   7.6820856848E-03
    12     -1.9287359968E-03   4.8507569540E-06
    13      3.7518601019E-03  -1.1390719407E-06
    14     -8.9745888577E-07   2.4079635032E-03
    15      1.2000330855E-01  -4.8096913638E-05
    16     -2.6663893353E-01   8.5536966863E-05
    17      8.5802944456E-05  -3.5741911091E-02
    18     -6.0712596404E-04   1.3426291940E-07
    19      2.0368994717E-04  -1.6477291576E-06
    20      5.2549637452E-07   8.9758588112E-04
    21      1.8160084314E-04  -3.8018900702E-08
    22      5.2246311711E-05   1.1824603581E-06
    23      8.3004289424E-08   7.6999705821E-06
    24      3.3356277145E-05  -6.1234602609E-07
    25     -2.0347721176E-05   1.3190313082E-06
    26     -3.8158798343E-08  -4.8591745103E-04
    27     -8.1489434494E-05   1.8278381293E-07
    28      9.5358725778E-04  -1.4189024217E-06
    29     -1.5909945824E-06  -3.7640579711E-03
    30      8.2656933551E-04  -2.9013970849E-08
    31     -1.0974960370E-03   1.0951787156E-06
    32      7.2111102517E-07   1.8759864222E-04
    33      6.0232134516E-05  -6.3314209938E-07
    34      2.1190871994E-05   7.0389324931E-07
    35      2.4151146743E-07  -1.0875955336E-03
    36      1.7897997533E-04   1.8164402713E-07
    37      6.3017512151E-04  -8.5177473600E-07
    38     -1.7741667211E-06  -4.1943646849E-03
    39     -1.2915374159E-01   4.8404001535E-05
    40      2.8217940126E-01  -9.3921119758E-05
    41     -9.3921119758E-05   2.5284942529E-02

$vibrational_frequencies
42
    0        0.0000000000000000
    1        0.0000000000000000
    2        0.0000000000000000
    3        0.0000000000000000
    4        0.0000000000000000
    5        0.0000000000000000
    6       70.5488920258706145
    7      168.2169475298219936
    8      266.8490955692148532
    9      395.2662571964798985
   10      414.2286273276515658
   11      444.0570926661616795
   12      529.1719157542545418
   13      627.5768227900089187
   14      695.0743173719899914
   15      696.8719360688445477
   16      716.8487181676250657
   17      811.3918078769696649
   18      848.9609094293817861
   19      867.2699464682428925
   20      951.8242428421817749
   21      976.4107755498962433
   22      997.4418779233762962
   23     1025.6730236684588817
   24     1045.7344591989931359
   25     1101.4078499999277483
   26     1113.3256969558415221
   27     1184.7386859898388138
   28     1197.1933159706629795
   29     1332.7671136135504639
   30     1351.4506363977895944
   31     1368.6884770557694537
   32     1484.4486221857407600
   33     1506.2454952802170283
   34     1568.7758716969435682
   35     1622.4217867777342690
   36     1646.9916509462930208
   37     3168.4903554602988152
   38     3180.0171406013710111
   39     3189.0372900803336051
   40     3214.3160404481668593
   41     3215.0330364798933260

$normal_modes
42 42
                    0                  1                  2                  3                  4        
    0      0.0000000000E+00   0.0000000000E+00   0.0000000000E+00   0.0000000000E+00   0.0000000000E+00
    1      0.0000000000E+00   0.0000000000E+00   0.0000000000E+00   0.0000000000E+00   0.0000000000E+00
    2      0.0000000000E+00   0.0000000000E+00   0.0000000000E+00   0.0000000000E+00   0.0000000000E+00
    3      0.0000000000E+00   0.0000000000E+00   0.0000000000E+00   0.0000000000E+00   0.0000000000E+00
    4      0.0000000000E+00   0.0000000000E+00   0.0000000000E+00   0.0000000000E+00   0.0000000000E+00
