*************************************************
******************* ORCA 6.0.0 ******************
*************************************************
$Calculation_Status
   &GeometryIndex 1
   &ListStatus       OUT
   &VERSION [&Type "String"] "6.0.0"
   &PROGNAME [&Type "String"] "LeanSCF"
   &STATUS [&Type "String"] "NORMAL TERMINATION"
$End
$Geometry
   &GeometryIndex 1
   &ListStatus       OUT
   &NATOMS [&Type "Integer"] 14
   &NCORELESSECP [&Type "Integer"] 0
   &NGHOSTATOMS [&Type "Integer"] 0
   &CartesianCoordinates [&Type "Coordinates", &Dim(14,4), &Units "Bohr"] 
              C     -4.856890688389    0.000003287935    0.000062428615
              C     -3.547110128061   -2.283722166309    0.000847016638
              C     -0.921667405077   -2.301004445017    0.000722120859
              C      0.341795645132   -0.000005681084   -0.000214095955
              C     -0.921696741375    2.300992408406   -0.000746437099
              C     -3.547139008557    2.283737378604   -0.000746622103
              N      3.139341617219    0.000028761443   -0.000966680144
              O      4.207922144745    2.052329903604    0.001575764577
              O      4.207827408806   -2.052375258921   -0.000473613368
              H     -6.907248084706   -0.000003117670    0.000093062209
              H     -4.571915242480   -4.058780020591    0.001496734908
              H      0.148241662471   -4.044576854464    0.001202495667
              H      0.148217737782    4.044580300757   -0.001351789890
              H     -4.571945872106    4.058798374934   -0.001415734065
$End
$SCF_Energy
   &GeometryIndex 1
   &ListStatus       OUT
   &SCF_ENERGY [&Type "Double"]      -4.3670832247693158e+02
$End
$DFT_Energy
   &GeometryIndex 1
   &ListStatus       OUT
   &NALPHAEL [&Type "Integer"] 32
   &NBETAEL [&Type "Integer"] 32
   &NTOTALEL [&Type "Integer"] 64
   &EEXCHANGE [&Type "Double"]      -5.6154379019265903e+01
   &ECORR [&Type "Double"]      -2.1131872081508520e+00
   &ECNL [&Type "Double"]       0.0000000000000000e+00
   &EXC [&Type "Double"]      -5.8267566227416758e+01
   &EEMBED [&Type "Double"]       0.0000000000000000e+00
   &FINALEN [&Type "Double"]      -4.3670832247693158e+02  "No Van der Waals correction"
$End
$Mulliken_Population_Analysis
   &GeometryIndex 1
   &ListStatus       OUT
   &NATOMS [&Type "Integer"] 14
   &ATNO [&Type "ArrayOfIntegers", &Dim (14,1)] 
                                                         0

0                                                        6
1                                                        6
2                                                        6
3                                                        6
4                                                        6
5                                                        6
6                                                        7
7                                                        8
8                                                        8
9                                                        1
10                                                       1
11                                                       1
12                                                       1
13                                                       1
   &ATOMICCHARGES [&Type "ArrayOfDoubles", &Dim (14,1)] 
                                                         0

0                                     -1.0920645478022362e-01
1                                     -6.1652777837652550e-02
2                                     -1.7301788438158461e-01
3                                      5.2246897429118810e-02
4                                     -1.7302820439359223e-01
5                                     -6.1672069322962209e-02
6                                      5.3026986807619547e-01
7                                     -3.4114077301138757e-01
8                                     -3.4103661685912101e-01
9                                      1.2413759237358080e-01
10                                     1.2520098583901196e-01
11                                     1.5184862096121787e-01
12                                     1.5184895090582029e-01
13                                     1.2520186500150232e-01
$End
$Loewdin_Population_Analysis
   &GeometryIndex 1
   &ListStatus       OUT
   &NATOMS [&Type "Integer"] 14
   &ATNO [&Type "ArrayOfIntegers", &Dim (14,1)] 
                                                         0

0                                                        6
1                                                        6
2                                                        6
3                                                        6
4                                                        6
5                                                        6
6                                                        7
7                                                        8
8                                                        8
9                                                        1
10                                                       1
11                                                       1
12                                                       1
13                                                       1
   &ATOMICCHARGES [&Type "ArrayOfDoubles", &Dim (14,1)] 
                                                         0

0                                     -1.1566743030931015e-01
1                                     -1.2382184463349866e-01
2                                     -9.0515311859920899e-02
3                                     -1.5620283478719088e-01
4                                     -9.0525748431973696e-02
5                                     -1.2382938550422740e-01
6                                     -2.9597898360717245e-02
7                                     -1.7528305907029917e-02
8                                     -1.7444941004635339e-02
9                                      1.4834746103726248e-01
10                                     1.4915761957572249e-01
11                                     1.5923538031026419e-01
12                                     1.5923528417226729e-01
13                                     1.4915795570295998e-01
$End
$Mayer_Population_Analysis
   &GeometryIndex 1
   &ListStatus       OUT
   &NATOMS [&Type "Integer"] 14 "Total number of atoms"
   &BONDTHRESH [&Type "Double"]       1.0000000000000001e-01  "The threshold for printing"
   &NBONDORDERSPRINT [&Type "Integer"] 15 "The number of bond orders larger than threshold"
   &BONDORDERS [&Type "ArrayOfDoubles", &Dim (15,1)] "The bond orders"
                                                         0

0                                      1.3838065916996212e+00
1                                      1.3838155741749292e+00
2                                      9.6594394563102881e-01
3                                      1.4052108147220068e+00
4                                      9.6707652331778016e-01
5                                      1.3905206825737393e+00
6                                      9.4150451280096947e-01
7                                      1.3905128706222185e+00
8                                      9.6099227984148961e-01
9                                      1.4052144366060486e+00
10                                     9.4149331275646653e-01
11                                     9.6707528390494091e-01
12                                     1.5334854361306147e+00
13                                     1.5335356343855786e+00
14                                     2.2060645092601083e-01
   &COMPONENTS [&Type "ArrayOfIntegers", &Dim (15,4)] "The indices and atomic numbers of the bonding atoms"
                                                         0                           1                           2                           3

0                                                        0                           6                           1                           6
1                                                        0                           6                           5                           6
2                                                        0                           6                           9                           1
3                                                        1                           6                           2                           6
4                                                        1                           6                          10                           1
5                                                        2                           6                           3                           6
6                                                        2                           6                          11                           1
7                                                        3                           6                           4                           6
8                                                        3                           6                           6                           7
9                                                        4                           6                           5                           6
10                                                       4                           6                          12                           1
11                                                       5                           6                          13                           1
12                                                       6                           7                           7                           8
13                                                       6                           7                           8                           8
14                                                       7                           8                           8                           8
   &ATNO [&Type "ArrayOfIntegers", &Dim (14,1)] "Atomic number of the elements"
                                                         0

0                                                        6
1                                                        6
2                                                        6
3                                                        6
4                                                        6
5                                                        6
6                                                        7
7                                                        8
8                                                        8
9                                                        1
10                                                       1
11                                                       1
12                                                       1
13                                                       1
   &NA [&Type "ArrayOfDoubles", &Dim (14,1)] "Mulliken gross atomic population"
                                                         0

0                                      6.1092064547802440e+00
1                                      6.0616527778376099e+00
2                                      6.1730178843815935e+00
3                                      5.9477531025709016e+00
4                                      6.1730282043935922e+00
5                                      6.0616720693229613e+00
6                                      6.4697301319237708e+00
7                                      8.3411407730113645e+00
8                                      8.3410366168591175e+00
9                                      8.7586240762641865e-01
10                                     8.7479901416098826e-01
11                                     8.4815137903878346e-01
12                                     8.4815104909418093e-01
13                                     8.7479813499849612e-01
   &ZA [&Type "ArrayOfDoubles", &Dim (14,1)] "Total nuclear charge"
                                                         0

0                                      6.0000000000000000e+00
1                                      6.0000000000000000e+00
2                                      6.0000000000000000e+00
3                                      6.0000000000000000e+00
4                                      6.0000000000000000e+00
5                                      6.0000000000000000e+00
6                                      7.0000000000000000e+00
7                                      8.0000000000000000e+00
8                                      8.0000000000000000e+00
9                                      1.0000000000000000e+00
10                                     1.0000000000000000e+00
11                                     1.0000000000000000e+00
12                                     1.0000000000000000e+00
13                                     1.0000000000000000e+00
   &QA [&Type "ArrayOfDoubles", &Dim (14,1)] "Mulliken gross atomic charge"
                                                         0

0                                     -1.0920645478024404e-01
1                                     -6.1652777837609918e-02
2                                     -1.7301788438159349e-01
3                                      5.2246897429098382e-02
4                                     -1.7302820439359223e-01
5                                     -6.1672069322961320e-02
6                                      5.3026986807622922e-01
7                                     -3.4114077301136447e-01
8                                     -3.4103661685911746e-01
9                                      1.2413759237358135e-01
10                                     1.2520098583901174e-01
11                                     1.5184862096121654e-01
12                                     1.5184895090581907e-01
13                                     1.2520186500150388e-01
   &VA [&Type "ArrayOfDoubles", &Dim (14,1)] "Mayer's total valence"
                                                         0

0                                      3.9135537245355017e+00
1                                      3.8456495241376287e+00
2                                      3.9843539925660223e+00
3                                      3.8429698718379250e+00
4                                      3.9843419456686364e+00
5                                      3.8456729313288824e+00
6                                      4.0328782140343353e+00
7                                      1.8952609789359287e+00
8                                      1.8953334126996120e+00
9                                      9.7528857390986601e-01
10                                     9.7574118030150647e-01
11                                     9.9831161463314422e-01
12                                     9.9830976348504996e-01
13                                     9.7574309842538098e-01
   &BVA [&Type "ArrayOfDoubles", &Dim (14,1)] "Mayer's bonded valence"
                                                         0

0                                      3.9135537245354692e+00
1                                      3.8456495241376509e+00
2                                      3.9843539925660036e+00
3                                      3.8429698718378762e+00
4                                      3.9843419456689633e+00
5                                      3.8456729313290134e+00
6                                      4.0328782140343185e+00
7                                      1.8952609789359547e+00
8                                      1.8953334126995725e+00
9                                      9.7528857390984014e-01
10                                     9.7574118030145429e-01
11                                     9.9831161463311835e-01
12                                     9.9830976348510003e-01
13                                     9.7574309842536455e-01
   &FA [&Type "ArrayOfDoubles", &Dim (14,1)] "Mayer's free valence"
                                                         0

0                                      0.0000000000000000e+00
1                                      0.0000000000000000e+00
2                                      0.0000000000000000e+00
3                                      0.0000000000000000e+00
4                                      0.0000000000000000e+00
5                                      0.0000000000000000e+00
6                                      0.0000000000000000e+00
7                                      0.0000000000000000e+00
8                                      0.0000000000000000e+00
9                                      0.0000000000000000e+00
10                                     0.0000000000000000e+00
11                                     0.0000000000000000e+00
12                                     0.0000000000000000e+00
13                                     0.0000000000000000e+00
$End
$VdW_Correction
   &GeometryIndex 1
   &ListStatus       OUT
   &VDW [&Type "Double"]      -4.6505328704183274e-03
$End
$Calculation_Info
   &GeometryIndex 1
   &ListStatus       OUT
   &MULT [&Type "Integer"] 1
   &CHARGE [&Type "Integer"] 0
   &NUMOFATOMS [&Type "Integer"] 14
   &NUMOFELECTRONS [&Type "Integer"] 64
   &NUMOFFCELECTRONS [&Type "Integer"] 1
   &NUMOFCORRELECTRONS [&Type "Integer"] 0
   &NUMOFBASISFUNCTS [&Type "Integer"] 309
   &NUMOFAUXCBASISFUNCTS [&Type "Integer"] 0
   &NUMOFAUXJBASISFUNCTS [&Type "Integer"] 325
   &NUMOFAUXJKBASISFUNCTS [&Type "Integer"] 0
   &NUMOFCABSBASISFUNCTS [&Type "Integer"] 0
   &TOTALENERGY [&Type "Double"]      -4.3670412687460203e+02  "Hartrees"
$End
$SCF_Dipole_Moment
   &GeometryIndex 1
   &ListStatus       OUT
   &METHOD [&Type "String"] "SCF"
   &LEVEL [&Type "String"] "Relaxed density"
   &MULT [&Type "Integer"] 1
   &STATE [&Type "Integer"] -1
   &IRREP [&Type "Integer"] 0
   &NATOMS [&Type "Integer"] 14
   &DODIPOLEATOM [&Type "Boolean"] false
   &DIPOLEELECCONTRIB [&Type "ArrayOfDoubles", &Dim (3,1)] "Electronic contribution"
                                                         0

0                                      5.9626851515576984e+00
1                                     -2.5081598503769176e-04
2                                     -4.5588843716110527e-04
   &DIPOLENUCCONTRIB [&Type "ArrayOfDoubles", &Dim (3,1)] "Nuclear contribution"
                                                         0

0                                     -7.7700333247667732e+00
1                                      1.4987643460528943e-05
2                                     -4.7104326471633651e-05
   &DIPOLETOTAL [&Type "ArrayOfDoubles", &Dim (3,1)] "Total"
                                                         0

0                                     -1.8073481732090748e+00
1                                     -2.3582834157716281e-04
2                                     -5.0299276363273892e-04
   &DIPOLEMAGNITUDE [&Type "Double", &Units "a.u."]       1.8073482585873999e+00
$End
$THERMOCHEMISTRY_Energies
   &GeometryIndex 1
   &ListStatus       OUT
   &TEMPERATURE [&Type "Double"]       2.9814999999999998e+02
   &PRESSURE [&Type "Double"]       1.0000000000000000e+00
   &TOTALMASS [&Type "Double"]       1.2311099999999999e+02
   &SPINDEGENERACY [&Type "Integer"] 1
   &ELENERGY [&Type "Double"]      -4.3670412687460203e+02
   &TRANSENERGY [&Type "Double"]       1.4162714244859817e-03
   &ROTENERGY [&Type "Double"]       1.4162714244859817e-03
   &VIBENERGY [&Type "Double"]       3.9480367643764964e-03
   &NUMOFFREQS [&Type "Integer"] 42
   &FREQSCALINGFACTOR [&Type "Double"]       1.0000000000000000e+00
   &FREQ [&Type "ArrayOfDoubles", &Dim (42,1)] "In cm^-1"
                                                         0

0                                      0.0000000000000000e+00
1                                      0.0000000000000000e+00
2                                      0.0000000000000000e+00
3                                      0.0000000000000000e+00
4                                      0.0000000000000000e+00
5                                      0.0000000000000000e+00
6                                      7.0548892025870614e+01
7                                      1.6821694752982199e+02
8                                      2.6684909556921485e+02
9                                      3.9526625719647990e+02
10                                     4.1422862732765157e+02
11                                     4.4405709266616168e+02
12                                     5.2917191575425454e+02
13                                     6.2757682279000892e+02
14                                     6.9507431737198999e+02
15                                     6.9687193606884455e+02
16                                     7.1684871816762507e+02
17                                     8.1139180787696966e+02
18                                     8.4896090942938179e+02
19                                     8.6726994646824289e+02
20                                     9.5182424284218177e+02
21                                     9.7641077554989624e+02
22                                     9.9744187792337630e+02
23                                     1.0256730236684589e+03
24                                     1.0457344591989931e+03
25                                     1.1014078499999277e+03
26                                     1.1133256969558415e+03
27                                     1.1847386859898388e+03
28                                     1.1971933159706630e+03
29                                     1.3327671136135505e+03
30                                     1.3514506363977896e+03
31                                     1.3686884770557695e+03
32                                     1.4844486221857408e+03
33                                     1.5062454952802170e+03
34                                     1.5687758716969436e+03
35                                     1.6224217867777343e+03
36                                     1.6469916509462930e+03
37                                     3.1684903554602988e+03
38                                     3.1800171406013710e+03
39                                     3.1890372900803336e+03
40                                     3.2143160404481669e+03
41                                     3.2150330364798933e+03
   &ZPE [&Type "Double"]       1.0250562106598647e-01
   &INNERENERGYU [&Type "Double"]      -4.3659484067392270e+02
   &ENTHALPYH [&Type "Double"]      -4.3659389646488046e+02
   &QEL [&Type "Double"]       0.0000000000000000e+00
   &QROT [&Type "Double"]       1.3568770427030729e-02
   &QVIB [&Type "Double"]       6.3611090800498532e-03
   &QTRANS [&Type "Double"]       1.9165707894368139e-02
   &ENTROPYS [&Type "Double"]       3.9095587401448723e-02
   &FREEENERGYG [&Type "Double"]      -4.3663299205228191e+02
   &ISLINEAR [&Type "Boolean"] false
$End
$Hessian
   &GeometryIndex 1
   &ListStatus       OUT
   &HESSIAN [&Type "ArrayOfDoubles", &Dim (42,42)] "The Hessian"
                                                         0                           1                           2                           3                           4                           5                           6                           7

0                                      7.3794206312494059e-01         8.3432477243714637e-06        -8.3340513667598872e-06        -1.7813657498213281e-01         1.1507771385401040e-01        -4.0296350182573682e-05        -2.9104123681490863e-02         3.1113152938999203e-02
1                                      8.3432477243714637e-06         6.5488300901146190e-01        -1.7770327273649778e-04         5.5697988085654744e-02        -2.8015371909368525e-01         8.2631464559676293e-05         7.1974576175511076e-02         3.2028320844548326e-02
2                                     -8.3340513667598872e-06        -1.7770327273649778e-04         1.3486001113313228e-01        -1.8875614284549779e-05         7.6722070478796995e-05        -6.1546224544962766e-02        -2.0293600519450654e-05        -9.1733173063429999e-06
3                                     -1.7813657498213281e-01         5.5697988085654744e-02        -1.8875614284549779e-05         6.7943064894344551e-01         3.7884201579029483e-02        -3.4498962471601462e-05        -3.3784398192276194e-01         3.0539572345462840e-02
4                                      1.1507771385401040e-01        -2.8015371909368525e-01         7.6722070478796995e-05         3.7884201579029483e-02         7.1626388049611722e-01        -2.1339035967118391e-04        -2.9691339691416470e-02        -1.2849488634110695e-01
5                                     -4.0296350182573682e-05         8.2631464559676293e-05        -6.1546224544962766e-02        -3.4498962471601462e-05        -2.1339035967118391e-04         1.3090954230173754e-01         1.5758091344116045e-05         1.4746136110362063e-05
6                                     -2.9104123681490863e-02         7.1974576175511076e-02        -2.0293600519450654e-05        -3.3784398192276194e-01        -2.9691339691416470e-02         1.5758091344116045e-05         6.9337843517382081e-01        -4.4183831387385603e-02
7                                      3.1113152938999203e-02         3.2028320844548326e-02        -9.1733173063429999e-06         3.0539572345462840e-02        -1.2849488634110695e-01         1.4746136110362063e-05        -4.4183831387385603e-02         7.2159208070263703e-01
8                                     -7.8286313017771881e-06        -1.0113329150503216e-05         6.8051326180763785e-03         1.2964729042207314e-05         1.9319595057064335e-05        -6.1178975548096828e-02        -4.2747961010883789e-05        -1.9891102274081744e-04
9                                     -2.1278436375276460e-04        -6.3177028432050035e-07        -5.8238916151217043e-07        -3.5186424559322471e-02        -2.5646613566887268e-02         1.4540094678905798e-05        -1.4938178158426668e-01        -1.0070544283262507e-01
10                                    -2.4523541503510659e-06        -6.1455595057951146e-02         1.7721519984425908e-05        -7.1606403271704838e-02         3.0516508785941351e-02        -6.0176256445713746e-06        -4.9531855710918005e-02        -2.9275710838048624e-01
11                                    -2.9300213670733226e-06         1.2622277993742772e-05        -7.3831566312567050e-03         2.1587281070466806e-05         4.8509320731263386e-06         5.9100674443698428e-03         5.1650425318227626e-05         8.8511241286257054e-05
12                                    -2.9102634331574419e-02        -7.1972415487863511e-02         2.0056200363415095e-05        -4.4832758144677076e-02         2.6132720053671610e-02        -5.4250024012421577e-06         5.5476358321141436e-02         1.9513678220653176e-02
13                                    -3.1108844149695371e-02         3.2028653473098370e-02        -7.6116284248734857e-06         2.8691633870272491e-02        -1.5309027683556721e-02         1.3938688696402408e-06        -1.9505678077410250e-02        -5.4916180420323299e-02
14                                     1.2458352844178874e-05        -3.4054242412680099e-06         6.7922614123651238e-03        -6.1279314225186290e-06         1.1840317737490634e-06        -6.5995675780887823e-03         3.4994344175048551e-06         1.9553603359941860e-05
15                                    -1.7814128602304219e-01        -5.5707301311560889e-02         2.5981125422029347e-05         6.1521980643309743e-02        -2.0173420359989785e-02        -1.6608458236542103e-06        -4.4832634459660306e-02        -2.8697341431659279e-02
16                                    -1.1508539146512381e-01        -2.8016639157507600e-01         7.9191287769524079e-05         2.0176749644651770e-02        -5.8297964158132126e-02         1.7337920821491682e-05        -2.6136134222123204e-02        -1.5307486536561431e-02
17                                     4.2026113879277048e-05         7.3286045970946142e-05        -6.1528346419848869e-02        -8.1538987564357393e-06         2.0250402939192233e-05         8.1085642977248452e-03         1.0441454542189007e-05         5.9079304974536190e-06
18                                    -7.8612819507542248e-04         1.1141500976918192e-06        -4.0706858030379301e-07         8.6230820949910764e-03        -4.7465890068944267e-03         1.6671719854656485e-06        -3.4839279568932388e-02        -2.0506609014478951e-02
19                                     9.5700104421548845e-07        -5.1826640228223421e-03         1.9802869142937753e-05        -5.4548071063158909e-03        -7.2909306086693191e-03         1.6574230709884706e-05        -2.5934971720676631e-02         1.3764130821891311e-02
20                                    -5.4009083712692093e-06        -2.4127919216657923e-06        -1.9276236815633225e-03        -7.1998442628272142e-07         1.3619989740627444e-05         9.6316558486194553e-03         2.1087573300051112e-05        -1.4302936144573915e-05
21                                    -2.0608200937239512e-04        -1.4742173404689017e-03        -2.6185223326826246e-07        -3.1163968878779253e-03        -1.7901477737822689e-03         5.0861824575182511e-06        -5.3436983536344837e-03         7.4902980861427139e-03
22                                     1.0744775469351175e-03         7.8772429574689459e-04        -8.4975639754618702e-06        -1.2684484063729099e-03         7.7527322110588570e-04         1.4282569633560802e-06        -9.6276196565081226e-04         3.2358836408447871e-03
23                                     2.6337806295532811e-06         2.7848648327150653e-06         2.7635230490683947e-04         2.8963905705496679e-07        -5.5284623748790124e-06        -1.5843495604382083e-03        -1.0593294884356379e-05         7.9434429961452752e-06
24                                    -2.0654331729452020e-04         1.4746788343697412e-03        -9.9303756893804507e-08        -8.2962376733905149e-05         1.3989158329224083e-03        -1.6905258634661748e-06        -3.0205524227114172e-03         2.0825317956392822e-03
25                                    -1.0754813475420731e-03         7.8841364048491691e-04        -7.2486832910917695e-06         2.8687645078526959e-03         1.0698095367546834e-03        -6.8735315744598075e-06        -8.6929880706615916e-03        -7.2485795270365236e-03
26                                     1.5519462991981871e-06        -6.4797804028831767e-07         2.7592540442229860e-04         2.6830678334276223e-07        -3.9694836598681867e-06        -9.8609151893052521e-04         3.2336890584409492e-07         5.9009420938075585e-06
27                                    -3.3478168477840381e-01        -1.6800184516861999e-06         2.6706724168771289e-06        -1.1536157504520521e-02        -2.6593942998647258e-03         4.7866477093275868e-06         3.7719875048386822e-04         3.2562121974831970e-03
28                                    -1.1920145739980532e-06        -5.8938780205286478e-02         7.5950105765224334e-06         2.8246785891519577e-02         4.6232758186446257e-03        -4.4367126457691629e-08         2.7443705544620812e-03        -4.6762460780247145e-03
29                                     4.3850486316857463e-06         8.1874493660131361e-06        -3.7181985281152297e-02        -1.1933862443753999e-05         1.3203700033390129e-06         3.0921517589992675e-03         1.2156356808202645e-06         5.4792434082179889e-06
30                                     1.1719298031459402e-02         1.4961414854065665e-02        -7.5020791515574383e-06        -1.2727031061555133e-01        -1.1986173736687458e-01         4.3792682057023833e-05        -1.2265706573805497e-02        -2.8869019828750300e-02
31                                    -1.6129322253112231e-02        -1.8788927281642082e-02         5.6287454162317215e-06        -1.2000270363298662e-01        -2.6664023090456113e-01         8.6814509194519231e-05         1.9292084926276071e-03         3.7518279828919511e-03
32                                     6.5772917568410104e-06         4.7753507461132965e-06         2.4821553823635148e-03         4.1762613861874836e-05         8.6036811156281739e-05        -3.5748571785398857e-02        -1.5768138259402654e-06         3.3197750152394999e-07
33                                    -5.3512338639931959e-03        -1.1826545312761038e-03         1.4726242021139645e-06        -9.7876267233387715e-03         2.6498955310125683e-02        -6.0016828704917081e-06        -1.3013007329650500e-01         1.2638774759194163e-01
34                                    -1.0617831279421223e-03         1.4788269287914092e-03         8.4595709229642386e-07        -2.2169573470274609e-03         5.7972094896488781e-03        -5.9969577136190855e-07         1.2450706767352734e-01        -2.6815494456157418e-01
35                                     1.0706822605562434e-06        -3.5876717982148856e-07         7.7973439202992110e-03        -4.5809840983377556e-07        -3.1803671286321050e-06         3.7127402385531260e-03        -2.6647740322769093e-05         7.2585537699078984e-05
36                                    -5.3513045251239533e-03         1.1818135191968117e-03        -5.8817123487158524e-07        -9.2215153988308807e-04         8.5720060856178909e-04         1.0953635983623912e-06        -1.5934944002846379e-03         3.6039518287863158e-03
37                                     1.0613391558847206e-03         1.4792013751410353e-03        -5.1162554750488048e-07         7.2064794567297974e-04         4.3012003067222960e-04         7.8634204326177621e-07         4.3225068335249073e-03        -3.0981316925570226e-03
38                                     6.9957148697030012e-07         3.6209524048889580e-06         7.8009374529352197e-03         2.7039055555380040e-06        -1.4279869827893808e-08        -8.3116572196346766e-04        -2.4870414734981520e-06         1.3693378679133192e-07
39                                     1.1719018914856235e-02        -1.4961008780337608e-02         6.4410164091237832e-06        -8.6036642494641746e-04        -3.3238980756065762e-03         8.5530474530649087e-07        -8.7666598139299009e-04        -9.0454387750838936e-04
40                                     1.6128463341164832e-02        -1.8788072332809585e-02         4.6985835628082326e-06        -4.2335912027141060e-03        -3.2893185891735132e-03         4.1572600252170625e-06        -9.5852551611123275e-04         2.8131954485686441e-04
41                                    -6.2903337231993460e-06         5.2732046541781208e-06         2.4772169302830684e-03         3.1837078814947738e-06         3.8343399728395160e-06         7.1102243678753570e-03        -6.3252822216763308e-07        -1.0749520659030146e-06
                                                         8                           9                          10                          11                          12                          13                          14                          15

0                                     -7.8286313017771881e-06        -2.1278436375276460e-04        -2.4523541503510659e-06        -2.9300213670733226e-06        -2.9102634331574419e-02        -3.1108844149695371e-02         1.2458352844178874e-05        -1.7814128602304219e-01
1                                     -1.0113329150503216e-05        -6.3177028432050035e-07        -6.1455595057951146e-02         1.2622277993742772e-05        -7.1972415487863511e-02         3.2028653473098370e-02        -3.4054242412680099e-06        -5.5707301311560889e-02
2                                      6.8051326180763785e-03        -5.8238916151217043e-07         1.7721519984425908e-05        -7.3831566312567050e-03         2.0056200363415095e-05        -7.6116284248734857e-06         6.7922614123651238e-03         2.5981125422029347e-05
3                                      1.2964729042207314e-05        -3.5186424559322471e-02        -7.1606403271704838e-02         2.1587281070466806e-05        -4.4832758144677076e-02         2.8691633870272491e-02        -6.1279314225186290e-06         6.1521980643309743e-02
4                                      1.9319595057064335e-05        -2.5646613566887268e-02         3.0516508785941351e-02         4.8509320731263386e-06         2.6132720053671610e-02        -1.5309027683556721e-02         1.1840317737490634e-06        -2.0173420359989785e-02
5                                     -6.1178975548096828e-02         1.4540094678905798e-05        -6.0176256445713746e-06         5.9100674443698428e-03        -5.4250024012421577e-06         1.3938688696402408e-06        -6.5995675780887823e-03        -1.6608458236542103e-06
6                                     -4.2747961010883789e-05        -1.4938178158426668e-01        -4.9531855710918005e-02         5.1650425318227626e-05         5.5476358321141436e-02        -1.9505678077410250e-02         3.4994344175048551e-06        -4.4832634459660306e-02
7                                     -1.9891102274081744e-04        -1.0070544283262507e-01        -2.9275710838048624e-01         8.8511241286257054e-05         1.9513678220653176e-02        -5.4916180420323299e-02         1.9553603359941860e-05        -2.8697341431659279e-02
8                                      1.3432869429301827e-01         5.9879355325553107e-05         9.1573240282644759e-05        -6.2657334968003603e-02        -1.0442226866620087e-05         2.0364086830509732e-05         1.0090154448775854e-02         1.1759482389764500e-05
9                                      5.9879355325553107e-05         5.2374544517456179e-01         5.4140340121335223e-06        -2.8361862939705866e-05        -1.4940023022689691e-01         1.0070183203290729e-01        -1.8585557182061468e-05        -3.5180395243288289e-02
10                                     9.1573240282644759e-05         5.4140340121335223e-06         7.5624823365489258e-01        -1.5201701194601696e-04         4.9514717245068285e-02        -2.9274507267311667e-01         6.0606252516405642e-05         7.1611462638853776e-02
11                                    -6.2657334968003603e-02        -2.8361862939705866e-05        -1.5201701194601696e-04         1.3938866973233929e-01         6.8697739725004812e-06         5.3081330110603135e-05        -6.2659478469734492e-02        -2.2900915659874096e-05
12                                    -1.0442226866620087e-05        -1.4940023022689691e-01         4.9514717245068285e-02         6.8697739725004812e-06         6.9339944654184382e-01         4.4182051950035044e-02        -4.5108006682345082e-05        -3.3785962710476969e-01
13                                     2.0364086830509732e-05         1.0070183203290729e-01        -2.9274507267311667e-01         5.3081330110603135e-05         4.4182051950035044e-02         7.2157394492512161e-01        -1.7947755060200213e-04        -3.0538398751914848e-02
14                                     1.0090154448775854e-02        -1.8585557182061468e-05         6.0606252516405642e-05        -6.2659478469734492e-02        -4.5108006682345082e-05        -1.7947755060200213e-04         1.3429689860910451e-01         1.4584373187167095e-05
15                                     1.1759482389764500e-05        -3.5180395243288289e-02         7.1611462638853776e-02        -2.2900915659874096e-05        -3.3785962710476969e-01        -3.0538398751914848e-02         1.4584373187167095e-05         6.7944598094436648e-01
