
$orca_hessian_file

$act_atom
  0

$act_coord
  0

$act_energy
        0.000000

$multiplicity
  1

$hessian
48
                    0                  1                  2                  3                  4        
    0      5.3417589846E-01   2.7514990810E-02  -4.9012392314E-02  -9.8084326608E-02   1.7962985462E-02
    1      2.7514990810E-02   5.4505631418E-01   3.4668177032E-02   1.5785987349E-02  -8.9863294993E-02
    2     -4.9012392314E-02   3.4668177032E-02   4.9357533269E-01  -3.5291855052E-02   2.9944367841E-02
    3     -9.8084326608E-02   1.5785987349E-02  -3.5291855052E-02   4.5965339767E-01   2.8965197344E-02
    4      1.7962985462E-02  -8.9863294993E-02   2.9944367841E-02   2.8965197344E-02   5.8763809143E-01
    5     -4.2099801165E-02   3.0697374130E-02  -1.3150592086E-01  -3.9226434944E-02   3.3638360499E-02
    6     -2.9960197829E-02   7.3661483595E-03  -7.1702446866E-03  -1.9272496327E-01  -5.1229387919E-04
    7      1.3894107726E-02   1.0229521594E-03  -4.4797555865E-03   2.5426923126E-03  -8.6738577179E-02
    8     -2.4783161873E-02  -3.7802583569E-03   7.2943887866E-03   2.7342962417E-02  -6.3937364301E-04
    9     -1.0047935409E-03  -6.9910196806E-04   3.5546152595E-03  -2.0186726307E-02   2.5934859958E-02
   10     -2.4128515159E-03   4.0299937932E-04  -3.0407897649E-04   3.7685579235E-03   7.6743967178E-03
   11      2.6044959230E-05   9.3428900101E-05  -1.3219556844E-03   6.6802210939E-03  -4.7081098718E-03
   12     -8.4094078348E-04   2.6378015702E-04  -5.4235433385E-04   2.9741773756E-03   3.1724812864E-03
   13      1.8946267230E-04   8.1639257363E-05  -9.7968531507E-04   1.4655786662E-03  -5.1623903567E-03
   14      1.4805555236E-03  -1.7512744528E-04  -5.8170074146E-04   2.3921645501E-04  -9.7695744061E-04
   15      8.4025375557E-05  -7.0421844476E-04   6.4373374368E-04  -1.6040945888E-03  -1.4659246725E-04
   16      4.2354138470E-04   7.5804023312E-05   8.4105005378E-04   8.7796525112E-05  -8.5589360200E-04
   17      3.5379729307E-04  -1.2173682660E-04  -1.2666429852E-04   5.5601178200E-04  -3.2192491998E-05
   18      7.1577528875E-04   5.8670628654E-04   1.2107972514E-04   5.1734529037E-03  -4.2287285382E-03
   19      3.7165582816E-04   2.8661973562E-04  -5.0140488434E-04  -3.9587056184E-04  -5.5017982266E-03
   20      1.9228888436E-03   2.2268240606E-05  -5.1127821858E-04   1.1510259142E-03  -5.0564188704E-04
   21      7.5193908201E-04  -2.3319724646E-03   1.5778901695E-03  -2.5442250362E-02  -3.9667042781E-02
   22      1.6998726370E-03  -2.0215411123E-03   2.2464282693E-03  -1.8564386625E-02  -5.3980691681E-03
   23     -2.0345713646E-03   1.4193014301E-03   5.9274226887E-04   3.4482298834E-03   8.4333926255E-03
   24     -6.5913201646E-02  -7.0085906639E-02   1.2588669169E-02   3.3672971296E-03   1.8154275926E-02
   25     -6.8181115147E-02  -2.8493154083E-01   3.7364636736E-02  -1.4860974143E-03  -1.2882476594E-02
   26      1.1731364310E-02   3.5978186320E-02  -5.1775341683E-02   5.9682271568E-03   2.5770564025E-02
   27     -5.3270956386E-02   2.1126059842E-02   3.4836426684E-02   8.9385054686E-04  -9.8051998908E-03
   28      2.0857463312E-02  -1.1883796788E-01  -1.1495522195E-01  -1.9045794375E-03   6.8147598156E-03
   29      3.4294798192E-02  -1.1408145649E-01  -2.2659356459E-01   2.2251928611E-03  -1.2188509705E-02
   30     -2.9370303124E-01  -8.3240617330E-03   5.9091915851E-02  -1.6160967342E-02  -9.9420549023E-04
   31     -8.6169217549E-03  -4.6479145725E-02   1.0141492162E-03   1.4100251548E-02  -9.0601635763E-04
   32      6.0487912567E-02   1.3031428352E-03  -5.9765419564E-02  -2.7119142852E-02  -1.1953838863E-03
   33      2.7170356497E-03  -9.4662911659E-03  -1.7282500808E-02  -5.2889430957E-02   2.2234432579E-02
   34     -1.6241885729E-03   6.7463525475E-03   1.2861364320E-02   2.2123693666E-02  -1.1609234574E-01
   35      2.5677774410E-03  -1.1941061406E-02  -2.4122821480E-02   4.2922345411E-02  -1.1048681955E-01
   36      4.4447676661E-03   1.9052277076E-02  -3.3498153928E-03  -6.5883449800E-02  -6.0765719813E-02
   37     -2.3921121075E-03  -1.1710022913E-02   2.2780618434E-03  -6.5503501337E-02  -2.7913899887E-01
   38      5.7186985661E-03   2.5356765817E-02  -5.4448982920E-03   1.2508600583E-02   3.3001264832E-02
   39     -5.3909714769E-05  -1.1008878963E-04   1.0749039224E-04   7.9193072697E-04   9.2226412846E-04
   40      3.1863695117E-04   1.7823393195E-04  -9.5779623048E-05  -1.2636381131E-03  -4.6250563602E-05
   41     -1.5161644487E-04   3.8315269527E-04   2.1550767152E-04  -7.6285452536E-04  -3.9271509736E-04
   42     -1.0287279030E-04   4.1109610983E-05   5.0623311074E-05  -4.7137398418E-05   6.8307508375E-05
   43      2.3248497253E-07   5.9884826468E-06   1.8296398002E-05   7.3310108633E-05   3.9782771960E-04
   44     -4.7526063426E-04   3.8635790115E-05   1.8011554555E-04  -5.8703732053E-04   1.1795031375E-04
   45      4.4789014369E-05   7.6772946001E-06   8.1431335323E-05   1.6924027815E-04  -1.3071930309E-03
   46     -2.8855748884E-05  -1.3390245243E-05   5.6547823845E-05   2.1717974303E-04   6.1035963131E-05
   47     -3.1746952300E-05   1.6205413828E-04  -1.0852154790E-04  -4.2926148268E-05   2.3776557610E-04
                    5                  6                  7                  8                  9        
    0     -4.2099801165E-02  -2.9960197829E-02   1.3894107726E-02  -2.4783161873E-02  -1.0047935409E-03
    1      3.0697374130E-02   7.3661483595E-03   1.0229521594E-03  -3.7802583569E-03  -6.9910196806E-04
    2     -1.3150592086E-01  -7.1702446866E-03  -4.4797555865E-03   7.2943887866E-03   3.5546152595E-03
    3     -3.9226434944E-02  -1.9272496327E-01   2.5426923126E-03   2.7342962417E-02  -2.0186726307E-02
    4      3.3638360499E-02  -5.1229387919E-04  -8.6738577179E-02  -6.3937364301E-04   2.5934859958E-02
    5      4.9277611851E-01   3.0626799861E-02  -1.3998707820E-03  -7.7439891500E-02   6.1221723875E-03
    6      3.0626799861E-02   6.4255689161E-01   5.6181550610E-03  -8.8532634155E-02  -1.7279221835E-01
    7     -1.3998707820E-03   5.6181550610E-03   6.3604968442E-01   2.3989446852E-02   2.7378151950E-02
    8     -7.7439891500E-02  -8.8532634155E-02   2.3989446852E-02   2.1440546010E-01   2.0475177925E-02
    9      6.1221723875E-03  -1.7279221835E-01   2.7378151950E-02   2.0475177925E-02   6.4393786028E-01
   10     -2.7435633478E-04   9.9782685704E-02  -2.3544754055E-01  -3.0459773856E-02   6.2024694322E-02
   11      5.2957353392E-03   2.4481999135E-02  -1.4910846604E-02  -8.6396784511E-02  -9.9811167611E-02
   12      2.9002547960E-03  -4.9931286623E-02   8.6437723473E-02   2.1443311191E-02  -3.2359556753E-01
   13     -4.9634663030E-04   2.2491537201E-02   5.7083007687E-02  -2.5713146545E-03   6.1602111255E-03
   14      6.5573094124E-03   1.8258585450E-02  -1.6552674644E-02   2.3721694747E-02   5.5418502107E-02
   15     -6.1655772610E-05   2.8943816497E-03   8.6619874488E-03  -3.4532880172E-03  -4.6601374013E-02
   16     -1.3714098751E-03   9.3095082275E-03  -8.2653669101E-02  -5.7021031111E-03  -9.6644964364E-02
   17      5.0020580051E-04  -4.0821959165E-03  -5.9482540064E-03  -1.6663119808E-02   3.8483999646E-03
   18      5.3080269021E-04  -4.3830404162E-02  -9.5752726540E-02   3.2594919257E-03  -5.9955505711E-02
   19      3.4171514486E-05  -5.1637832414E-02   1.6553294409E-02   1.1416712914E-02   3.4589068052E-02
   20      1.0734125761E-02   5.1730782229E-03   2.1173096436E-02  -1.9985310456E-03   1.1398113010E-02
   21      2.0009112130E-03  -1.4953342621E-01  -5.0762024613E-02   1.3157286563E-02   7.1963331212E-02
   22      2.8904779375E-03  -7.7447364093E-02  -2.8772072019E-01   2.3974522630E-03   2.9892435779E-02
   23     -5.6623641251E-03   1.3480431685E-02  -2.9442149252E-03  -6.9223993052E-02  -7.4414138431E-03
   24     -3.5015220136E-03   1.4926374839E-03   8.9306685216E-04   4.2407420330E-04  -3.9823641492E-04
   25      2.8305901536E-03  -1.9381191937E-03  -2.8907174542E-04   3.4804765846E-04   5.8046164978E-04
   26     -5.8446082421E-03   1.4529938028E-03  -2.4675146044E-04   6.1606152430E-04  -3.8663544572E-04
   27     -1.5993271820E-02   2.0088539826E-03  -7.6261696354E-04  -9.0272830119E-04   3.3209663550E-04
   28      1.2720582180E-02  -5.5003026862E-04   4.3531107590E-04   4.0742839267E-05  -3.9156509653E-04
   29     -2.1996797606E-02   2.2860349422E-03   2.3047308015E-04   2.8590010728E-04  -4.0983658904E-04
   30      4.0190424842E-03  -1.9301525016E-04   1.6768310281E-03  -3.4472155222E-03  -5.0486415082E-04
   31     -2.3156607233E-03  -2.9054893933E-05  -8.7265249125E-04   2.6326617274E-03   7.6364718376E-04
   32      4.2416326158E-03  -1.1129827015E-03   3.1025467749E-03  -4.1534891846E-03  -1.0939499653E-03
   33      4.3594721834E-02  -1.1250139762E-02   1.8613977534E-02   2.8720614382E-02  -3.6694243887E-03
   34     -1.1189997741E-01   1.8349065541E-03   7.8536495727E-05   2.0623308454E-03   5.7608742553E-04
   35     -2.2064230770E-01   2.1367330461E-03  -3.6224922346E-03  -5.1249459596E-03   9.9236963155E-04
   36      1.2255751819E-02  -5.4988947800E-03  -3.1601199963E-02   3.1602457405E-03   7.9166653635E-04
   37      3.4191952851E-02   5.8576421996E-04  -1.9298824837E-03  -7.3633354187E-04   2.0582874582E-03
   38     -5.2888719386E-02   8.5476390125E-04   6.2472513013E-03  -2.8721953333E-03  -5.4966715708E-05
   39     -6.7053579868E-04   9.3996018499E-03   1.3064187595E-02  -1.2548340375E-04  -8.9330520568E-02
   40      6.1062322041E-04  -1.5123145373E-02  -1.6844700984E-02   1.9101568703E-03  -9.0626299456E-02
   41     -1.9209987438E-03  -1.4997657734E-03  -4.0939937389E-03   4.7162855347E-03   4.9331732385E-03
   42     -5.6687658284E-04   1.0500451907E-03   4.8135849029E-04  -4.6917792836E-05   2.8398389886E-03
   43      1.9549231117E-04  -1.1178860599E-03  -2.1812695623E-03   5.2195235469E-05  -3.3269913868E-03
   44     -2.7590367179E-03  -8.0366837263E-05  -2.1444676108E-04   8.3248568547E-04   1.7515520309E-03
   45      5.7858294142E-05  -3.6878655301E-03  -4.3153673015E-04   3.2769755192E-03  -1.8255626834E-03
   46     -6.9965177860E-05   1.4148861853E-03   3.4552980354E-03  -9.4424578107E-04   1.7304272397E-03
   47      5.5551743566E-04   3.7580592224E-03  -3.4585796134E-04   1.2000673905E-02   6.6975935153E-04
                   10                 11                 12                 13                 14        
    0     -2.4128515159E-03   2.6044959230E-05  -8.4094078348E-04   1.8946267230E-04   1.4805555236E-03
    1      4.0299937932E-04   9.3428900101E-05   2.6378015702E-04   8.1639257363E-05  -1.7512744528E-04
    2     -3.0407897649E-04  -1.3219556844E-03  -5.4235433385E-04  -9.7968531507E-04  -5.8170074146E-04
    3      3.7685579235E-03   6.6802210939E-03   2.9741773756E-03   1.4655786662E-03   2.3921645501E-04
    4      7.6743967178E-03  -4.7081098718E-03   3.1724812864E-03  -5.1623903567E-03  -9.7695744061E-04
    5     -2.7435633478E-04   5.2957353392E-03   2.9002547960E-03  -4.9634663030E-04   6.5573094124E-03
    6      9.9782685704E-02   2.4481999135E-02  -4.9931286623E-02   2.2491537201E-02   1.8258585450E-02
    7     -2.3544754055E-01  -1.4910846604E-02   8.6437723473E-02   5.7083007687E-02  -1.6552674644E-02
    8     -3.0459773856E-02  -8.6396784511E-02   2.1443311191E-02  -2.5713146545E-03   2.3721694747E-02
    9      6.2024694322E-02  -9.9811167611E-02  -3.2359556753E-01   6.1602111255E-03   5.5418502107E-02
   10      7.2034685659E-01   2.1587527843E-02  -1.8586892982E-02  -1.2699248001E-01   2.0370150998E-04
   11      2.1587527843E-02   1.6966997306E-01   5.3683525885E-02  -5.4371636942E-03  -7.3363124769E-02
   12     -1.8586892982E-02   5.3683525885E-02   5.4539302797E-01   1.0633274318E-01  -8.9233435117E-02
   13     -1.2699248001E-01  -5.4371636942E-03   1.0633274318E-01   4.8186690445E-01   1.7257869172E-03
   14      2.0370150998E-04  -7.3363124769E-02  -8.9233435117E-02   1.7257869172E-03   1.0820044968E-01
   15     -5.1653031893E-02   6.6485801361E-03  -1.5475015078E-01  -8.7105369785E-02   1.3867124669E-02
   16      1.2600595906E-02   2.1096301428E-02  -6.2125112148E-02  -3.0109686792E-01  -1.4933177558E-03
   17      1.1278503735E-02   6.8144106005E-04   1.5446192168E-02   3.6344681896E-03  -6.5893506431E-02
   18      3.0842976063E-02   1.1346372657E-02   7.5607536528E-02   3.4375746708E-02  -7.3007332611E-03
   19     -1.6735622435E-02  -7.3032552919E-03  -2.9993097679E-02  -7.7362074428E-02  -4.3662669195E-04
   20     -6.5771237196E-03  -1.8425357266E-02  -1.1232376826E-02  -1.3904443432E-02   3.1637206575E-02
   21     -2.7361520037E-02  -1.0976774097E-02  -5.5631037143E-02  -4.5632934810E-02   3.7417221144E-03
   22     -7.4433969863E-02  -1.2758411367E-02  -4.3398045199E-02  -2.0841045317E-02   9.3333178297E-03
   23     -4.1240286556E-04   3.0886800286E-02   4.0687349226E-03   9.9303308980E-03  -2.4434340654E-02
   24      2.3747577987E-04   2.4315330325E-04   3.4628555289E-04   1.0288761549E-04  -7.8105621210E-05
   25     -5.5205094819E-04  -1.2106176798E-04  -3.7776988244E-04  -1.8422330851E-04   1.8220354173E-05
   26      1.9319115502E-04   2.4291036749E-04   2.9629430035E-04   1.5861789463E-04  -7.6830341631E-05
   27      1.9253430911E-04   1.8089161072E-04  -2.0912392090E-04  -1.4215135442E-04   7.0119289610E-05
   28      1.3450865502E-04  -3.3044960771E-05   7.3377522921E-05   5.2662386546E-05  -8.8559470948E-06
   29     -1.0576120613E-04   1.4176679524E-04  -2.4469938039E-04   5.7922215002E-05   1.9504082285E-05
   30     -5.2074136765E-04  -1.4111021369E-04  -1.0679896684E-04   1.3729542072E-04   3.1688468702E-04
   31     -6.7591275587E-05  -3.2303663999E-04  -4.0379387844E-04  -2.8340569275E-04  -1.6108257939E-05
   32     -2.8583104083E-04   3.4902183217E-04  -1.5035840410E-04   3.1360152211E-04   4.3180144587E-04
   33     -2.1841330912E-03   7.7045474088E-04  -1.3140136109E-03   1.0338170070E-03  -1.0612995415E-03
   34      9.8908658933E-05  -1.3148371117E-04   1.3083464522E-04  -1.3934267381E-04   9.8993587605E-05
   35      7.5887371184E-04  -2.7569737271E-04  -3.7318625887E-04  -5.1090901464E-04  -3.3191651224E-06
   36     -1.5345477482E-03  -5.8178314176E-04   2.5186291097E-04  -5.8605212336E-05  -4.6632761550E-05
   37     -4.9089182756E-04  -5.9849357249E-04  -8.5799609320E-04   4.5520586300E-04  -8.8555297528E-06
   38      4.1775585616E-04   7.4568762708E-05  -3.9116459837E-04  -4.1687504925E-05  -2.4229467175E-04
   39     -9.1204834974E-02   5.1533107390E-03  -2.4794022672E-02  -3.1985893041E-02   1.8831930177E-03
   40     -2.8387884944E-01   4.1694077903E-03  -7.5806108432E-03   4.6878465575E-03   2.1717605344E-03
   41      4.5807162629E-03  -3.9614032888E-02   3.5519589605E-03   7.2760827016E-03  -6.3514132455E-03
   42     -1.5463698594E-03   1.8541627991E-03  -1.2758449286E-02  -1.1628627479E-02   6.9436982532E-04
   43     -3.7984256507E-03  -3.0233534419E-04  -3.6794212313E-02  -6.6604425357E-03   7.6317149789E-03
   44     -6.5766573272E-04   1.1815198691E-02  -8.7745698243E-04   2.5303226645E-03  -5.6565572745E-03
   45      1.5658949475E-04   4.7625326865E-04  -6.4149902837E-04   4.2452493350E-03   1.7484448740E-03
   46      1.1391560964E-03  -3.3636367308E-04   3.7256434954E-03  -5.5049939500E-03  -1.5065164868E-03
   47      7.3664194966E-05   2.3953630151E-04   1.6562479674E-03  -1.6940382697E-03   6.0351213495E-03
                   15                 16                 17                 18                 19        
    0      8.4025375557E-05   4.2354138470E-04   3.5379729307E-04   7.1577528875E-04   3.7165582816E-04
    1     -7.0421844476E-04   7.5804023312E-05  -1.2173682660E-04   5.8670628654E-04   2.8661973562E-04
    2      6.4373374368E-04   8.4105005378E-04  -1.2666429852E-04   1.2107972514E-04  -5.0140488434E-04
    3     -1.6040945888E-03   8.7796525112E-05   5.5601178200E-04   5.1734529037E-03  -3.9587056184E-04
    4     -1.4659246725E-04  -8.5589360200E-04  -3.2192491998E-05  -4.2287285382E-03  -5.5017982266E-03
    5     -6.1655772610E-05  -1.3714098751E-03   5.0020580051E-04   5.3080269021E-04   3.4171514486E-05
    6      2.8943816497E-03   9.3095082275E-03  -4.0821959165E-03  -4.3830404162E-02  -5.1637832414E-02
    7      8.6619874488E-03  -8.2653669101E-02  -5.9482540064E-03  -9.5752726540E-02   1.6553294409E-02
    8     -3.4532880172E-03  -5.7021031111E-03  -1.6663119808E-02   3.2594919257E-03   1.1416712914E-02
    9     -4.6601374013E-02  -9.6644964364E-02   3.8483999646E-03  -5.9955505711E-02   3.4589068052E-02
   10     -5.1653031893E-02   1.2600595906E-02   1.1278503735E-02   3.0842976063E-02  -1.6735622435E-02
   11      6.6485801361E-03   2.1096301428E-02   6.8144106005E-04   1.1346372657E-02  -7.3032552919E-03
   12     -1.5475015078E-01  -6.2125112148E-02   1.5446192168E-02   7.5607536528E-02  -2.9993097679E-02
   13     -8.7105369785E-02  -3.0109686792E-01   3.6344681896E-03   3.4375746708E-02  -7.7362074428E-02
   14      1.3867124669E-02  -1.4933177558E-03  -6.5893506431E-02  -7.3007332611E-03  -4.3662669195E-04
   15      7.3866474629E-01   1.6196482832E-02  -1.2251720399E-01  -1.8527409144E-01   1.0933504150E-01
   16      1.6196482832E-02   6.3175322686E-01   2.6963143626E-02   3.6484415009E-02  -2.4901661854E-01
   17     -1.2251720399E-01   2.6963143626E-02   1.7419146091E-01   2.4646116578E-02  -3.3819892827E-02
   18     -1.8527409144E-01   3.6484415009E-02   2.4646116578E-02   6.4221438378E-01   5.3921341304E-02
   19      1.0933504150E-01  -2.4901661854E-01  -3.3819892827E-02   5.3921341304E-02   7.3507260616E-01
   20      2.9334248705E-02  -1.8823335219E-02  -8.5231443259E-02  -9.9096374469E-02   2.6422363531E-02
   21     -4.9288768921E-02   8.4667340400E-02   2.2085136697E-02  -3.2857043670E-01  -1.7347206394E-02
   22      2.2019127982E-02   5.5110855289E-02  -2.9479424311E-03   6.2890009964E-03  -1.2747869933E-01
   23      1.8280630669E-02  -1.6561448066E-02   2.5879061602E-02   5.5559551320E-02  -4.4111758993E-04
   24      1.3446476728E-04  -2.8525442488E-04  -1.0458826870E-04  -6.4009648225E-04  -3.2427359368E-04
   25      3.3508314408E-05   4.9361996068E-04   2.0042443891E-04   7.0961128959E-04  -1.7939635798E-05
   26      1.2466264050E-04  -3.6991662655E-04  -4.8490228621E-05  -5.0526474171E-04  -2.8646509879E-04
   27     -5.8308353207E-05   2.2795338527E-04  -1.5413726010E-05   1.9807247760E-04  -1.0160958916E-04
   28     -5.9278822679E-05  -1.5649298851E-04   3.4696302745E-05  -1.7792604395E-04   1.8444579712E-04
   29     -1.8525327310E-04   1.8770965284E-04  -5.7970062316E-05   3.1299015621E-04   2.4840696451E-05
   30     -7.9275727290E-05  -1.0144731779E-04   6.0578136889E-05   4.9493380416E-05   2.9033804987E-04
   31      4.0629710874E-05   4.8491109500E-04   3.0922393629E-05   5.2260805262E-04  -1.0137091959E-04
   32     -1.4599022612E-04  -1.9597446501E-05   1.5895601166E-05   1.5347886746E-04   3.9119862975E-05
   33      8.9207868995E-05  -5.6427517068E-05  -4.2069567788E-05  -7.0887179382E-04   4.4738415731E-04
   34     -4.2677410141E-04   4.4937954112E-04   2.3126704266E-04   1.0871620128E-03  -1.0442979466E-04
   35     -2.4164762953E-04   5.8472463506E-04   4.6149029947E-05   9.5218280559E-04  -6.3793239394E-05
   36     -2.2187379498E-04   2.9490527076E-04   6.6216395947E-05  -2.3854379515E-04  -1.3233356599E-03
   37      1.2933613902E-04   4.6597447440E-04   3.8552505618E-05   8.0180158739E-04  -3.6644590863E-05
   38      8.3918510068E-05  -3.3852053581E-06  -6.6042269899E-05  -7.4627285455E-05   3.3748634883E-04
   39     -3.7770476382E-03  -5.5817580789E-04   3.5268594084E-03  -1.7086158779E-03  -3.2842210177E-04
   40      1.3186165582E-03   3.6605794961E-03  -7.6254631625E-04   1.8848807731E-03   9.0892499840E-04
   41      3.5059806398E-03  -4.3534446374E-04   1.2059837741E-02   6.0073248016E-04   8.7308866389E-05
   42     -3.1243005959E-01  -2.5226647265E-03   5.6807990077E-02  -1.1149024511E-02  -5.8278323037E-03
   43     -2.1099047278E-03  -5.5721429966E-02  -6.6328114208E-04   2.4550689715E-02   8.7167537047E-03
   44      5.6760166346E-02  -6.5013284380E-04  -5.0160204712E-02   4.6224280509E-03   1.5059119593E-03
   45      1.2218218883E-02   1.4643784981E-02  -6.4476933478E-04  -9.1883123881E-02  -9.1674335574E-02
   46     -1.5571241950E-02  -1.5593974515E-02   1.9015862472E-03  -9.1898571693E-02  -2.8536744690E-01
   47     -2.6350648558E-03  -4.2606572223E-03   4.8733893285E-03   4.8873926087E-03   3.0003338666E-03
                   20                 21                 22                 23                 24        
    0      1.9228888436E-03   7.5193908201E-04   1.6998726370E-03  -2.0345713646E-03  -6.5913201646E-02
    1      2.2268240606E-05  -2.3319724646E-03  -2.0215411123E-03   1.4193014301E-03  -7.0085906639E-02
    2     -5.1127821858E-04   1.5778901695E-03   2.2464282693E-03   5.9274226887E-04   1.2588669169E-02
    3      1.1510259142E-03  -2.5442250362E-02  -1.8564386625E-02   3.4482298834E-03   3.3672971296E-03
    4     -5.0564188704E-04  -3.9667042781E-02  -5.3980691681E-03   8.4333926255E-03   1.8154275926E-02
    5      1.0734125761E-02   2.0009112130E-03   2.8904779375E-03  -5.6623641251E-03  -3.5015220136E-03
    6      5.1730782229E-03  -1.4953342621E-01  -7.7447364093E-02   1.3480431685E-02   1.4926374839E-03
    7      2.1173096436E-02  -5.0762024613E-02  -2.8772072019E-01  -2.9442149252E-03   8.9306685216E-04
    8     -1.9985310456E-03   1.3157286563E-02   2.3974522630E-03  -6.9223993052E-02   4.2407420330E-04
    9      1.1398113010E-02   7.1963331212E-02   2.9892435779E-02  -7.4414138431E-03  -3.9823641492E-04
   10     -6.5771237196E-03  -2.7361520037E-02  -7.4433969863E-02  -4.1240286556E-04   2.3747577987E-04
   11     -1.8425357266E-02  -1.0976774097E-02  -1.2758411367E-02   3.0886800286E-02   2.4315330325E-04
   12     -1.1232376826E-02  -5.5631037143E-02  -4.3398045199E-02   4.0687349226E-03   3.4628555289E-04
   13     -1.3904443432E-02  -4.5632934810E-02  -2.0841045317E-02   9.9303308980E-03   1.0288761549E-04
   14      3.1637206575E-02   3.7417221144E-03   9.3333178297E-03  -2.4434340654E-02  -7.8105621210E-05
   15      2.9334248705E-02  -4.9288768921E-02   2.2019127982E-02   1.8280630669E-02   1.3446476728E-04
   16     -1.8823335219E-02   8.4667340400E-02   5.5110855289E-02  -1.6561448066E-02  -2.8525442488E-04
   17     -8.5231443259E-02   2.2085136697E-02  -2.9479424311E-03   2.5879061602E-02  -1.0458826870E-04
   18     -9.9096374469E-02  -3.2857043670E-01   6.2890009964E-03   5.5559551320E-02  -6.4009648225E-04
   19      2.6422363531E-02  -1.7347206394E-02  -1.2747869933E-01  -4.4111758993E-04  -3.2427359368E-04
   20      1.7303879664E-01   5.4671941045E-02  -5.3633211298E-03  -7.2625399912E-02   1.1555166243E-04
   21      5.4671941045E-02   5.6736319324E-01   1.0234902560E-01  -9.2377955142E-02   2.3091737453E-04
   22     -5.3633211298E-03   1.0234902560E-01   4.6739914812E-01   1.7758418300E-03   5.4679359484E-04
   23     -7.2625399912E-02  -9.2377955142E-02   1.7758418300E-03   1.0620137896E-01   1.5267631061E-05
   24      1.1555166243E-04   2.3091737453E-04   5.4679359484E-04   1.5267631061E-05   6.9015970172E-02
   25     -1.8141714165E-04  -5.5851754947E-04   6.3988520345E-04  -8.0935819126E-04   7.3379117860E-02
   26      9.0119521530E-05   4.9526889427E-04   9.4251304709E-05  -7.5109549649E-05  -1.0079466091E-02
   27     -3.7307716006E-05  -4.4589868121E-04  -3.7268569434E-04   3.6682969185E-04   4.5158426737E-04
   28      7.3012196491E-05  -3.0144456767E-04  -1.2371672926E-04  -2.1433194268E-04   6.3275313686E-03
   29     -3.2659632361E-04  -8.2890706534E-04  -6.1755823091E-04   5.9746563931E-04  -9.5103588688E-04
   30      2.6029427196E-04   6.8125842307E-05   3.5352928659E-04  -2.7305440433E-04  -7.0080404948E-03
   31     -5.9034567111E-04  -4.2958401636E-04   3.5324324788E-04   9.4131228053E-05  -2.9883887653E-02
   32      3.5230397088E-04  -2.7617005605E-04  -5.5227443846E-04   9.4006856260E-05   3.9222942887E-03
   33     -1.2912952150E-03   2.7017827544E-03   1.1541114084E-03  -8.5887544735E-04   6.1935400423E-04
   34      2.1360126273E-04  -1.7373259678E-03  -3.0706753890E-04  -1.7787559135E-05  -6.9009057037E-04
   35      3.4978959985E-04  -1.3378717818E-03  -3.0275228974E-04   1.1311985124E-03   6.8838732282E-04
   36     -4.3375212256E-04  -8.3682335318E-03  -1.4248036910E-03   2.6566515925E-03  -1.8179932052E-03
   37     -1.0331213236E-05  -1.4873689996E-03   7.6732219696E-06   5.4363102323E-04   1.8225313682E-03
   38      5.1300133372E-04   1.2800316552E-03  -1.3480322447E-04   1.2612820678E-03  -3.2081495449E-03
   39      4.5603338983E-04  -2.3675370242E-04   5.1497480503E-03   1.4716567298E-03   7.1693660296E-05
   40     -3.4478457507E-04   3.6376105402E-03  -5.6466628360E-03  -1.4463531972E-03  -1.4793535207E-04
   41      3.3390737769E-04   1.3789233598E-03  -1.7706711541E-03   5.3283685121E-03  -3.7729757889E-05
   42      2.6841356938E-03  -1.4520269842E-03   4.0178785870E-03   1.9093831333E-03   4.0168705939E-05
   43     -4.7616626970E-03   4.3383909365E-03  -4.4923528390E-03  -1.5951375309E-03  -6.2619665024E-05
   44      2.7365568246E-03   1.9553401601E-03  -1.5683312280E-03   5.8663504452E-03  -2.8097479569E-05
   45      4.9081754832E-03  -2.4110457267E-02  -3.2257195944E-02   1.7682877593E-03   7.1951250646E-06
   46      3.1423710817E-03  -7.3824679542E-03   4.9530398429E-03   2.2503916550E-03   3.1559895383E-05
   47     -4.0667201580E-02   3.4134414550E-03   7.2734272378E-03  -5.8174478582E-03  -1.8470379004E-05
                   25                 26                 27                 28                 29        
    0     -6.8181115147E-02   1.1731364310E-02  -5.3270956386E-02   2.0857463312E-02   3.4294798192E-02
    1     -2.8493154083E-01   3.5978186320E-02   2.1126059842E-02  -1.1883796788E-01  -1.1408145649E-01
    2      3.7364636736E-02  -5.1775341683E-02   3.4836426684E-02  -1.1495522195E-01  -2.2659356459E-01
    3     -1.4860974143E-03   5.9682271568E-03   8.9385054686E-04  -1.9045794375E-03   2.2251928611E-03
    4     -1.2882476594E-02   2.5770564025E-02  -9.8051998908E-03   6.8147598156E-03  -1.2188509705E-02
    5      2.8305901536E-03  -5.8446082421E-03  -1.5993271820E-02   1.2720582180E-02  -2.1996797606E-02
    6     -1.9381191937E-03   1.4529938028E-03   2.0088539826E-03  -5.5003026862E-04   2.2860349422E-03
    7     -2.8907174542E-04  -2.4675146044E-04  -7.6261696354E-04   4.3531107590E-04   2.3047308015E-04
    8      3.4804765846E-04   6.1606152430E-04  -9.0272830119E-04   4.0742839267E-05   2.8590010728E-04
    9      5.8046164978E-04  -3.8663544572E-04   3.3209663550E-04  -3.9156509653E-04  -4.0983658904E-04
   10     -5.5205094819E-04   1.9319115502E-04   1.9253430911E-04   1.3450865502E-04  -1.0576120613E-04
   11     -1.2106176798E-04   2.4291036749E-04   1.8089161072E-04  -3.3044960771E-05   1.4176679524E-04
   12     -3.7776988244E-04   2.9629430035E-04  -2.0912392090E-04   7.3377522921E-05  -2.4469938039E-04
   13     -1.8422330851E-04   1.5861789463E-04  -1.4215135442E-04   5.2662386546E-05   5.7922215002E-05
   14      1.8220354173E-05  -7.6830341631E-05   7.0119289610E-05  -8.8559470948E-06   1.9504082285E-05
   15      3.3508314408E-05   1.2466264050E-04  -5.8308353207E-05  -5.9278822679E-05  -1.8525327310E-04
   16      4.9361996068E-04  -3.6991662655E-04   2.2795338527E-04  -1.5649298851E-04   1.8770965284E-04
   17      2.0042443891E-04  -4.8490228621E-05  -1.5413726010E-05   3.4696302745E-05  -5.7970062316E-05
   18      7.0961128959E-04  -5.0526474171E-04   1.9807247760E-04  -1.7792604395E-04   3.1299015621E-04
   19     -1.7939635798E-05  -2.8646509879E-04  -1.0160958916E-04   1.8444579712E-04   2.4840696451E-05
   20     -1.8141714165E-04   9.0119521530E-05  -3.7307716006E-05   7.3012196491E-05  -3.2659632361E-04
   21     -5.5851754947E-04   4.9526889427E-04  -4.4589868121E-04  -3.0144456767E-04  -8.2890706534E-04
   22      6.3988520345E-04   9.4251304709E-05  -3.7268569434E-04  -1.2371672926E-04  -6.1755823091E-04
   23     -8.0935819126E-04  -7.5109549649E-05   3.6682969185E-04  -2.1433194268E-04   5.9746563931E-04
   24      7.3379117860E-02  -1.0079466091E-02   4.5158426737E-04   6.3275313686E-03  -9.5103588688E-04
   25      3.0910731091E-01  -4.4025254564E-02  -4.4965913726E-03  -1.4164481417E-02   3.1775769891E-03
   26     -4.4025254564E-02   5.7011838050E-02  -8.1435577737E-03  -2.5999350603E-02   4.9438543903E-03
   27     -4.4965913726E-03  -8.1435577737E-03   5.4474721705E-02  -2.4524969580E-02  -3.4044732212E-02
   28     -1.4164481417E-02  -2.5999350603E-02  -2.4524969580E-02   1.2504967260E-01   1.2341856837E-01
   29      3.1775769891E-03   4.9438543903E-03  -3.4044732212E-02   1.2341856837E-01   2.5028093938E-01
   30      8.1670724781E-04   1.6384864113E-03  -3.3886913086E-03  -6.6472767771E-04   3.3522168434E-04
   31      1.0760991368E-03   7.0528720246E-03   1.7217635727E-02  -8.3738426009E-05  -3.1468154209E-03
   32     -7.9253106231E-04  -2.3452331515E-03   2.6059695425E-02   2.4715702330E-03  -5.3731944799E-03
   33      1.0175692001E-04   8.5922630772E-04  -1.5276146411E-03   2.0327291036E-03  -3.2738342025E-03
   34      7.8911438450E-04  -1.1637548554E-04   1.4935202595E-03  -8.7572474259E-05   2.7661680912E-03
   35     -3.5908903198E-06   8.2360438519E-04  -3.2628336928E-03   2.7033048212E-03  -2.7045755642E-03
   36      1.4077632087E-03  -3.4715043996E-03   5.4145245707E-04  -7.0652733396E-04   5.4637096243E-04
   37      7.7721337221E-04   1.9468138245E-03  -1.0105354265E-04   8.8319625786E-04   1.9607869504E-04
   38      2.0435420773E-03  -3.4686109194E-03   9.4728286489E-04  -2.4701682975E-04   7.7485119535E-04
   39      1.2484399053E-05   3.3917893710E-05   6.2255162716E-06   1.3978813408E-05  -3.2726841838E-05
   40      1.2874531524E-04  -1.0510804678E-04   3.7640750091E-05  -8.1807083034E-05   8.2100484760E-05
   41     -3.0550690154E-05  -8.2840835934E-05  -4.4276444734E-05   2.7271889343E-05  -5.4710785392E-05
   42     -1.0869083164E-05   2.4219272074E-05  -1.7382619583E-06  -2.5655787490E-05   3.9255695606E-06
   43      2.1329722922E-05  -4.6397729719E-05   1.5042420139E-05   2.7050161029E-06   8.3814785459E-06
   44      2.9591821354E-05  -2.3846155602E-05  -8.0831759249E-06  -8.9540612735E-06   5.7860303735E-05
   45     -7.6036081965E-06  -2.8465075599E-05  -4.5260361139E-06  -3.0683797457E-06  -2.6613427361E-05
   46     -1.1533523601E-05   2.9092352719E-05   1.1841712494E-06  -2.1484614007E-05  -2.1200617037E-05
   47     -7.6835208375E-05   1.2522868269E-05  -1.5936193107E-05  -1.1490618705E-05   5.2675148441E-06
                   30                 31                 32                 33                 34        
    0     -2.9370303124E-01  -8.6169217549E-03   6.0487912567E-02   2.7170356497E-03  -1.6241885729E-03
    1     -8.3240617330E-03  -4.6479145725E-02   1.3031428352E-03  -9.4662911659E-03   6.7463525475E-03
    2      5.9091915851E-02   1.0141492162E-03  -5.9765419564E-02  -1.7282500808E-02   1.2861364320E-02
    3     -1.6160967342E-02   1.4100251548E-02  -2.7119142852E-02  -5.2889430957E-02   2.2123693666E-02
    4     -9.9420549023E-04  -9.0601635763E-04  -1.1953838863E-03   2.2234432579E-02  -1.1609234574E-01
    5      4.0190424842E-03  -2.3156607233E-03   4.2416326158E-03   4.3594721834E-02  -1.1189997741E-01
    6     -1.9301525016E-04  -2.9054893933E-05  -1.1129827015E-03  -1.1250139762E-02   1.8349065541E-03
    7      1.6768310281E-03  -8.7265249125E-04   3.1025467749E-03   1.8613977534E-02   7.8536495727E-05
    8     -3.4472155222E-03   2.6326617274E-03  -4.1534891846E-03   2.8720614382E-02   2.0623308454E-03
    9     -5.0486415082E-04   7.6364718376E-04  -1.0939499653E-03  -3.6694243887E-03   5.7608742553E-04
   10     -5.2074136765E-04  -6.7591275587E-05  -2.8583104083E-04  -2.1841330912E-03   9.8908658933E-05
   11     -1.4111021369E-04  -3.2303663999E-04   3.4902183217E-04   7.7045474088E-04  -1.3148371117E-04
   12     -1.0679896684E-04  -4.0379387844E-04  -1.5035840410E-04  -1.3140136109E-03   1.3083464522E-04
   13      1.3729542072E-04  -2.8340569275E-04   3.1360152211E-04   1.0338170070E-03  -1.3934267381E-04
   14      3.1688468702E-04  -1.6108257939E-05   4.3180144587E-04  -1.0612995415E-03   9.8993587605E-05
   15     -7.9275727290E-05   4.0629710874E-05  -1.4599022612E-04   8.9207868995E-05  -4.2677410141E-04
   16     -1.0144731779E-04   4.8491109500E-04  -1.9597446501E-05  -5.6427517068E-05   4.4937954112E-04
   17      6.0578136889E-05   3.0922393629E-05   1.5895601166E-05  -4.2069567788E-05   2.3126704266E-04
   18      4.9493380416E-05   5.2260805262E-04   1.5347886746E-04  -7.0887179382E-04   1.0871620128E-03
   19      2.9033804987E-04  -1.0137091959E-04   3.9119862975E-05   4.4738415731E-04  -1.0442979466E-04
   20      2.6029427196E-04  -5.9034567111E-04   3.5230397088E-04  -1.2912952150E-03   2.1360126273E-04
   21      6.8125842307E-05  -4.2958401636E-04  -2.7617005605E-04   2.7017827544E-03  -1.7373259678E-03
   22      3.5352928659E-04   3.5324324788E-04  -5.5227443846E-04   1.1541114084E-03  -3.0706753890E-04
   23     -2.7305440433E-04   9.4131228053E-05   9.4006856260E-05  -8.5887544735E-04  -1.7787559135E-05
   24     -7.0080404948E-03  -2.9883887653E-02   3.9222942887E-03   6.1935400423E-04  -6.9009057037E-04
   25      8.1670724781E-04   1.0760991368E-03  -7.9253106231E-04   1.0175692001E-04   7.8911438450E-04
   26      1.6384864113E-03   7.0528720246E-03  -2.3452331515E-03   8.5922630772E-04  -1.1637548554E-04
   27     -3.3886913086E-03   1.7217635727E-02   2.6059695425E-02  -1.5276146411E-03   1.4935202595E-03
   28     -6.6472767771E-04  -8.3738426009E-05   2.4715702330E-03   2.0327291036E-03  -8.7572474259E-05
   29      3.3522168434E-04  -3.1468154209E-03  -5.3731944799E-03  -3.2738342025E-03   2.7661680912E-03
   30      3.2010584666E-01   7.4103398784E-03  -6.1835619749E-02   5.2418529478E-04  -5.3481218627E-04
   31      7.4103398784E-03   4.6243675995E-02  -3.5100466961E-03  -6.8427925952E-04   4.3687009979E-04
   32     -6.1835619749E-02  -3.5100466961E-03   6.4156710691E-02   4.3174031726E-04  -7.2678393362E-04
   33      5.2418529478E-04  -6.8427925952E-04   4.3174031726E-04   6.3422379538E-02  -2.8771042121E-02
   34     -5.3481218627E-04   4.3687009979E-04  -7.2678393362E-04  -2.8771042121E-02   1.2217129100E-01
   35     -9.5288317720E-05  -2.8808426882E-04   1.1897677851E-03  -4.3250136567E-02   1.1997745136E-01
   36      5.0406282144E-04  -3.1623636510E-05   7.3726779380E-04   1.1168015914E-03   6.6769357007E-03
   37      4.5572250229E-04   2.0081536440E-04  -1.8477731250E-04  -4.3472875489E-03  -1.4452655839E-02
   38      1.9224203030E-04  -6.7979535519E-04   9.7227371666E-04  -7.8724552472E-03  -2.4808738091E-02
   39     -1.8973385804E-05   1.3865592017E-05  -1.0683137823E-05   4.4181367326E-05  -2.0501278810E-04
   40      4.1277914402E-05  -1.3642196394E-05   7.4513942093E-05   5.9974127870E-05   3.5906758572E-04
   41     -4.2829991202E-05  -1.2351641760E-05  -6.6140342232E-05   1.9247388976E-04  -2.2323656030E-04
   42     -4.1536842582E-05   1.1787137520E-05  -3.6439940459E-05   1.0473475480E-04   3.5774171912E-05
   43     -7.1599658479E-06   1.8072652363E-05  -8.8301059459E-06  -1.4996041307E-04   3.2687567780E-05
   44     -7.0736559072E-05   1.1243550835E-04  -1.1812582946E-04   4.2816677854E-04  -1.9831025875E-04
   45     -4.6519292643E-05   3.8692556155E-06  -3.4447021899E-05   1.9832330261E-05   3.7234901591E-05
   46     -4.0374582559E-05  -6.1245070133E-06  -2.6117298988E-05  -2.5664749912E-05   2.1206175955E-05
   47      1.4583994320E-05  -5.7249371885E-05   1.8188037643E-05  -7.5037713335E-05  -7.1553480780E-05
                   35                 36                 37                 38                 39        
    0      2.5677774410E-03   4.4447676661E-03  -2.3921121075E-03   5.7186985661E-03  -5.3909714769E-05
    1     -1.1941061406E-02   1.9052277076E-02  -1.1710022913E-02   2.5356765817E-02  -1.1008878963E-04
    2     -2.4122821480E-02  -3.3498153928E-03   2.2780618434E-03  -5.4448982920E-03   1.0749039224E-04
    3      4.2922345411E-02  -6.5883449800E-02  -6.5503501337E-02   1.2508600583E-02   7.9193072697E-04
    4     -1.1048681955E-01  -6.0765719813E-02  -2.7913899887E-01   3.3001264832E-02   9.2226412846E-04
    5     -2.2064230770E-01   1.2255751819E-02   3.4191952851E-02  -5.2888719386E-02  -6.7053579868E-04
    6      2.1367330461E-03  -5.4988947800E-03   5.8576421996E-04   8.5476390125E-04   9.3996018499E-03
    7     -3.6224922346E-03  -3.1601199963E-02  -1.9298824837E-03   6.2472513013E-03   1.3064187595E-02
    8     -5.1249459596E-03   3.1602457405E-03  -7.3633354187E-04  -2.8721953333E-03  -1.2548340375E-04
    9      9.9236963155E-04   7.9166653635E-04   2.0582874582E-03  -5.4966715708E-05  -8.9330520568E-02
   10      7.5887371184E-04  -1.5345477482E-03  -4.9089182756E-04   4.1775585616E-04  -9.1204834974E-02
   11     -2.7569737271E-04  -5.8178314176E-04  -5.9849357249E-04   7.4568762708E-05   5.1533107390E-03
   12     -3.7318625887E-04   2.5186291097E-04  -8.5799609320E-04  -3.9116459837E-04  -2.4794022672E-02
   13     -5.1090901464E-04  -5.8605212336E-05   4.5520586300E-04  -4.1687504925E-05  -3.1985893041E-02
   14     -3.3191651224E-06  -4.6632761550E-05  -8.8555297528E-06  -2.4229467175E-04   1.8831930177E-03
   15     -2.4164762953E-04  -2.2187379498E-04   1.2933613902E-04   8.3918510068E-05  -3.7770476382E-03
   16      5.8472463506E-04   2.9490527076E-04   4.6597447440E-04  -3.3852053581E-06  -5.5817580789E-04
   17      4.6149029947E-05   6.6216395947E-05   3.8552505618E-05  -6.6042269899E-05   3.5268594084E-03
   18      9.5218280559E-04  -2.3854379515E-04   8.0180158739E-04  -7.4627285455E-05  -1.7086158779E-03
   19     -6.3793239394E-05  -1.3233356599E-03  -3.6644590863E-05   3.3748634883E-04  -3.2842210177E-04
   20      3.4978959985E-04  -4.3375212256E-04  -1.0331213236E-05   5.1300133372E-04   4.5603338983E-04
   21     -1.3378717818E-03  -8.3682335318E-03  -1.4873689996E-03   1.2800316552E-03  -2.3675370242E-04
   22     -3.0275228974E-04  -1.4248036910E-03   7.6732219696E-06  -1.3480322447E-04   5.1497480503E-03
   23      1.1311985124E-03   2.6566515925E-03   5.4363102323E-04   1.2612820678E-03   1.4716567298E-03
   24      6.8838732282E-04  -1.8179932052E-03   1.8225313682E-03  -3.2081495449E-03   7.1693660296E-05
   25     -3.5908903198E-06   1.4077632087E-03   7.7721337221E-04   2.0435420773E-03   1.2484399053E-05
   26      8.2360438519E-04  -3.4715043996E-03   1.9468138245E-03  -3.4686109194E-03   3.3917893710E-05
   27     -3.2628336928E-03   5.4145245707E-04  -1.0105354265E-04   9.4728286489E-04   6.2255162716E-06
   28      2.7033048212E-03  -7.0652733396E-04   8.8319625786E-04  -2.4701682975E-04   1.3978813408E-05
   29     -2.7045755642E-03   5.4637096243E-04   1.9607869504E-04   7.7485119535E-04  -3.2726841838E-05
   30     -9.5288317720E-05   5.0406282144E-04   4.5572250229E-04   1.9224203030E-04  -1.8973385804E-05
   31     -2.8808426882E-04  -3.1623636510E-05   2.0081536440E-04  -6.7979535519E-04   1.3865592017E-05
   32      1.1897677851E-03   7.3726779380E-04  -1.8477731250E-04   9.7227371666E-04  -1.0683137823E-05
   33     -4.3250136567E-02   1.1168015914E-03  -4.3472875489E-03  -7.8724552472E-03   4.4181367326E-05
   34      1.1997745136E-01   6.6769357007E-03  -1.4452655839E-02  -2.4808738091E-02  -2.0501278810E-04
   35      2.4433588866E-01  -1.6216080078E-03   3.1718292520E-03   4.9797672491E-03  -3.9151450293E-05
   36     -1.6216080078E-03   7.5280325978E-02   6.8905179054E-02  -1.0263796751E-02  -4.2390171147E-04
   37      3.1718292520E-03   6.8905179054E-02   3.0446267491E-01  -4.1076411907E-02   2.0963364167E-05
   38      4.9797672491E-03  -1.0263796751E-02  -4.1076411907E-02   5.6302687455E-02   2.4638262221E-04
