
$orca_hessian_file

$act_atom
  0

$act_coord
  0

$act_energy
        0.000000

$multiplicity
  1

$hessian
48
                    0                  1                  2                  3                  4        
    0      5.6061632267E-01   1.6749705531E-04  -3.8355996328E-02  -1.0273844429E-01   3.8226146038E-02
    1      1.6749705531E-04   4.2232721162E-01  -4.3013821461E-05   3.8981046331E-02  -1.4171651093E-01
    2     -3.8355996328E-02  -4.3013821461E-05   5.6109132865E-01  -1.5157283780E-02   2.5329876334E-02
    3     -1.0273844429E-01   3.8981046331E-02  -1.5157283780E-02   4.5616299916E-01   4.7381570185E-02
    4      3.8226146038E-02  -1.4171651093E-01   2.5329876334E-02   4.7381570185E-02   5.2979154234E-01
    5     -1.4123759344E-02   2.6183713362E-02  -9.0526905519E-02   1.1771054040E-02   3.3047209257E-02
    6     -2.6451719478E-02   1.0591144062E-02   3.1902334118E-03  -1.6762136726E-01   1.0669512346E-02
    7      3.3215848574E-02   2.4761903604E-03  -1.0066188591E-02   4.3435843490E-03  -7.8562407065E-02
    8     -9.8414418011E-03  -6.7244550901E-04   4.6675981808E-03   3.6224275873E-02   4.1529027767E-04
    9      8.0878307102E-03   1.6690855407E-05  -9.0236175532E-04  -2.1122860871E-02  -3.9643033797E-02
   10      1.6459950964E-05  -5.2249433890E-03  -1.2479822649E-06  -1.7049840413E-02  -1.4422531753E-02
   11     -6.3019167209E-04  -7.9227382383E-07  -1.4230732962E-04  -3.8563109660E-04   3.2634387973E-03
   12     -2.6346335226E-02  -1.0660347674E-02   3.1662540232E-03  -4.6385678419E-04  -1.8989507302E-03
   13     -3.3286744563E-02   2.3728441806E-03   1.0074618401E-02   1.1190136627E-03   4.0058296693E-03
   14     -9.8447435045E-03   6.4817499493E-04   4.6678316206E-03   3.3338315616E-04   7.3157715344E-04
   15     -1.0255351472E-01  -3.8888269150E-02  -1.5100176213E-02   1.1748889745E-02   1.1419042118E-02
   16     -3.8131941133E-02  -1.4190634118E-01  -2.5371633606E-02  -1.1308606725E-02  -3.4635663751E-02
   17     -1.4065362315E-02  -2.6223145538E-02  -9.0530433287E-02   5.8263635747E-03   7.8172171268E-03
   18     -2.6714957490E-01  -2.6818676118E-04   8.6614795989E-02  -1.4900408031E-02   3.3190340275E-04
   19     -2.6741097310E-04  -4.5407013199E-02   1.0457488948E-04   2.7368748716E-02   1.4297205132E-04
   20      8.7972875464E-02   1.0644677317E-04  -8.2078719560E-02  -1.1801984821E-02   5.5528151058E-04
   21     -4.9683054408E-02  -6.4831251393E-06  -1.0211283023E-02  -1.9537978320E-03   6.8119635332E-04
   22     -6.4334598865E-06  -4.4298034536E-02  -1.0060933359E-05   2.1785601444E-03  -2.5508779011E-03
   23     -1.0923085149E-02  -1.0767285677E-05  -2.9115895471E-01  -6.7475853865E-04   1.3799793047E-03
   24     -1.0219983174E-03   1.8844630819E-03  -1.8517946797E-02  -4.5672228066E-02  -1.9108214302E-03
   25     -5.0331633180E-05  -3.1630822502E-03   2.8008723371E-02  -9.6068400833E-04  -4.9023185612E-02
   26     -7.6985389934E-04   9.4366596814E-04  -1.1071791828E-02   6.4929118116E-03   1.4612687472E-02
   27      8.1594573112E-03   1.4824510562E-02   7.3828598549E-03  -9.2102394634E-02  -8.8324969971E-02
   28     -1.2186906142E-02  -2.2135393212E-02  -1.0166781419E-02  -8.8224618535E-02  -2.1557306805E-01
   29      5.0696736453E-03   9.9759762504E-03   2.7720525945E-03  -4.0357152104E-02  -8.0513109477E-02
   30     -6.0494497674E-03  -2.3051872132E-03   3.4351788684E-03  -1.6057611375E-02   2.4558815218E-02
   31     -7.6035070177E-04   1.1207910292E-03   1.7588916489E-04  -1.2702342335E-04   3.4949662001E-03
   32      1.7034642899E-03   5.6269117703E-04  -1.1857935216E-04   7.6332996403E-03  -8.7764008549E-03
   33      2.0210335818E-03  -1.0837659041E-03   1.0402956223E-03  -3.8434234529E-03  -3.6238624592E-04
   34     -2.0052099080E-04  -1.3398535220E-04  -9.7584399678E-04   9.5376020204E-04   1.4539323411E-03
   35     -1.0941215160E-03   9.9964463791E-06   4.2389025384E-04   1.0795270628E-03   2.2367733717E-03
   36     -6.0565927948E-03   2.2879305490E-03   3.4353657378E-03   7.3111726209E-05   8.1075397435E-04
   37      7.4298304432E-04   1.1278701464E-03  -1.6793239277E-04   3.2002075818E-04  -2.5555851391E-04
   38      1.7048311274E-03  -5.5850298279E-04  -1.1858769920E-04  -8.7631086196E-06   1.7392246639E-04
   39      2.0181230957E-03   1.0890812470E-03   1.0381060884E-03  -1.2993439143E-04   5.4326099339E-05
   40      2.0590900352E-04  -1.3080649214E-04   9.7804512415E-04  -3.2136610852E-04  -5.5820116982E-04
   41     -1.0937258514E-03  -1.2149115067E-05   4.2392905169E-04   7.7956948113E-05   4.5541762850E-04
   42     -1.0176130725E-03  -1.8792162431E-03  -1.8450200670E-02   1.0339503695E-04   9.9648669295E-04
   43      5.5642973644E-05  -3.1671228246E-03  -2.8053403056E-02   1.3281439208E-04   1.7370589139E-03
   44     -7.6790835319E-04  -9.4575380081E-04  -1.1072537208E-02   2.7829078783E-04   7.0472712310E-04
   45      8.1655296108E-03  -1.4751242872E-02   7.3577222533E-03  -1.4820686789E-03  -3.1123789465E-03
   46      1.2260488156E-02  -2.2141673963E-02   1.0184483397E-02  -4.6641908340E-03  -3.3282967669E-03
   47      5.0937819236E-03  -9.9641995282E-03   2.7721861425E-03  -1.2881664822E-03  -1.4523352262E-03
                    5                  6                  7                  8                  9        
    0     -1.4123759344E-02  -2.6451719478E-02   3.3215848574E-02  -9.8414418011E-03   8.0878307102E-03
    1      2.6183713362E-02   1.0591144062E-02   2.4761903604E-03  -6.7244550901E-04   1.6690855407E-05
    2     -9.0526905519E-02   3.1902334118E-03  -1.0066188591E-02   4.6675981808E-03  -9.0236175532E-04
    3      1.1771054040E-02  -1.6762136726E-01   4.3435843490E-03   3.6224275873E-02  -2.1122860871E-02
    4      3.3047209257E-02   1.0669512346E-02  -7.8562407065E-02   4.1529027767E-04  -3.9643033797E-02
    5      5.7072292230E-01   3.8216327486E-02   3.4406182750E-03  -9.4857848532E-02  -1.6327772928E-02
    6      3.8216327486E-02   4.7432261056E-01  -1.0032294725E-01   1.6911208872E-02  -1.0290766819E-01
    7      3.4406182750E-03  -1.0032294725E-01   5.0540555992E-01  -6.3941001392E-02  -1.5554213010E-02
    8     -9.4857848532E-02   1.6911208872E-02  -6.3941001392E-02   5.5595734324E-01  -2.9281973987E-02
    9     -1.6327772928E-02  -1.0290766819E-01  -1.5554213010E-02  -2.9281973987E-02   2.3316504702E-01
   10     -6.7900296428E-03  -4.4098832562E-02  -1.3490540901E-01  -3.7127533192E-02  -2.0382586371E-04
   11      5.9873901950E-03  -3.2677728398E-02  -1.5088536047E-02  -8.8586327128E-02   9.2283180988E-02
   12     -1.3145862525E-05   1.2498744597E-02  -8.3270384319E-03   8.0267494129E-03  -1.0306228653E-01
   13      2.0653213074E-03   8.4859104507E-03  -5.3616406332E-02   8.0154449234E-03   1.5633600100E-02
   14     -2.6738968527E-06   8.0464918947E-03  -7.9978928845E-03   1.5768838557E-03  -2.9374654024E-02
   15      5.8452414268E-03  -4.6570875987E-04  -1.1283354659E-03   3.3475270672E-04  -2.1259208445E-02
   16     -7.8038354234E-03   1.8867954536E-03   4.0061521457E-03  -7.3079024988E-04   3.9626663644E-02
   17      4.4578892635E-03  -8.0144161737E-06  -2.0648176918E-03  -2.7002164565E-06  -1.6342820444E-02
   18      5.7394711139E-03   5.0696591395E-04   4.0702227687E-03  -2.1910837290E-03   6.8827392473E-04
   19     -1.1281652970E-02   1.4247041107E-03  -6.7089534818E-03   2.5842512845E-03  -1.5174935354E-06
   20      2.9876978074E-03  -2.9512821466E-04   2.0085774972E-03  -3.4820218288E-04   5.0470458552E-04
   21     -1.6335376411E-02   1.0359710073E-03  -7.6352811855E-04  -1.7881810807E-03  -4.8415750109E-04
   22      2.9882929575E-02  -1.5961893642E-03   9.9356407085E-04   4.7862263789E-04  -4.2588910847E-07
   23     -1.1668223080E-02   9.6338774948E-04  -6.2270060186E-04   5.0708314614E-05  -5.4462102428E-04
   24      4.7378136386E-03  -3.7829311980E-03  -8.9584527507E-04   3.5945858735E-02   2.8767986949E-03
   25      1.3935867155E-02  -8.5272250653E-04  -1.4569592262E-03   6.0749918830E-05   2.3036339014E-04
   26     -2.9498959444E-01   7.0201763340E-04  -9.4152256094E-04  -1.2705517308E-02  -8.1545194375E-04
   27     -3.9257002696E-02  -8.9499539460E-03  -2.6705524855E-02  -1.4791488211E-02  -8.7327373742E-03
   28     -7.9342812834E-02  -4.3601385651E-04  -2.9083420621E-03  -1.0182107654E-03  -5.5445286893E-04
   29     -8.4054850573E-02   3.6568720306E-03   8.6946662288E-03   2.0931590669E-03   2.3306245859E-03
   30     -1.2608884859E-02  -1.2496526966E-01   1.1055979253E-01  -5.3526181578E-02   9.8396357814E-03
   31     -5.0737748899E-04   1.0364638935E-01  -1.8865997439E-01   7.1144749182E-02   1.0288672355E-02
   32      3.6271803752E-03  -5.3951233973E-02   7.8353906185E-02  -8.8908942952E-02   6.3127610011E-03
   33      3.3344243250E-02  -4.9373530637E-02   3.3208708102E-03   1.6005076283E-02  -5.0510980720E-04
   34      2.2850886900E-03   5.2485940740E-03  -4.8840665326E-02   1.1085752890E-02  -6.7792137527E-03
   35     -1.2149767362E-02   1.7076477502E-02   9.8154571939E-03  -2.7888051678E-01  -7.8276631557E-03
   36     -7.9814681183E-05  -1.2871100961E-03   3.0335462196E-03  -1.1827137514E-03   9.8236203580E-03
   37     -2.5831739447E-04   4.3821276408E-03  -1.8748987891E-03   3.8725194889E-03  -1.0181870281E-02
   38      3.1731407826E-05  -9.5766002704E-04   1.6128594790E-03  -6.8500381695E-04   6.2801014905E-03
   39      1.6609619414E-04  -8.4080522851E-04  -2.5902925098E-03  -2.5458983330E-04  -5.4438142208E-04
   40     -5.0620582320E-04   1.9788272337E-03   4.8455743366E-03   5.6895119250E-03   6.8169338527E-03
   41      1.4471204593E-04  -1.0557158927E-03  -3.2319388445E-03   7.2711034372E-04  -7.8643080854E-03
   42      4.6558250566E-04  -2.0681441223E-04   5.1663704459E-05   1.1624718960E-04   2.8801440363E-03
   43     -1.1345494095E-03  -1.4404979986E-04  -5.4595593761E-04  -2.7794622701E-04  -2.2547724753E-04
   44      4.0020296391E-04   1.5232652589E-04  -1.2286511909E-04  -2.5054169258E-05  -8.1347901313E-04
   45     -1.5833958384E-03  -1.5114132062E-03  -2.2746018535E-03  -7.0825545517E-04  -8.7429403838E-03
   46     -3.1975188995E-03  -8.9645156494E-04   3.5293078032E-04   3.6329622399E-04   5.2894636814E-04
   47     -1.0986296349E-04   3.1878168324E-05   2.0911745723E-04  -7.2689925231E-05   2.3323591674E-03
                   10                 11                 12                 13                 14        
    0      1.6459950964E-05  -6.3019167209E-04  -2.6346335226E-02  -3.3286744563E-02  -9.8447435045E-03
    1     -5.2249433890E-03  -7.9227382383E-07  -1.0660347674E-02   2.3728441806E-03   6.4817499493E-04
    2     -1.2479822649E-06  -1.4230732962E-04   3.1662540232E-03   1.0074618401E-02   4.6678316206E-03
    3     -1.7049840413E-02  -3.8563109660E-04  -4.6385678419E-04   1.1190136627E-03   3.3338315616E-04
    4     -1.4422531753E-02   3.2634387973E-03  -1.8989507302E-03   4.0058296693E-03   7.3157715344E-04
    5     -6.7900296428E-03   5.9873901950E-03  -1.3145862525E-05   2.0653213074E-03  -2.6738968527E-06
    6     -4.4098832562E-02  -3.2677728398E-02   1.2498744597E-02   8.4859104507E-03   8.0464918947E-03
    7     -1.3490540901E-01  -1.5088536047E-02  -8.3270384319E-03  -5.3616406332E-02  -7.9978928845E-03
    8     -3.7127533192E-02  -8.8586327128E-02   8.0267494129E-03   8.0154449234E-03   1.5768838557E-03
    9     -2.0382586371E-04   9.2283180988E-02  -1.0306228653E-01   1.5633600100E-02  -2.9374654024E-02
   10      3.9834628544E-01   1.1536941964E-04   4.4180367682E-02  -1.3476274843E-01   3.7052131754E-02
   11      1.1536941964E-04   1.7495098223E-01  -3.2719895958E-02   1.5009841588E-02  -8.8576974451E-02
   12      4.4180367682E-02  -3.2719895958E-02   4.7383688835E-01   1.0023513080E-01   1.6775186244E-02
   13     -1.3476274843E-01   1.5009841588E-02   1.0023513080E-01   5.0587743384E-01   6.3982084568E-02
   14      3.7052131754E-02  -8.8576974451E-02   1.6775186244E-02   6.3982084568E-02   5.5595573149E-01
   15      1.7034064798E-02  -3.7772897241E-04  -1.6757643936E-01  -4.5565120673E-03   3.6213323147E-02
   16     -1.4285223959E-02  -3.2653315249E-03  -1.0877454087E-02  -7.8597941659E-02  -3.2899124138E-04
   17      6.7498457637E-03   5.9874991275E-03   3.8211510367E-02  -3.3497844638E-03  -9.4854810087E-02
   18     -1.2909302389E-06   2.1389592460E-04   5.2054425119E-04  -4.0529189353E-03  -2.1849349577E-03
   19      1.8882898899E-03   2.5069442118E-07  -1.4066835044E-03  -6.7221735584E-03  -2.5897186670E-03
   20      6.2229892344E-07  -8.3344616705E-05  -2.9059597085E-04  -2.0096627298E-03  -3.4826351997E-04
   21     -4.6546507952E-07   6.1799561362E-04   1.0307462677E-03   7.6401696922E-04  -1.7869498799E-03
   22     -1.1625142162E-04   7.6027525994E-07   1.5961857011E-03   9.9928139390E-04  -4.8290501630E-04
   23     -4.4154573707E-07   7.5282246979E-05   9.6152565919E-04   6.2447729820E-04   5.0794436101E-05
   24      1.0852162266E-03  -1.8811411320E-03  -2.0716728956E-04  -5.0583074544E-05   1.1550650849E-04
   25      8.0139219823E-04   7.7341592482E-04   1.4470316620E-04  -5.4571346766E-04   2.7807766123E-04
   26      8.9612303582E-04   2.1120739011E-03   1.5201724874E-04   1.2318757457E-04  -2.4999637888E-05
   27     -3.6827908295E-03   2.6810572593E-03  -1.5191217567E-03   2.2701869471E-03  -7.0733709399E-04
   28      1.8639115047E-03   7.1676280391E-04   8.9162584581E-04   3.6100078952E-04  -3.6509192905E-04
   29      6.9513436294E-04   1.2180702112E-03   3.2504926432E-05  -2.0921563933E-04  -7.2664532439E-05
   30     -1.6955276750E-02   6.2928343251E-03  -1.2687555931E-03  -3.0328448158E-03  -1.1732399906E-03
   31     -3.4637403954E-02   8.4062370626E-03  -4.3804890390E-03  -1.8928149905E-03  -3.8753517535E-03
   32     -1.3346989252E-02   5.3237701960E-03  -9.5393710395E-04  -1.6149396873E-03  -6.8527747766E-04
   33     -9.7429855859E-03  -2.0199844279E-02  -8.4221416931E-04   2.5764575623E-03  -2.4042687448E-04
   34     -1.6315936197E-02  -3.4419972773E-02  -1.9926143183E-03   4.8469006297E-03  -5.6896968221E-03
   35     -1.5310068380E-02  -1.3461293345E-02  -1.0635762980E-03   3.2291324081E-03   7.2710119026E-04
   36      1.7062130235E-02   6.3142030695E-03  -1.2444565754E-01  -1.1039859042E-01  -5.3360532514E-02
   37     -3.4622379184E-02  -8.3929532390E-03  -1.0348518285E-01  -1.8917108862E-01  -7.1280929113E-02
   38      1.3360581148E-02   5.3241539146E-03  -5.3767146151E-02  -7.8490783827E-02  -8.8917886795E-02
   39      9.7823275269E-03  -2.0282462756E-02  -4.9352590404E-02  -3.3224530582E-03   1.6035587319E-02
   40     -1.6279115943E-02   3.4371089469E-02  -5.2501087933E-03  -4.8860078712E-02  -1.1035143344E-02
   41      1.5292250568E-02  -1.3459061793E-02   1.7103600495E-02  -9.7624460430E-03  -2.7888331984E-01
   42     -1.0801086516E-03  -1.8798442639E-03  -3.7875891859E-03   8.8887205040E-04   3.5946004706E-02
   43      7.9830704235E-04  -7.7762176533E-04   8.4689081504E-04  -1.4525688380E-03   2.6430137063E-05
   44     -8.9821045586E-04   2.1119376334E-03   7.0070967412E-04   9.4371175253E-04  -1.2704431423E-02
   45      3.6570102687E-03   2.6826758904E-03  -9.0149096260E-03   2.6691121504E-02  -1.4793086906E-02
   46      1.8737571642E-03  -7.1021137857E-04   4.2030230952E-04  -2.8417558921E-03   9.8226056373E-04
   47     -6.8928493441E-04   1.2181490039E-03   3.6786620630E-03  -8.6860034915E-03   2.0929590597E-03
                   15                 16                 17                 18                 19        
    0     -1.0255351472E-01  -3.8131941133E-02  -1.4065362315E-02  -2.6714957490E-01  -2.6741097310E-04
    1     -3.8888269150E-02  -1.4190634118E-01  -2.6223145538E-02  -2.6818676118E-04  -4.5407013199E-02
    2     -1.5100176213E-02  -2.5371633606E-02  -9.0530433287E-02   8.6614795989E-02   1.0457488948E-04
    3      1.1748889745E-02  -1.1308606725E-02   5.8263635747E-03  -1.4900408031E-02   2.7368748716E-02
    4      1.1419042118E-02  -3.4635663751E-02   7.8172171268E-03   3.3190340275E-04   1.4297205132E-04
    5      5.8452414268E-03  -7.8038354234E-03   4.4578892635E-03   5.7394711139E-03  -1.1281652970E-02
    6     -4.6570875987E-04   1.8867954536E-03  -8.0144161737E-06   5.0696591395E-04   1.4247041107E-03
    7     -1.1283354659E-03   4.0061521457E-03  -2.0648176918E-03   4.0702227687E-03  -6.7089534818E-03
    8      3.3475270672E-04  -7.3079024988E-04  -2.7002164565E-06  -2.1910837290E-03   2.5842512845E-03
    9     -2.1259208445E-02   3.9626663644E-02  -1.6342820444E-02   6.8827392473E-04  -1.5174935354E-06
   10      1.7034064798E-02  -1.4285223959E-02   6.7498457637E-03  -1.2909302389E-06   1.8882898899E-03
   11     -3.7772897241E-04  -3.2653315249E-03   5.9874991275E-03   2.1389592460E-04   2.5069442118E-07
   12     -1.6757643936E-01  -1.0877454087E-02   3.8211510367E-02   5.2054425119E-04  -1.4066835044E-03
   13     -4.5565120673E-03  -7.8597941659E-02  -3.3497844638E-03  -4.0529189353E-03  -6.7221735584E-03
   14      3.6213323147E-02  -3.2899124138E-04  -9.4854810087E-02  -2.1849349577E-03  -2.5897186670E-03
   15      4.5638547483E-01  -4.7560555801E-02   1.1865655134E-02  -1.4833691214E-02  -2.7404560174E-02
   16     -4.7560555801E-02   5.2956669052E-01  -3.3016046679E-02  -3.6818108294E-04   7.5487623046E-05
   17      1.1865655134E-02  -3.3016046679E-02   5.7072270192E-01   5.7116522859E-03   1.1294891798E-02
   18     -1.4833691214E-02  -3.6818108294E-04   5.7116522859E-03   2.9266468938E-01   2.8913401697E-04
   19     -2.7404560174E-02   7.5487623046E-05   1.1294891798E-02   2.8913401697E-04   5.3194996951E-02
   20     -1.1800930549E-02  -5.8386748764E-04   2.9877809388E-03  -9.3036558886E-02  -1.1204644003E-04
   21     -1.9468735183E-03  -6.7943935064E-04  -1.6263072403E-02   2.1710299045E-03   3.1995387704E-06
   22     -2.1768054922E-03  -2.5572584443E-03  -2.9922034882E-02   3.5577457434E-06  -7.7576231583E-04
   23     -6.7121669933E-04  -1.3812655054E-03  -1.1668416608E-02  -9.5209667198E-04  -1.1057990774E-06
   24      1.0620546865E-04  -1.0004501031E-03   4.6275491048E-04   3.5916052061E-04  -6.1101832345E-04
   25     -1.3665112575E-04   1.7346039257E-03   1.1356643064E-03  -2.6745597037E-04   1.0957492136E-03
   26      2.7990299738E-04  -7.0394707335E-04   4.0027965051E-04  -4.8218765104E-04   1.2783465812E-04
   27     -1.5009064153E-03   3.1168121776E-03  -1.5911950189E-03   6.3823803494E-04  -5.4553082000E-04
   28      4.6681425583E-03  -3.3094949443E-03   3.1935427177E-03   2.8904424618E-04   8.4170850987E-04
   29     -1.2915725238E-03   1.4491908893E-03  -1.0979529026E-04   2.0201908979E-04  -6.7729876664E-04
   30      7.5735737915E-05  -8.0997685278E-04  -8.0446313112E-05  -1.0521418246E-03   2.0166572326E-03
   31     -3.1927526069E-04  -2.5810174361E-04   2.5812801325E-04  -3.0161383053E-04   2.2004324701E-04
   32     -8.2564865184E-06  -1.7397084990E-04   3.1709448467E-05   3.0349619932E-04  -2.9539627630E-04
   33     -1.3055238456E-04  -5.3230745339E-05   1.6488038896E-04   2.2064503982E-04  -3.0117760270E-04
   34      3.2239540544E-04  -5.5756625244E-04   5.0654946513E-04  -3.0301184711E-05  -1.1618030074E-06
   35      7.9252799051E-05  -4.5533864557E-04   1.4468668162E-04   2.1228821377E-05   1.0377773982E-04
   36     -1.5998568288E-02  -2.4605382603E-02  -1.2610542756E-02  -1.0480787859E-03  -2.0197419786E-03
   37      7.9499144450E-05   3.4357998140E-03   4.7768417685E-04   2.9855736837E-04   2.1581197677E-04
   38      7.6118882763E-03   8.7942976705E-03   3.6277090065E-03   3.0279917335E-04   2.9607133367E-04
   39     -3.8426572369E-03   3.4762804391E-04   3.3349816378E-02   2.1972483485E-04   3.0163306021E-04
   40     -9.6704319745E-04   1.4524799997E-03  -2.2036052315E-03   3.0867373411E-05  -3.0341400891E-07
   41      1.0846965130E-03  -2.2333999675E-03  -1.2148821714E-02   2.1554165221E-05  -1.0352539516E-04
   42     -4.5679159194E-02   1.9194119629E-03   4.7747189459E-03   3.5709580673E-04   6.0914849600E-04
   43      9.6873856644E-04  -4.9015793185E-02  -1.3919785528E-02   2.6573841708E-04   1.0978546730E-03
   44      6.5303777995E-03  -1.4592356951E-02  -2.9499141535E-01  -4.8149796798E-04  -1.2880732966E-04
   45     -9.2529026243E-02   8.8622528182E-02  -3.9448884238E-02   6.3752714203E-04   5.4492846719E-04
   46      8.8521504163E-02  -2.1514782891E-01   7.9247346742E-02  -2.8958941221E-04   8.4245363654E-04
   47     -4.0552223436E-02   8.0415636549E-02  -8.4053863484E-02   2.0041316234E-04   6.7775805947E-04
                   20                 21                 22                 23                 24        
    0      8.7972875464E-02  -4.9683054408E-02  -6.4334598865E-06  -1.0923085149E-02  -1.0219983174E-03
    1      1.0644677317E-04  -6.4831251393E-06  -4.4298034536E-02  -1.0767285677E-05   1.8844630819E-03
    2     -8.2078719560E-02  -1.0211283023E-02  -1.0060933359E-05  -2.9115895471E-01  -1.8517946797E-02
    3     -1.1801984821E-02  -1.9537978320E-03   2.1785601444E-03  -6.7475853865E-04  -4.5672228066E-02
    4      5.5528151058E-04   6.8119635332E-04  -2.5508779011E-03   1.3799793047E-03  -1.9108214302E-03
    5      2.9876978074E-03  -1.6335376411E-02   2.9882929575E-02  -1.1668223080E-02   4.7378136386E-03
    6     -2.9512821466E-04   1.0359710073E-03  -1.5961893642E-03   9.6338774948E-04  -3.7829311980E-03
    7      2.0085774972E-03  -7.6352811855E-04   9.9356407085E-04  -6.2270060186E-04  -8.9584527507E-04
    8     -3.4820218288E-04  -1.7881810807E-03   4.7862263789E-04   5.0708314614E-05   3.5945858735E-02
    9      5.0470458552E-04  -4.8415750109E-04  -4.2588910847E-07  -5.4462102428E-04   2.8767986949E-03
   10      6.2229892344E-07  -4.6546507952E-07  -1.1625142162E-04  -4.4154573707E-07   1.0852162266E-03
   11     -8.3344616705E-05   6.1799561362E-04   7.6027525994E-07   7.5282246979E-05  -1.8811411320E-03
   12     -2.9059597085E-04   1.0307462677E-03   1.5961857011E-03   9.6152565919E-04  -2.0716728956E-04
   13     -2.0096627298E-03   7.6401696922E-04   9.9928139390E-04   6.2447729820E-04  -5.0583074544E-05
   14     -3.4826351997E-04  -1.7869498799E-03  -4.8290501630E-04   5.0794436101E-05   1.1550650849E-04
   15     -1.1800930549E-02  -1.9468735183E-03  -2.1768054922E-03  -6.7121669933E-04   1.0620546865E-04
   16     -5.8386748764E-04  -6.7943935064E-04  -2.5572584443E-03  -1.3812655054E-03  -1.0004501031E-03
   17      2.9877809388E-03  -1.6263072403E-02  -2.9922034882E-02  -1.1668416608E-02   4.6275491048E-04
   18     -9.3036558886E-02   2.1710299045E-03   3.5577457434E-06  -9.5209667198E-04   3.5916052061E-04
   19     -1.1204644003E-04   3.1995387704E-06  -7.7576231583E-04  -1.1057990774E-06  -6.1101832345E-04
   20      8.4951290181E-02   2.9793112135E-02   3.6013799871E-05  -1.1120535901E-02  -1.1984645154E-04
   21      2.9793112135E-02   5.0659539659E-02  -5.4227676676E-06   1.5475283560E-02  -1.0020265784E-03
   22      3.6013799871E-05  -5.4227676676E-06   5.4878446031E-02   1.6299359149E-05   3.5893129283E-03
   23     -1.1120535901E-02   1.5475283560E-02   1.6299359149E-05   3.2036703356E-01  -9.9242390572E-04
   24     -1.1984645154E-04  -1.0020265784E-03   3.5893129283E-03  -9.9242390572E-04   5.3073103051E-02
   25     -5.5945611232E-04   2.6473302200E-03  -4.2932233762E-03   1.9398216921E-03  -2.7565948274E-03
   26      6.0254011616E-04  -1.1624452543E-03   1.7925861022E-03   9.0925082317E-04  -8.0198359519E-03
   27      5.6320776614E-04   6.0229938389E-04  -6.9197620930E-04   6.1869800743E-05  -8.8987350845E-05
   28     -4.7352087598E-04  -3.6756119759E-04   8.5199058040E-04   4.8192347702E-04   1.3878151952E-03
   29      9.2281819302E-05   5.5706488893E-04  -1.2641830629E-04   6.3565396662E-04  -1.3867972243E-02
   30     -4.7261812643E-04   1.9102409551E-04  -3.2857926010E-04  -5.4863703192E-06   1.3735969882E-03
   31      6.6503774137E-05   7.9620494601E-06  -7.2749933274E-05   4.5430757380E-05   1.1523756435E-04
   32      4.4638464442E-04   3.0049426889E-04  -3.0389266839E-04   3.8265838826E-04  -4.2670915343E-04
   33     -4.9375716334E-04  -2.1257922076E-04   3.6819802917E-04  -8.8566007652E-04  -6.1870153961E-03
   34      5.8909540570E-05   6.1075634410E-05   2.3375580214E-04  -1.2704762992E-04  -9.0093100399E-04
   35      3.8500458766E-04   5.5515111655E-04  -8.2008651721E-04   6.0879771447E-04   2.1278652629E-03
   36     -4.7244231737E-04   1.9016625514E-04   3.2911940743E-04  -5.4514334248E-06   6.0898144121E-05
   37     -6.7621454845E-05  -7.3671249461E-06  -7.2015530511E-05  -4.5416744808E-05  -4.4797042598E-05
   38      4.4634740033E-04   2.9985133703E-04   3.0463153667E-04   3.8258855422E-04  -2.6938864359E-05
   39     -4.9371114263E-04  -2.1117543270E-04  -3.6922010508E-04  -8.8631254542E-04  -9.4381799518E-05
   40     -6.0088157607E-05  -6.2135902320E-05   2.3266245255E-04   1.2494469966E-04   1.7750880209E-04
   41      3.8492049421E-04   5.5351413709E-04   8.2143091333E-04   6.0846697536E-04  -8.6470299028E-05
   42     -1.2134376536E-04  -9.8685423189E-04  -3.5812709673E-03  -9.8781845365E-04   3.3982259458E-04
   43      5.5914662653E-04  -2.6392571093E-03  -4.3081897955E-03  -1.9423505865E-03   1.0307631760E-04
   44      6.0254477948E-04  -1.1580578998E-03  -1.7955298126E-03   9.0922268794E-04   3.8795412072E-04
   45      5.6205139620E-04   5.9974215011E-04   6.9129005826E-04   6.2967460868E-05  -1.3284946635E-04
   46      4.7490262338E-04   3.6697889635E-04   8.5466292390E-04  -4.8184070599E-04  -1.7053918335E-04
   47      9.2273012191E-05   5.5679553238E-04   1.2771375374E-04   6.3567263313E-04   1.5401865735E-04
                   25                 26                 27                 28                 29        
    0     -5.0331633180E-05  -7.6985389934E-04   8.1594573112E-03  -1.2186906142E-02   5.0696736453E-03
    1     -3.1630822502E-03   9.4366596814E-04   1.4824510562E-02  -2.2135393212E-02   9.9759762504E-03
    2      2.8008723371E-02  -1.1071791828E-02   7.3828598549E-03  -1.0166781419E-02   2.7720525945E-03
    3     -9.6068400833E-04   6.4929118116E-03  -9.2102394634E-02  -8.8224618535E-02  -4.0357152104E-02
    4     -4.9023185612E-02   1.4612687472E-02  -8.8324969971E-02  -2.1557306805E-01  -8.0513109477E-02
    5      1.3935867155E-02  -2.9498959444E-01  -3.9257002696E-02  -7.9342812834E-02  -8.4054850573E-02
    6     -8.5272250653E-04   7.0201763340E-04  -8.9499539460E-03  -4.3601385651E-04   3.6568720306E-03
    7     -1.4569592262E-03  -9.4152256094E-04  -2.6705524855E-02  -2.9083420621E-03   8.6946662288E-03
    8      6.0749918830E-05  -1.2705517308E-02  -1.4791488211E-02  -1.0182107654E-03   2.0931590669E-03
    9      2.3036339014E-04  -8.1545194375E-04  -8.7327373742E-03  -5.5445286893E-04   2.3306245859E-03
   10      8.0139219823E-04   8.9612303582E-04  -3.6827908295E-03   1.8639115047E-03   6.9513436294E-04
   11      7.7341592482E-04   2.1120739011E-03   2.6810572593E-03   7.1676280391E-04   1.2180702112E-03
   12      1.4470316620E-04   1.5201724874E-04  -1.5191217567E-03   8.9162584581E-04   3.2504926432E-05
   13     -5.4571346766E-04   1.2318757457E-04   2.2701869471E-03   3.6100078952E-04  -2.0921563933E-04
   14      2.7807766123E-04  -2.4999637888E-05  -7.0733709399E-04  -3.6509192905E-04  -7.2664532439E-05
   15     -1.3665112575E-04   2.7990299738E-04  -1.5009064153E-03   4.6681425583E-03  -1.2915725238E-03
   16      1.7346039257E-03  -7.0394707335E-04   3.1168121776E-03  -3.3094949443E-03   1.4491908893E-03
   17      1.1356643064E-03   4.0027965051E-04  -1.5911950189E-03   3.1935427177E-03  -1.0979529026E-04
   18     -2.6745597037E-04  -4.8218765104E-04   6.3823803494E-04   2.8904424618E-04   2.0201908979E-04
   19      1.0957492136E-03   1.2783465812E-04  -5.4553082000E-04   8.4170850987E-04  -6.7729876664E-04
   20     -5.5945611232E-04   6.0254011616E-04   5.6320776614E-04  -4.7352087598E-04   9.2281819302E-05
   21      2.6473302200E-03  -1.1624452543E-03   6.0229938389E-04  -3.6756119759E-04   5.5706488893E-04
   22     -4.2932233762E-03   1.7925861022E-03  -6.9197620930E-04   8.5199058040E-04  -1.2641830629E-04
   23      1.9398216921E-03   9.0925082317E-04   6.1869800743E-05   4.8192347702E-04   6.3565396662E-04
   24     -2.7565948274E-03  -8.0198359519E-03  -8.8987350845E-05   1.3878151952E-03  -1.3867972243E-02
   25      5.1988138709E-02  -1.8132102716E-02   1.7549693008E-03   1.8732561947E-03  -2.5733568018E-02
   26     -1.8132102716E-02   3.2321073073E-01   7.7470210109E-04   1.0745157371E-03  -1.0657904937E-02
   27      1.7549693008E-03   7.7470210109E-04   1.0095107905E-01   9.6484226325E-02   4.4537723381E-02
   28      1.8732561947E-03   1.0745157371E-03   9.6484226325E-02   2.3865548604E-01   8.5713170262E-02
   29     -2.5733568018E-02  -1.0657904937E-02   4.4537723381E-02   8.5713170262E-02   8.7001624843E-02
   30     -5.3375238833E-05   3.8353111483E-04   5.2985108732E-04  -5.6218399142E-04  -4.3340607481E-04
   31      1.2845423721E-04  -2.7480012242E-04   8.3951141376E-04   2.5138759033E-04  -1.2680351094E-04
   32     -5.7269581668E-04   7.6346829818E-04  -6.4124617430E-04   1.2753278041E-04   2.3290393577E-04
   33      2.2536334293E-04   2.2027926098E-03   1.1600699008E-03  -2.2142823092E-04  -6.0473713928E-04
   34      1.1106578975E-03  -7.5971241635E-05   1.8426098048E-04   2.4805661776E-04   2.8940830571E-05
   35      2.0399350705E-04   8.5116555819E-04   7.5065625377E-04   4.4607361966E-04   1.4915311956E-04
   36     -9.4677538126E-05   4.9654802414E-05   1.9719525393E-04  -8.8610547839E-05  -4.8189783355E-05
   37      8.1113884151E-06   4.9157603409E-05  -2.4760156986E-04   1.0351926656E-04   1.0142798837E-05
   38     -1.3262445827E-06  -7.7536100376E-06   6.8670934712E-05  -4.8110119291E-05  -4.1801470985E-05
   39      9.7041788248E-05  -1.2265988628E-04   1.7355098177E-04  -8.3012474906E-05  -4.0842511814E-06
   40     -6.8631273319E-05  -1.6959922017E-04  -2.7304857986E-04   1.4028932357E-05  -3.5208489362E-05
   41     -2.6647885449E-04  -6.8319146568E-05   1.4669235674E-04   1.2166320032E-04  -2.8725152721E-06
   42     -1.0111772649E-04   3.8643199070E-04  -1.3283085206E-04   1.6961028256E-04   1.5301110579E-04
   43     -4.5086589073E-04   6.1771303578E-04  -1.7371762729E-04   2.6126282134E-04   4.1609302700E-04
   44     -6.1688146956E-04   3.8850949570E-04  -4.3924071207E-05  -2.2504283036E-05   2.8788512550E-04
   45      1.7278951446E-04  -4.4014759786E-05   6.1519132847E-04  -1.1761598821E-03   6.5651102292E-05
   46      2.6129733158E-04   2.2417240990E-05   1.1811660298E-03  -1.3993105798E-03   4.4370273944E-04
   47     -4.1574979864E-04   2.8786233301E-04   6.6722921146E-05  -4.4354755445E-04   4.5710463710E-04
                   30                 31                 32                 33                 34        
    0     -6.0494497674E-03  -7.6035070177E-04   1.7034642899E-03   2.0210335818E-03  -2.0052099080E-04
    1     -2.3051872132E-03   1.1207910292E-03   5.6269117703E-04  -1.0837659041E-03  -1.3398535220E-04
    2      3.4351788684E-03   1.7588916489E-04  -1.1857935216E-04   1.0402956223E-03  -9.7584399678E-04
    3     -1.6057611375E-02  -1.2702342335E-04   7.6332996403E-03  -3.8434234529E-03   9.5376020204E-04
    4      2.4558815218E-02   3.4949662001E-03  -8.7764008549E-03  -3.6238624592E-04   1.4539323411E-03
    5     -1.2608884859E-02  -5.0737748899E-04   3.6271803752E-03   3.3344243250E-02   2.2850886900E-03
    6     -1.2496526966E-01   1.0364638935E-01  -5.3951233973E-02  -4.9373530637E-02   5.2485940740E-03
    7      1.1055979253E-01  -1.8865997439E-01   7.8353906185E-02   3.3208708102E-03  -4.8840665326E-02
    8     -5.3526181578E-02   7.1144749182E-02  -8.8908942952E-02   1.6005076283E-02   1.1085752890E-02
    9      9.8396357814E-03   1.0288672355E-02   6.3127610011E-03  -5.0510980720E-04  -6.7792137527E-03
   10     -1.6955276750E-02  -3.4637403954E-02  -1.3346989252E-02  -9.7429855859E-03  -1.6315936197E-02
   11      6.2928343251E-03   8.4062370626E-03   5.3237701960E-03  -2.0199844279E-02  -3.4419972773E-02
   12     -1.2687555931E-03  -4.3804890390E-03  -9.5393710395E-04  -8.4221416931E-04  -1.9926143183E-03
   13     -3.0328448158E-03  -1.8928149905E-03  -1.6149396873E-03   2.5764575623E-03   4.8469006297E-03
   14     -1.1732399906E-03  -3.8753517535E-03  -6.8527747766E-04  -2.4042687448E-04  -5.6896968221E-03
   15      7.5735737915E-05  -3.1927526069E-04  -8.2564865184E-06  -1.3055238456E-04   3.2239540544E-04
   16     -8.0997685278E-04  -2.5810174361E-04  -1.7397084990E-04  -5.3230745339E-05  -5.5756625244E-04
   17     -8.0446313112E-05   2.5812801325E-04   3.1709448467E-05   1.6488038896E-04   5.0654946513E-04
   18     -1.0521418246E-03  -3.0161383053E-04   3.0349619932E-04   2.2064503982E-04  -3.0301184711E-05
   19      2.0166572326E-03   2.2004324701E-04  -2.9539627630E-04  -3.0117760270E-04  -1.1618030074E-06
   20     -4.7261812643E-04   6.6503774137E-05   4.4638464442E-04  -4.9375716334E-04   5.8909540570E-05
   21      1.9102409551E-04   7.9620494601E-06   3.0049426889E-04  -2.1257922076E-04   6.1075634410E-05
   22     -3.2857926010E-04  -7.2749933274E-05  -3.0389266839E-04   3.6819802917E-04   2.3375580214E-04
   23     -5.4863703192E-06   4.5430757380E-05   3.8265838826E-04  -8.8566007652E-04  -1.2704762992E-04
   24      1.3735969882E-03   1.1523756435E-04  -4.2670915343E-04  -6.1870153961E-03  -9.0093100399E-04
   25     -5.3375238833E-05   1.2845423721E-04  -5.7269581668E-04   2.2536334293E-04   1.1106578975E-03
   26      3.8353111483E-04  -2.7480012242E-04   7.6346829818E-04   2.2027926098E-03  -7.5971241635E-05
   27      5.2985108732E-04   8.3951141376E-04  -6.4124617430E-04   1.1600699008E-03   1.8426098048E-04
   28     -5.6218399142E-04   2.5138759033E-04   1.2753278041E-04  -2.2142823092E-04   2.4805661776E-04
   29     -4.3340607481E-04  -1.2680351094E-04   2.3290393577E-04  -6.0473713928E-04   2.8940830571E-05
   30      1.3479833751E-01  -1.1068882538E-01   5.6193211410E-02   1.9328568255E-03  -1.8536793069E-03
   31     -1.1068882538E-01   2.1981452321E-01  -7.6373932282E-02   6.0948990563E-04   1.6970885693E-03
   32      5.6193211410E-02  -7.6373932282E-02   8.8050152618E-02  -1.6728987129E-02   2.3056774526E-02
   33      1.9328568255E-03   6.0948990563E-04  -1.6728987129E-02   5.5435185638E-02   4.8076244982E-03
   34     -1.8536793069E-03   1.6970885693E-03   2.3056774526E-02   4.8076244982E-03   5.5745474043E-02
   35      1.8154575702E-03   6.2052695146E-04  -1.0165523337E-02  -1.4449559905E-02   1.8212407797E-03
   36      4.6082870686E-04   9.1495723831E-04   1.3087901319E-04  -6.5326740479E-05  -9.8482859267E-05
   37     -9.1031152115E-04  -1.4816720051E-03  -3.8729047042E-04   5.3482915018E-05   1.6257489354E-04
   38      1.2984837238E-04   3.8753457652E-04   5.0771752508E-04   9.2918626922E-05   3.5972441131E-04
   39     -6.5513096670E-05  -5.4035271800E-05   9.3844543834E-05   3.1102046082E-04   1.7951132851E-04
   40      9.8017279037E-05   1.6268514698E-04  -3.5959188146E-04  -1.8017303028E-04   4.0527783691E-04
   41      4.5901432574E-05   1.6718215801E-04   5.6192293328E-04   8.4924242048E-04   1.7813399728E-03
   42      6.0573595232E-05   4.4906684170E-05  -2.6939921936E-05  -9.3744789540E-05  -1.7758315735E-04
   43      9.4798194638E-05   8.4550977385E-06   1.2702175761E-06  -9.7071969328E-05  -6.9295668442E-05
   44      4.9792451069E-05  -4.9039551297E-05  -7.7429599523E-06  -1.2308368119E-04   1.6928942049E-04
   45      1.9630099722E-04   2.4773911394E-04   6.8565845183E-05   1.7268515124E-04   2.7341925057E-04
   46      8.8907109581E-05   1.0432268948E-04   4.8303940232E-05   8.3417451300E-05   1.4891966771E-05
   47     -4.8198500718E-05  -1.0255717646E-05  -4.1802284047E-05  -4.1691030067E-06   3.5201626544E-05
                   35                 36                 37                 38                 39        
    0     -1.0941215160E-03  -6.0565927948E-03   7.4298304432E-04   1.7048311274E-03   2.0181230957E-03
    1      9.9964463791E-06   2.2879305490E-03   1.1278701464E-03  -5.5850298279E-04   1.0890812470E-03
    2      4.2389025384E-04   3.4353657378E-03  -1.6793239277E-04  -1.1858769920E-04   1.0381060884E-03
    3      1.0795270628E-03   7.3111726209E-05   3.2002075818E-04  -8.7631086196E-06  -1.2993439143E-04
    4      2.2367733717E-03   8.1075397435E-04  -2.5555851391E-04   1.7392246639E-04   5.4326099339E-05
    5     -1.2149767362E-02  -7.9814681183E-05  -2.5831739447E-04   3.1731407826E-05   1.6609619414E-04
    6      1.7076477502E-02  -1.2871100961E-03   4.3821276408E-03  -9.5766002704E-04  -8.4080522851E-04
    7      9.8154571939E-03   3.0335462196E-03  -1.8748987891E-03   1.6128594790E-03  -2.5902925098E-03
    8     -2.7888051678E-01  -1.1827137514E-03   3.8725194889E-03  -6.8500381695E-04  -2.5458983330E-04
    9     -7.8276631557E-03   9.8236203580E-03  -1.0181870281E-02   6.2801014905E-03  -5.4438142208E-04
   10     -1.5310068380E-02   1.7062130235E-02  -3.4622379184E-02   1.3360581148E-02   9.7823275269E-03
   11     -1.3461293345E-02   6.3142030695E-03  -8.3929532390E-03   5.3241539146E-03  -2.0282462756E-02
   12     -1.0635762980E-03  -1.2444565754E-01  -1.0348518285E-01  -5.3767146151E-02  -4.9352590404E-02
   13      3.2291324081E-03  -1.1039859042E-01  -1.8917108862E-01  -7.8490783827E-02  -3.3224530582E-03
   14      7.2710119026E-04  -5.3360532514E-02  -7.1280929113E-02  -8.8917886795E-02   1.6035587319E-02
   15      7.9252799051E-05  -1.5998568288E-02   7.9499144450E-05   7.6118882763E-03  -3.8426572369E-03
   16     -4.5533864557E-04  -2.4605382603E-02   3.4357998140E-03   8.7942976705E-03   3.4762804391E-04
   17      1.4468668162E-04  -1.2610542756E-02   4.7768417685E-04   3.6277090065E-03   3.3349816378E-02
   18      2.1228821377E-05  -1.0480787859E-03   2.9855736837E-04   3.0279917335E-04   2.1972483485E-04
   19      1.0377773982E-04  -2.0197419786E-03   2.1581197677E-04   2.9607133367E-04   3.0163306021E-04
   20      3.8500458766E-04  -4.7244231737E-04  -6.7621454845E-05   4.4634740033E-04  -4.9371114263E-04
   21      5.5515111655E-04   1.9016625514E-04  -7.3671249461E-06   2.9985133703E-04  -2.1117543270E-04
   22     -8.2008651721E-04   3.2911940743E-04  -7.2015530511E-05   3.0463153667E-04  -3.6922010508E-04
   23      6.0879771447E-04  -5.4514334248E-06  -4.5416744808E-05   3.8258855422E-04  -8.8631254542E-04
   24      2.1278652629E-03   6.0898144121E-05  -4.4797042598E-05  -2.6938864359E-05  -9.4381799518E-05
   25      2.0399350705E-04  -9.4677538126E-05   8.1113884151E-06  -1.3262445827E-06   9.7041788248E-05
   26      8.5116555819E-04   4.9654802414E-05   4.9157603409E-05  -7.7536100376E-06  -1.2265988628E-04
   27      7.5065625377E-04   1.9719525393E-04  -2.4760156986E-04   6.8670934712E-05   1.7355098177E-04
   28      4.4607361966E-04  -8.8610547839E-05   1.0351926656E-04  -4.8110119291E-05  -8.3012474906E-05
   29      1.4915311956E-04  -4.8189783355E-05   1.0142798837E-05  -4.1801470985E-05  -4.0842511814E-06
   30      1.8154575702E-03   4.6082870686E-04  -9.1031152115E-04   1.2984837238E-04  -6.5513096670E-05
   31      6.2052695146E-04   9.1495723831E-04  -1.4816720051E-03   3.8753457652E-04  -5.4035271800E-05
   32     -1.0165523337E-02   1.3087901319E-04  -3.8729047042E-04   5.0771752508E-04   9.3844543834E-05
   33     -1.4449559905E-02  -6.5326740479E-05   5.3482915018E-05   9.2918626922E-05   3.1102046082E-04
   34      1.8212407797E-03  -9.8482859267E-05   1.6257489354E-04   3.5972441131E-04   1.7951132851E-04
   35      3.1006454880E-01   4.6322544531E-05  -1.6708865850E-04   5.6191662207E-04   8.5388926702E-04
   36      4.6322544531E-05   1.3426142102E-01   1.1047675105E-01   5.6014322658E-02   1.9300223735E-03
   37     -1.6708865850E-04   1.1047675105E-01   2.2034343654E-01   7.6517627592E-02  -6.0817045309E-04
   38      5.6191662207E-04   5.6014322658E-02   7.6517627592E-02   8.8059377653E-02  -1.6673025147E-02
