
$orca_hessian_file

$act_atom
  0

$act_coord
  0

$act_energy
        0.000000

$multiplicity
  1

$hessian
48
                    0                  1                  2                  3                  4        
    0      5.6017536310E-01  -1.2091854775E-04  -3.7579374930E-02  -1.0241175108E-01   3.7719615002E-02
    1     -1.2091854775E-04   4.2120953596E-01   2.5991378599E-05   3.8420828395E-02  -1.4119861228E-01
    2     -3.7579374930E-02   2.5991378599E-05   5.5902812689E-01  -1.4912258064E-02   2.4948198791E-02
    3     -1.0241175108E-01   3.8420828395E-02  -1.4912258064E-02   4.5300648256E-01   4.9591505435E-02
    4      3.7719615002E-02  -1.4119861228E-01   2.4948198791E-02   4.9591505435E-02   5.2845839807E-01
    5     -1.3971062152E-02   2.5895775432E-02  -9.0239321722E-02   1.3648300192E-02   3.3460975141E-02
    6     -2.6409498026E-02   1.0644191202E-02   3.2184498777E-03  -1.6333533732E-01   1.0744836525E-02
    7      3.3214772331E-02   2.5554629670E-03  -1.0104637734E-02   3.9224441246E-03  -7.9131706448E-02
    8     -9.7366775150E-03  -5.9628202928E-04   4.6460218475E-03   3.4610810818E-02  -8.1710026105E-05
    9      8.2046260255E-03  -1.2365051114E-05  -9.7589160081E-04  -2.1534612891E-02  -4.0262885951E-02
   10     -1.2284985484E-05  -5.3157657374E-03   8.7308484639E-07  -1.7396535541E-02  -1.4547237548E-02
   11     -6.6940880364E-04   5.2309689851E-07  -1.2785626614E-04  -3.6461254967E-04   3.4561377819E-03
   12     -2.6488224375E-02  -1.0593350339E-02   3.2360159268E-03  -4.8364912854E-04  -2.0092579234E-03
   13     -3.3162318208E-02   2.6304953181E-03   1.0098391469E-02   1.1936040140E-03   4.1140989362E-03
   14     -9.7361217267E-03   6.1379928101E-04   4.6464653488E-03   2.7236354718E-04   6.6689487473E-04
   15     -1.0254480267E-01  -3.8486743204E-02  -1.4955915167E-02   1.1756632331E-02   1.1335030159E-02
   16     -3.7787079915E-02  -1.4105789510E-01  -2.4920885962E-02  -1.1416056634E-02  -3.4477185616E-02
   17     -1.4015606251E-02  -2.5869799194E-02  -9.0239738638E-02   5.8065664898E-03   7.7521244445E-03
   18     -2.6691935740E-01   1.9278869623E-04   8.6307230115E-02  -1.4792122071E-02   3.6250291423E-04
   19      1.9208799876E-04  -4.5517207374E-02  -7.5097023369E-05   2.7309797426E-02   1.4183626273E-04
   20      8.7596172469E-02  -7.6447598434E-05  -8.1689472208E-02  -1.1780764162E-02   5.7378581261E-04
   21     -4.9757008101E-02   5.0431372233E-06  -1.0844316697E-02  -1.9730659080E-03   6.8581882466E-04
   22      5.0136432391E-06  -4.4435834820E-02   1.5508621313E-05   2.2156577879E-03  -2.5364069581E-03
   23     -1.1521012137E-02   1.5981612882E-05  -2.8988667720E-01  -7.0362833591E-04   1.3725896831E-03
   24     -1.0788137546E-03   1.9128044763E-03  -1.8542306717E-02  -4.5419616799E-02  -2.0385495443E-03
   25      1.4293976787E-05  -3.1797442254E-03   2.8105576415E-02  -1.0679956694E-03  -4.8825560339E-02
   26     -7.9246816901E-04   9.4992456029E-04  -1.1091843703E-02   5.9333912491E-03   1.4053969168E-02
   27      8.1880831248E-03   1.4745917783E-02   7.3336419723E-03  -9.3385563620E-02  -8.9113650416E-02
   28     -1.2241370294E-02  -2.2208272742E-02  -1.0184583773E-02  -8.8974078083E-02  -2.1465373702E-01
   29      5.0468688067E-03   9.9341901623E-03   2.7437559763E-03  -4.0345639157E-02  -7.9658052178E-02
   30     -6.0553462146E-03  -2.2991494381E-03   3.4237475071E-03  -1.6059439402E-02   2.4415480854E-02
   31     -7.9228512815E-04   1.0935649619E-03   1.7377140949E-04  -1.2913160125E-04   3.5655146363E-03
   32      1.6948044075E-03   5.5169711793E-04  -1.3068818086E-04   7.6105006351E-03  -8.7366689751E-03
   33      2.0215777709E-03  -1.0917064391E-03   1.0363681100E-03  -3.9409986235E-03  -3.0194045448E-04
   34     -2.0430850149E-04  -1.4164256070E-04  -9.5786898524E-04   1.0083873950E-03   1.5064659988E-03
   35     -1.1058417143E-03   4.8609844187E-06   4.1065135309E-04   1.1872578204E-03   2.2638292438E-03
   36     -6.0500400234E-03   2.3114513283E-03   3.4238298556E-03   8.0229881311E-05   8.2052365865E-04
   37      8.0490675553E-04   1.0883237096E-03  -1.7951991856E-04   3.1994073431E-04  -2.7495428702E-04
   38      1.6938821724E-03  -5.5476802901E-04  -1.3083582996E-04  -6.3905361352E-06   1.6690199397E-04
   39      2.0237237650E-03   1.0877328250E-03   1.0380383750E-03  -1.3199480318E-04   5.3120739400E-05
   40      2.0034442403E-04  -1.4402471578E-04   9.5625821648E-04  -3.2922873231E-04  -5.6177423689E-04
   41     -1.1062682267E-03  -3.3185745968E-06   4.1067162786E-04   8.4109698358E-05   4.6082034581E-04
   42     -1.0822980789E-03  -1.9153099331E-03  -1.8592224371E-02   1.0413367299E-04   1.0030674209E-03
   43     -1.8225280572E-05  -3.1746998301E-03  -2.8072074347E-02   1.3204043054E-04   1.7281827300E-03
   44     -7.9400524524E-04  -9.4781705676E-04  -1.1092879694E-02   2.8457902047E-04   7.0817874197E-04
   45      8.1837659334E-03  -1.4800399994E-02   7.3511062266E-03  -1.4793268138E-03  -3.1292314074E-03
   46      1.2186941833E-02  -2.2203683521E-02   1.0170022727E-02  -4.6771653177E-03  -3.3073218991E-03
   47      5.0299785955E-03  -9.9442355146E-03   2.7436203972E-03  -1.2882421743E-03  -1.4298193207E-03
                    5                  6                  7                  8                  9        
    0     -1.3971062152E-02  -2.6409498026E-02   3.3214772331E-02  -9.7366775150E-03   8.2046260255E-03
    1      2.5895775432E-02   1.0644191202E-02   2.5554629670E-03  -5.9628202928E-04  -1.2365051114E-05
    2     -9.0239321722E-02   3.2184498777E-03  -1.0104637734E-02   4.6460218475E-03  -9.7589160081E-04
    3      1.3648300192E-02  -1.6333533732E-01   3.9224441246E-03   3.4610810818E-02  -2.1534612891E-02
    4      3.3460975141E-02   1.0744836525E-02  -7.9131706448E-02  -8.1710026105E-05  -4.0262885951E-02
    5      5.7024749087E-01   3.7016995356E-02   3.2480115507E-03  -9.4281926545E-02  -1.6504691748E-02
    6      3.7016995356E-02   4.7291583453E-01  -9.2961206574E-02   2.1719731726E-02  -1.0582528865E-01
    7      3.2480115507E-03  -9.2961206574E-02   5.2097209309E-01  -5.7084762676E-02  -2.2236405802E-02
    8     -9.4281926545E-02   2.1719731726E-02  -5.7084762676E-02   5.5130003422E-01  -3.1840546696E-02
    9     -1.6504691748E-02  -1.0582528865E-01  -2.2236405802E-02  -3.1840546696E-02   2.3842190889E-01
   10     -6.9254172051E-03  -5.1005908130E-02  -1.4815464227E-01  -4.2433962908E-02   1.6970757600E-04
   11      6.1506825111E-03  -3.5256585748E-02  -1.9853697175E-02  -9.0392855993E-02   9.7536909625E-02
   12     -2.4876809303E-05   1.2299496800E-02  -8.5660514822E-03   8.0198096218E-03  -1.0568591885E-01
   13      2.0771629762E-03   8.4457953274E-03  -5.6033170132E-02   8.1720047491E-03   2.2159850034E-02
   14     -1.4485106667E-05   8.0057397104E-03  -8.1872208863E-03   1.5956020383E-03  -3.1762118683E-02
   15      5.7935925892E-03  -4.8186912403E-04  -1.1862614171E-03   2.7147489370E-04  -2.1433178090E-02
   16     -7.7643306879E-03   2.0184619881E-03   4.1138805322E-03  -6.6720191293E-04   4.0276160009E-02
   17      4.4039600825E-03  -2.8572190603E-05  -2.0770712454E-03  -1.4581850580E-05  -1.6491162433E-02
   18      5.6948084076E-03   5.5711348271E-04   4.0875200900E-03  -2.1712768696E-03   6.9341902291E-04
   19     -1.1295863082E-02   1.4049791757E-03  -6.7631139455E-03   2.5543775496E-03   1.1468896367E-06
   20      2.9711755937E-03  -2.8365517305E-04   2.0224249207E-03  -3.4649129216E-04   5.1722794890E-04
   21     -1.6275828415E-02   1.0430667939E-03  -7.8478037430E-04  -1.7880838655E-03  -5.0153131828E-04
   22      2.9866868960E-02  -1.6118338739E-03   9.9791037133E-04   4.7178057235E-04   3.4379221184E-07
   23     -1.1580968109E-02   9.7422115699E-04  -6.1903129524E-04   2.7739381623E-05  -5.5103789808E-04
   24      4.2624773310E-03  -3.9497959989E-03  -8.4708382020E-04   3.5920071733E-02   2.9093068566E-03
   25      1.3300600415E-02  -8.0384294844E-04  -1.3933721016E-03   3.6849898612E-05   2.0037742890E-04
   26     -2.9580685169E-01   7.4894917673E-04  -9.7618380047E-04  -1.2787655199E-02  -8.2398426533E-04
   27     -3.9301169181E-02  -8.2709958270E-03  -2.6299283407E-02  -1.4817090444E-02  -8.7936634252E-03
   28     -7.8538849306E-02  -1.3010363275E-04  -2.6263501494E-03  -8.9283383483E-04  -5.0808678557E-04
   29     -8.3589181343E-02   3.5690994688E-03   8.8190323116E-03   2.0925814653E-03   2.3665358942E-03
   30     -1.2577105770E-02  -1.2504964762E-01   1.1041525709E-01  -5.3555574136E-02   9.9938535477E-03
   31     -5.4235480933E-04   1.0291997684E-01  -1.8773983504E-01   7.0560970827E-02   1.0417357487E-02
   32      3.5867762225E-03  -5.4024428596E-02   7.8168187591E-02  -8.8881116761E-02   6.3278394996E-03
   33      3.3238695157E-02  -4.9769941960E-02   3.0905401579E-03   1.5355591015E-02  -3.0176468854E-04
   34      2.3384023375E-03   4.9281435779E-03  -4.9723013104E-02   9.9706823829E-03  -6.5424411844E-03
   35     -1.2311882679E-02   1.6239270830E-02   8.4455639492E-03  -2.7298499225E-01  -7.8908394446E-03
   36     -7.8386307215E-05  -1.1257578373E-03   3.0802427172E-03  -1.1396250261E-03   1.0006027247E-02
   37     -2.6710266965E-04   4.3025524157E-03  -1.9331983151E-03   3.9457952216E-03  -1.0498365016E-02
   38      3.1575533016E-05  -8.9399801453E-04   1.6231681673E-03  -6.0732528336E-04   6.3517873527E-03
   39      1.6776612272E-04  -8.7097970932E-04  -2.6402401979E-03  -2.5177430963E-04  -2.7386622727E-04
   40     -5.1668764233E-04   2.0857108800E-03   5.0367291928E-03   5.8877308752E-03   6.5148534798E-03
   41      1.4534202425E-04  -1.1785544754E-03  -3.4491913010E-03   7.3899029253E-04  -7.8627459049E-03
   42      4.6556233399E-04  -1.9578525218E-04   5.8063203890E-05   1.2873809207E-04   2.9068648347E-03
   43     -1.1388991959E-03  -1.4078727280E-04  -5.4697377540E-04  -2.8320241945E-04  -2.0391445200E-04
   44      3.9396383981E-04   1.5354589231E-04  -1.2220850853E-04  -3.1755380120E-05  -8.2561677703E-04
   45     -1.5914215978E-03  -1.5306142826E-03  -2.3172594224E-03  -7.3642763607E-04  -8.7861822837E-03
   46     -3.1764477364E-03  -8.7123271374E-04   3.6929912734E-04   3.7625876201E-04   5.2663633930E-04
   47     -1.0634948227E-04   3.0639601688E-05   2.1112110098E-04  -7.2268688765E-05   2.3653155871E-03
                   10                 11                 12                 13                 14        
    0     -1.2284985484E-05  -6.6940880364E-04  -2.6488224375E-02  -3.3162318208E-02  -9.7361217267E-03
    1     -5.3157657374E-03   5.2309689851E-07  -1.0593350339E-02   2.6304953181E-03   6.1379928101E-04
    2      8.7308484639E-07  -1.2785626614E-04   3.2360159268E-03   1.0098391469E-02   4.6464653488E-03
    3     -1.7396535541E-02  -3.6461254967E-04  -4.8364912854E-04   1.1936040140E-03   2.7236354718E-04
    4     -1.4547237548E-02   3.4561377819E-03  -2.0092579234E-03   4.1140989362E-03   6.6689487473E-04
    5     -6.9254172051E-03   6.1506825111E-03  -2.4876809303E-05   2.0771629762E-03  -1.4485106667E-05
    6     -5.1005908130E-02  -3.5256585748E-02   1.2299496800E-02   8.4457953274E-03   8.0057397104E-03
    7     -1.4815464227E-01  -1.9853697175E-02  -8.5660514822E-03  -5.6033170132E-02  -8.1872208863E-03
    8     -4.2433962908E-02  -9.0392855993E-02   8.0198096218E-03   8.1720047491E-03   1.5956020383E-03
    9      1.6970757600E-04   9.7536909625E-02  -1.0568591885E-01   2.2159850034E-02  -3.1762118683E-02
   10      4.2838013985E-01  -8.3880576401E-05   5.0927473347E-02  -1.4828521746E-01   4.2491293171E-02
   11     -8.3880576401E-05   1.7890440516E-01  -3.5214433835E-02   1.9913880488E-02  -9.0397446465E-02
   12      5.0927473347E-02  -3.5214433835E-02   4.7324584679E-01   9.3052922767E-02   2.1812481495E-02
   13     -1.4828521746E-01   1.9913880488E-02   9.3052922767E-02   5.2064475656E-01   5.7042213277E-02
   14      4.2491293171E-02  -9.0397446465E-02   2.1812481495E-02   5.7042213277E-02   5.5130634031E-01
   15      1.7408714847E-02  -3.6977019570E-04  -1.6336635995E-01  -3.7744030843E-03   3.4619644386E-02
   16     -1.4650081457E-02  -3.4560542096E-03  -1.0600977414E-02  -7.9105819807E-02   2.1381146498E-05
   17      6.9541391817E-03   6.1508150689E-03   3.7020014923E-02  -3.3128314324E-03  -9.4284652698E-02
   18      1.0073621589E-06   2.0930361136E-04   5.4699311802E-04  -4.1002167197E-03  -2.1759359523E-03
   19      1.9635399810E-03  -1.3163028608E-07  -1.4183683111E-03  -6.7531057753E-03  -2.5507343326E-03
   20     -4.1035640881E-07  -9.9023004871E-05  -2.8712457718E-04  -2.0220046114E-03  -3.4677265355E-04
   21      3.4557200769E-07   6.2858457444E-04   1.0469978328E-03   7.8449842082E-04  -1.7890347717E-03
   22     -1.1734727058E-04  -5.6240903499E-07   1.6117956976E-03   9.9363045426E-04  -4.6867012758E-04
   23      3.1317333672E-07   7.5788558001E-05   9.7582804468E-04   6.1780129953E-04   2.7691391156E-05
   24      1.1087819576E-03  -1.9122881762E-03  -1.9554185599E-04  -5.8855136482E-05   1.2928362246E-04
   25      7.9713256611E-04   7.8570357715E-04   1.4026744795E-04  -5.4713624079E-04   2.8304436922E-04
   26      9.2958090111E-04   2.1451853643E-03   1.5379661909E-04   1.2187707708E-04  -3.1760249651E-05
   27     -3.7306243142E-03   2.7311883663E-03  -1.5248667876E-03   2.3205922910E-03  -7.3701760894E-04
   28      1.8169816942E-03   6.9568188107E-04   8.7478912984E-04   3.6338364551E-04  -3.7487352896E-04
   29      6.8541060841E-04   1.1877609855E-03   3.0244967754E-05  -2.1109255881E-04  -7.2306287170E-05
   30     -1.7205461656E-02   6.3197778531E-03  -1.1390513993E-03  -3.0813651709E-03  -1.1466682095E-03
   31     -3.5841592144E-02   8.5686234687E-03  -4.3041688137E-03  -1.9199313090E-03  -3.9437134154E-03
   32     -1.3614435938E-02   5.4350151586E-03  -8.9694520545E-04  -1.6218541817E-03  -6.0733350757E-04
   33     -9.7110536260E-03  -2.0379523480E-02  -8.6997952752E-04   2.6507022379E-03  -2.6234867220E-04
   34     -1.6387035255E-02  -3.4813290749E-02  -2.0752833238E-03   5.0358976680E-03  -5.8874307249E-03
   35     -1.5812031691E-02  -1.3900417311E-02  -1.1724934720E-03   3.4516449323E-03   7.3884058909E-04
   36      1.7124427863E-02   6.3046437156E-03  -1.2543148001E-01  -1.1052786674E-01  -5.3679354672E-02
   37     -3.5852727984E-02  -8.5799725822E-03  -1.0303286498E-01  -1.8735910334E-01  -7.0462706798E-02
   38      1.3602457274E-02   5.4347938871E-03  -5.4161840627E-02  -7.8068935734E-02  -8.8878776108E-02
   39      9.6824757791E-03  -2.0317848209E-02  -4.9783643558E-02  -3.0907208235E-03   1.5331925890E-02
   40     -1.6415355343E-02   3.4849126158E-02  -4.9283258818E-03  -4.9708971012E-02  -9.9968099129E-03
   41      1.5824911715E-02  -1.3899764178E-02   1.6218536964E-02  -8.4730002914E-03  -2.7298512973E-01
   42     -1.1125550191E-03  -1.9132456852E-03  -3.9460341609E-03   8.5049401768E-04   3.5919709770E-02
   43      7.9946348222E-04  -7.8269179350E-04   8.0853640105E-04  -1.3964720858E-03  -1.0003283657E-04
   44     -9.2798303505E-04   2.1452945065E-03   7.4995270387E-04   9.7509723204E-04  -1.2788715640E-02
   45      3.7495201744E-03   2.7303284795E-03  -8.2245849283E-03   2.6309648190E-02  -1.4814525540E-02
   46      1.8097448956E-03  -7.0058273430E-04   1.4050226127E-04  -2.6733354211E-03   9.1897268544E-04
   47     -6.8966999320E-04   1.1876220173E-03   3.5530106776E-03  -8.8257609319E-03   2.0924387691E-03
                   15                 16                 17                 18                 19        
    0     -1.0254480267E-01  -3.7787079915E-02  -1.4015606251E-02  -2.6691935740E-01   1.9208799876E-04
    1     -3.8486743204E-02  -1.4105789510E-01  -2.5869799194E-02   1.9278869623E-04  -4.5517207374E-02
    2     -1.4955915167E-02  -2.4920885962E-02  -9.0239738638E-02   8.6307230115E-02  -7.5097023369E-05
    3      1.1756632331E-02  -1.1416056634E-02   5.8065664898E-03  -1.4792122071E-02   2.7309797426E-02
    4      1.1335030159E-02  -3.4477185616E-02   7.7521244445E-03   3.6250291423E-04   1.4183626273E-04
    5      5.7935925892E-03  -7.7643306879E-03   4.4039600825E-03   5.6948084076E-03  -1.1295863082E-02
    6     -4.8186912403E-04   2.0184619881E-03  -2.8572190603E-05   5.5711348271E-04   1.4049791757E-03
    7     -1.1862614171E-03   4.1138805322E-03  -2.0770712454E-03   4.0875200900E-03  -6.7631139455E-03
    8      2.7147489370E-04  -6.6720191293E-04  -1.4581850580E-05  -2.1712768696E-03   2.5543775496E-03
    9     -2.1433178090E-02   4.0276160009E-02  -1.6491162433E-02   6.9341902291E-04   1.1468896367E-06
   10      1.7408714847E-02  -1.4650081457E-02   6.9541391817E-03   1.0073621589E-06   1.9635399810E-03
   11     -3.6977019570E-04  -3.4560542096E-03   6.1508150689E-03   2.0930361136E-04  -1.3163028608E-07
   12     -1.6336635995E-01  -1.0600977414E-02   3.7020014923E-02   5.4699311802E-04  -1.4183683111E-03
   13     -3.7744030843E-03  -7.9105819807E-02  -3.3128314324E-03  -4.1002167197E-03  -6.7531057753E-03
   14      3.4619644386E-02   2.1381146498E-05  -9.4284652698E-02  -2.1759359523E-03  -2.5507343326E-03
   15      4.5283371222E-01  -4.9461741752E-02   1.3577786620E-02  -1.4840560109E-02  -2.7282498515E-02
   16     -4.9461741752E-02   5.2863543865E-01  -3.3489473137E-02  -3.3609303234E-04   1.9062358644E-04
   17      1.3577786620E-02  -3.3489473137E-02   5.7024444504E-01   5.7151049578E-03   1.1286098307E-02
   18     -1.4840560109E-02  -3.3609303234E-04   5.7151049578E-03   2.9232893441E-01  -2.0818145600E-04
   19     -2.7282498515E-02   1.9062358644E-04   1.1286098307E-02  -2.0818145600E-04   5.3122716602E-02
   20     -1.1783083070E-02  -5.5293561347E-04   2.9717961163E-03  -9.2778493729E-02   8.0617960373E-05
   21     -1.9783454520E-03  -6.8611124259E-04  -1.6328731395E-02   2.0946813424E-03  -3.1467953435E-06
   22     -2.2169906604E-03  -2.5297780420E-03  -2.9837583404E-02  -2.4547098879E-06  -7.1663503603E-04
   23     -7.0640548583E-04  -1.3710249894E-03  -1.1582790241E-02  -8.7229075680E-04   1.0753193781E-06
   24      1.0206059692E-04  -1.0001935733E-03   4.6757512022E-04   3.5992768057E-04  -6.1631473369E-04
   25     -1.2920389410E-04   1.7299325324E-03   1.1381537292E-03  -2.7079968355E-04   1.1043615965E-03
   26      2.8334166370E-04  -7.0869885504E-04   3.9393623256E-04  -4.8364492151E-04   1.2417029633E-04
   27     -1.4654627573E-03   3.1260736442E-03  -1.5855239566E-03   6.3664773721E-04  -5.4070426866E-04
   28      4.6743883900E-03  -3.3214032633E-03   3.1791479704E-03   2.9827852117E-04   8.3210048227E-04
   29     -1.2855344746E-03   1.4319176999E-03  -1.0611218782E-04   1.9432705909E-04  -6.6897148092E-04
   30      7.8249071160E-05  -8.2110126970E-04  -7.7957646255E-05  -1.0491371739E-03   2.0182008663E-03
   31     -3.2052896716E-04  -2.7304302402E-04   2.6721213769E-04  -3.0374346444E-04   2.2915601839E-04
   32     -6.7583197964E-06  -1.6684318865E-04   3.1598871854E-05   3.0189111987E-04  -3.0037039066E-04
   33     -1.3152774558E-04  -5.3938524498E-05   1.6866709284E-04   2.1811721479E-04  -2.9774822773E-04
   34      3.2850019984E-04  -5.6226530212E-04   5.1640190498E-04  -2.9775501781E-05  -8.6891930793E-08
   35      8.3159265343E-05  -4.6089998586E-04   1.4537563447E-04   2.4285839603E-05   1.0830603983E-04
   36     -1.6101892213E-02  -2.4380158822E-02  -1.2576796016E-02  -1.0520493917E-03  -2.0158979496E-03
   37      1.6400136492E-04   3.6080528297E-03   5.6412517163E-04   3.0599956462E-04   2.3224156727E-04
   38      7.6261840638E-03   8.7238530023E-03   3.5868657039E-03   3.0243246595E-04   2.9988808178E-04
   39     -3.9414241001E-03   3.1144333651E-04   3.3234267141E-02   2.1879372605E-04   2.9745321620E-04
   40     -9.9860704046E-04   1.5079480553E-03  -2.3973823178E-03   2.9367786358E-05  -7.0496401154E-07
   41      1.1832851653E-03  -2.2658655821E-03  -1.2313182641E-02   2.4036461674E-05  -1.0853265294E-04
   42     -4.5414056891E-02   2.0316912833E-03   4.2342094182E-03   3.6143865990E-04   6.1770940036E-04
   43      1.0613458129E-03  -4.8829674015E-02  -1.3296079979E-02   2.7208282263E-04   1.1027554976E-03
   44      5.9045032178E-03  -1.4052447034E-02  -2.9580778815E-01  -4.8405206649E-04  -1.2342379229E-04
   45     -9.3071175122E-02   8.8901818908E-02  -3.9156558238E-02   6.3715975138E-04   5.4110340816E-04
   46      8.8762800771E-02  -2.1497873055E-01   7.8600903657E-02  -2.9790131337E-04   8.3152239253E-04
   47     -4.0198788788E-02   7.9721423513E-02  -8.3579946340E-02   1.9545531959E-04   6.6869380743E-04
                   20                 21                 22                 23                 24        
    0      8.7596172469E-02  -4.9757008101E-02   5.0136432391E-06  -1.1521012137E-02  -1.0788137546E-03
    1     -7.6447598434E-05   5.0431372233E-06  -4.4435834820E-02   1.5981612882E-05   1.9128044763E-03
    2     -8.1689472208E-02  -1.0844316697E-02   1.5508621313E-05  -2.8988667720E-01  -1.8542306717E-02
    3     -1.1780764162E-02  -1.9730659080E-03   2.2156577879E-03  -7.0362833591E-04  -4.5419616799E-02
    4      5.7378581261E-04   6.8581882466E-04  -2.5364069581E-03   1.3725896831E-03  -2.0385495443E-03
    5      2.9711755937E-03  -1.6275828415E-02   2.9866868960E-02  -1.1580968109E-02   4.2624773310E-03
    6     -2.8365517305E-04   1.0430667939E-03  -1.6118338739E-03   9.7422115699E-04  -3.9497959989E-03
    7      2.0224249207E-03  -7.8478037430E-04   9.9791037133E-04  -6.1903129524E-04  -8.4708382020E-04
    8     -3.4649129216E-04  -1.7880838655E-03   4.7178057235E-04   2.7739381623E-05   3.5920071733E-02
    9      5.1722794890E-04  -5.0153131828E-04   3.4379221184E-07  -5.5103789808E-04   2.9093068566E-03
   10     -4.1035640881E-07   3.4557200769E-07  -1.1734727058E-04   3.1317333672E-07   1.1087819576E-03
   11     -9.9023004871E-05   6.2858457444E-04  -5.6240903499E-07   7.5788558001E-05  -1.9122881762E-03
   12     -2.8712457718E-04   1.0469978328E-03   1.6117956976E-03   9.7582804468E-04  -1.9554185599E-04
   13     -2.0220046114E-03   7.8449842082E-04   9.9363045426E-04   6.1780129953E-04  -5.8855136482E-05
   14     -3.4677265355E-04  -1.7890347717E-03  -4.6867012758E-04   2.7691391156E-05   1.2928362246E-04
   15     -1.1783083070E-02  -1.9783454520E-03  -2.2169906604E-03  -7.0640548583E-04   1.0206059692E-04
   16     -5.5293561347E-04  -6.8611124259E-04  -2.5297780420E-03  -1.3710249894E-03  -1.0001935733E-03
   17      2.9717961163E-03  -1.6328731395E-02  -2.9837583404E-02  -1.1582790241E-02   4.6757512022E-04
   18     -9.2778493729E-02   2.0946813424E-03  -2.4547098879E-06  -8.7229075680E-04   3.5992768057E-04
   19      8.0617960373E-05  -3.1467953435E-06  -7.1663503603E-04   1.0753193781E-06  -6.1631473369E-04
   20      8.4802153790E-02   2.9853139036E-02  -2.6108827155E-05  -1.1338199990E-02  -1.1754944090E-04
   21      2.9853139036E-02   5.0874099807E-02   3.4183976523E-06   1.6033621247E-02  -9.9903777421E-04
   22     -2.6108827155E-05   3.4183976523E-06   5.4929314963E-02  -2.0634938258E-05   3.5891698903E-03
   23     -1.1338199990E-02   1.6033621247E-02  -2.0634938258E-05   3.1917300819E-01  -9.7771850065E-04
   24     -1.1754944090E-04  -9.9903777421E-04   3.5891698903E-03  -9.7771850065E-04   5.2996795245E-02
   25     -5.6432315808E-04   2.6486601540E-03  -4.3167195330E-03   1.9465045287E-03  -2.6693888057E-03
   26      6.0581695397E-04  -1.1559247644E-03   1.8004750659E-03   9.1288044001E-04  -7.4694075954E-03
   27      5.5796607902E-04   5.9787000088E-04  -6.8757829990E-04   5.7785875311E-05  -1.0034860711E-04
   28     -4.7585791072E-04  -3.6818080822E-04   8.6216478892E-04   4.8670304253E-04   1.3607742304E-03
   29      9.6469863892E-05   5.5744064169E-04  -1.2795648958E-04   6.3033578091E-04  -1.3925517708E-02
   30     -4.7151650627E-04   1.8851055556E-04  -3.2844310010E-04  -8.0600529723E-06   1.3817268546E-03
   31      6.5789955237E-05   9.6191919259E-06  -7.1610062670E-05   4.4018845423E-05   1.2852393084E-04
   32      4.4832831306E-04   3.0036642535E-04  -3.0239256380E-04   3.7992529070E-04  -4.2344698256E-04
   33     -4.9810183446E-04  -2.0692677224E-04   3.6549997775E-04  -8.8627308254E-04  -6.1821792732E-03
   34      6.1438582269E-05   6.2148031327E-05   2.2899128545E-04  -1.2484750521E-04  -9.3406514777E-04
   35      3.8669488004E-04   5.5568248663E-04  -8.2205504559E-04   6.1897719376E-04   2.1542598237E-03
   36     -4.7178925780E-04   1.8914121209E-04   3.2806656847E-04  -8.0052491987E-06   5.9372142181E-05
   37     -6.4973906952E-05  -1.0060495483E-05  -7.2148645356E-05  -4.4052978947E-05  -4.3075839252E-05
   38      4.4839832266E-04   3.0083563114E-04   3.0182013632E-04   3.8001803654E-04  -2.9366440677E-05
   39     -4.9809767953E-04  -2.0798341223E-04  -3.6470270461E-04  -8.8577128222E-04  -9.3672080066E-05
   40     -6.0584124810E-05  -6.1419348237E-05   2.2973644166E-04   1.2638375023E-04   1.7987569058E-04
   41      3.8677262222E-04   5.5691138322E-04   8.2105929905E-04   6.1932792343E-04  -9.0972935629E-05
   42     -1.1636671522E-04  -1.0102069970E-03  -3.5950007338E-03  -9.8130235283E-04   3.4447481341E-04
   43      5.6458350864E-04  -2.6545064282E-03  -4.3054817700E-03  -1.9449972452E-03   1.0323350718E-04
   44      6.0579900012E-04  -1.1592825377E-03  -1.7986066151E-03   9.1265377397E-04   3.9028270138E-04
   45      5.5885555160E-04   5.9973818985E-04   6.8810605107E-04   5.7017159185E-05  -1.3465804615E-04
   46      4.7490239151E-04   3.6858603908E-04   8.6021383336E-04  -4.8674887233E-04  -1.7413857123E-04
   47      9.6553693346E-05   5.5765267285E-04   1.2702433487E-04   6.3028958747E-04   1.5762107961E-04
                   25                 26                 27                 28                 29        
    0      1.4293976787E-05  -7.9246816901E-04   8.1880831248E-03  -1.2241370294E-02   5.0468688067E-03
    1     -3.1797442254E-03   9.4992456029E-04   1.4745917783E-02  -2.2208272742E-02   9.9341901623E-03
    2      2.8105576415E-02  -1.1091843703E-02   7.3336419723E-03  -1.0184583773E-02   2.7437559763E-03
    3     -1.0679956694E-03   5.9333912491E-03  -9.3385563620E-02  -8.8974078083E-02  -4.0345639157E-02
    4     -4.8825560339E-02   1.4053969168E-02  -8.9113650416E-02  -2.1465373702E-01  -7.9658052178E-02
    5      1.3300600415E-02  -2.9580685169E-01  -3.9301169181E-02  -7.8538849306E-02  -8.3589181343E-02
    6     -8.0384294844E-04   7.4894917673E-04  -8.2709958270E-03  -1.3010363275E-04   3.5690994688E-03
    7     -1.3933721016E-03  -9.7618380047E-04  -2.6299283407E-02  -2.6263501494E-03   8.8190323116E-03
    8      3.6849898612E-05  -1.2787655199E-02  -1.4817090444E-02  -8.9283383483E-04   2.0925814653E-03
    9      2.0037742890E-04  -8.2398426533E-04  -8.7936634252E-03  -5.0808678557E-04   2.3665358942E-03
   10      7.9713256611E-04   9.2958090111E-04  -3.7306243142E-03   1.8169816942E-03   6.8541060841E-04
   11      7.8570357715E-04   2.1451853643E-03   2.7311883663E-03   6.9568188107E-04   1.1877609855E-03
   12      1.4026744795E-04   1.5379661909E-04  -1.5248667876E-03   8.7478912984E-04   3.0244967754E-05
   13     -5.4713624079E-04   1.2187707708E-04   2.3205922910E-03   3.6338364551E-04  -2.1109255881E-04
   14      2.8304436922E-04  -3.1760249651E-05  -7.3701760894E-04  -3.7487352896E-04  -7.2306287170E-05
   15     -1.2920389410E-04   2.8334166370E-04  -1.4654627573E-03   4.6743883900E-03  -1.2855344746E-03
   16      1.7299325324E-03  -7.0869885504E-04   3.1260736442E-03  -3.3214032633E-03   1.4319176999E-03
   17      1.1381537292E-03   3.9393623256E-04  -1.5855239566E-03   3.1791479704E-03  -1.0611218782E-04
   18     -2.7079968355E-04  -4.8364492151E-04   6.3664773721E-04   2.9827852117E-04   1.9432705909E-04
   19      1.1043615965E-03   1.2417029633E-04  -5.4070426866E-04   8.3210048227E-04  -6.6897148092E-04
   20     -5.6432315808E-04   6.0581695397E-04   5.5796607902E-04  -4.7585791072E-04   9.6469863892E-05
   21      2.6486601540E-03  -1.1559247644E-03   5.9787000088E-04  -3.6818080822E-04   5.5744064169E-04
   22     -4.3167195330E-03   1.8004750659E-03  -6.8757829990E-04   8.6216478892E-04  -1.2795648958E-04
   23      1.9465045287E-03   9.1288044001E-04   5.7785875311E-05   4.8670304253E-04   6.3033578091E-04
   24     -2.6693888057E-03  -7.4694075954E-03  -1.0034860711E-04   1.3607742304E-03  -1.3925517708E-02
   25      5.1843635137E-02  -1.7569473103E-02   1.6821405523E-03   1.8082649015E-03  -2.5752328480E-02
   26     -1.7569473103E-02   3.2402274801E-01   7.3476357228E-04   1.0496465132E-03  -1.0573990775E-02
   27      1.6821405523E-03   7.3476357228E-04   1.0162240342E-01   9.6996298453E-02   4.4668652483E-02
   28      1.8082649015E-03   1.0496465132E-03   9.6996298453E-02   2.3768899762E-01   8.4852366600E-02
   29     -2.5752328480E-02  -1.0573990775E-02   4.4668652483E-02   8.4852366600E-02   8.6509745844E-02
   30     -4.6756341861E-05   3.7521022352E-04   5.1359879953E-04  -5.7305424175E-04  -4.3449360396E-04
   31      1.3221066569E-04  -2.7845133595E-04   8.4231433818E-04   2.2167426183E-04  -1.3437580607E-04
   32     -5.6380704863E-04   7.6522125269E-04  -6.3555134592E-04   1.2769454825E-04   2.3317569528E-04
   33      2.2362603925E-04   2.2276600546E-03   1.1396235225E-03  -2.4440501346E-04  -6.1402789750E-04
   34      1.0920332005E-03  -5.1070541290E-05   1.9269583199E-04   2.3694607048E-04   8.0602842900E-06
   35      1.9776371055E-04   8.3283285051E-04   7.5854267252E-04   4.4553989980E-04   1.3619363458E-04
   36     -9.2783291146E-05   5.1967290363E-05   1.9434903354E-04  -8.3883995644E-05  -4.8880146991E-05
   37      8.3650277384E-06   4.8463329746E-05  -2.5222801119E-04   9.7766008088E-05   1.1429652928E-05
   38      1.6422509463E-07  -6.1719484007E-06   6.3587628348E-05  -4.4329306128E-05  -3.9610303080E-05
   39      9.6956631407E-05  -1.2348458649E-04   1.7246700128E-04  -8.2779744840E-05  -4.2820173038E-06
   40     -7.0290660936E-05  -1.7137408059E-04  -2.7473272364E-04   1.4696829532E-05  -3.5958629784E-05
   41     -2.6990156348E-04  -6.8185523377E-05   1.5119655385E-04   1.2456276784E-04   1.4765545343E-06
   42     -1.0471527426E-04   3.9139198342E-04  -1.3467523369E-04   1.7482331149E-04   1.5837183882E-04
   43     -4.4993914646E-04   6.1938313889E-04  -1.7696658036E-04   2.6683800800E-04   4.1644911494E-04
   44     -6.2004010916E-04   3.9636485127E-04  -4.4627425875E-05  -1.9919536931E-05   2.9147706881E-04
   45      1.7766516669E-04  -4.4554444763E-05   6.1053361613E-04  -1.1833458186E-03   6.5596162810E-05
   46      2.6682661932E-04   1.9985349533E-05   1.1796715095E-03  -1.4000511389E-03   4.3586823794E-04
   47     -4.1671108893E-04   2.9147313248E-04   6.4892442182E-05  -4.3608507608E-04   4.5822802714E-04
                   30                 31                 32                 33                 34        
    0     -6.0553462146E-03  -7.9228512815E-04   1.6948044075E-03   2.0215777709E-03  -2.0430850149E-04
    1     -2.2991494381E-03   1.0935649619E-03   5.5169711793E-04  -1.0917064391E-03  -1.4164256070E-04
    2      3.4237475071E-03   1.7377140949E-04  -1.3068818086E-04   1.0363681100E-03  -9.5786898524E-04
    3     -1.6059439402E-02  -1.2913160125E-04   7.6105006351E-03  -3.9409986235E-03   1.0083873950E-03
    4      2.4415480854E-02   3.5655146363E-03  -8.7366689751E-03  -3.0194045448E-04   1.5064659988E-03
    5     -1.2577105770E-02  -5.4235480933E-04   3.5867762225E-03   3.3238695157E-02   2.3384023375E-03
    6     -1.2504964762E-01   1.0291997684E-01  -5.4024428596E-02  -4.9769941960E-02   4.9281435779E-03
    7      1.1041525709E-01  -1.8773983504E-01   7.8168187591E-02   3.0905401579E-03  -4.9723013104E-02
    8     -5.3555574136E-02   7.0560970827E-02  -8.8881116761E-02   1.5355591015E-02   9.9706823829E-03
    9      9.9938535477E-03   1.0417357487E-02   6.3278394996E-03  -3.0176468854E-04  -6.5424411844E-03
   10     -1.7205461656E-02  -3.5841592144E-02  -1.3614435938E-02  -9.7110536260E-03  -1.6387035255E-02
   11      6.3197778531E-03   8.5686234687E-03   5.4350151586E-03  -2.0379523480E-02  -3.4813290749E-02
   12     -1.1390513993E-03  -4.3041688137E-03  -8.9694520545E-04  -8.6997952752E-04  -2.0752833238E-03
   13     -3.0813651709E-03  -1.9199313090E-03  -1.6218541817E-03   2.6507022379E-03   5.0358976680E-03
   14     -1.1466682095E-03  -3.9437134154E-03  -6.0733350757E-04  -2.6234867220E-04  -5.8874307249E-03
   15      7.8249071160E-05  -3.2052896716E-04  -6.7583197964E-06  -1.3152774558E-04   3.2850019984E-04
   16     -8.2110126970E-04  -2.7304302402E-04  -1.6684318865E-04  -5.3938524498E-05  -5.6226530212E-04
   17     -7.7957646255E-05   2.6721213769E-04   3.1598871854E-05   1.6866709284E-04   5.1640190498E-04
   18     -1.0491371739E-03  -3.0374346444E-04   3.0189111987E-04   2.1811721479E-04  -2.9775501781E-05
   19      2.0182008663E-03   2.2915601839E-04  -3.0037039066E-04  -2.9774822773E-04  -8.6891930793E-08
   20     -4.7151650627E-04   6.5789955237E-05   4.4832831306E-04  -4.9810183446E-04   6.1438582269E-05
   21      1.8851055556E-04   9.6191919259E-06   3.0036642535E-04  -2.0692677224E-04   6.2148031327E-05
   22     -3.2844310010E-04  -7.1610062670E-05  -3.0239256380E-04   3.6549997775E-04   2.2899128545E-04
   23     -8.0600529723E-06   4.4018845423E-05   3.7992529070E-04  -8.8627308254E-04  -1.2484750521E-04
   24      1.3817268546E-03   1.2852393084E-04  -4.2344698256E-04  -6.1821792732E-03  -9.3406514777E-04
   25     -4.6756341861E-05   1.3221066569E-04  -5.6380704863E-04   2.2362603925E-04   1.0920332005E-03
   26      3.7521022352E-04  -2.7845133595E-04   7.6522125269E-04   2.2276600546E-03  -5.1070541290E-05
   27      5.1359879953E-04   8.4231433818E-04  -6.3555134592E-04   1.1396235225E-03   1.9269583199E-04
   28     -5.7305424175E-04   2.2167426183E-04   1.2769454825E-04  -2.4440501346E-04   2.3694607048E-04
   29     -4.3449360396E-04  -1.3437580607E-04   2.3317569528E-04  -6.1402789750E-04   8.0602842900E-06
   30      1.3464905945E-01  -1.1010028396E-01   5.6217347387E-02   1.9232914236E-03  -1.8535385334E-03
   31     -1.1010028396E-01   2.2012469839E-01  -7.5897565424E-02   5.7782030692E-04   1.7099678342E-03
   32      5.6217347387E-02  -7.5897565424E-02   8.8064727613E-02  -1.6709385027E-02   2.2989012863E-02
   33      1.9232914236E-03   5.7782030692E-04  -1.6709385027E-02   5.5795810982E-02   4.9385809585E-03
   34     -1.8535385334E-03   1.7099678342E-03   2.2989012863E-02   4.9385809585E-03   5.6438416831E-02
   35      1.7725055186E-03   6.7369406915E-04  -1.0360498231E-02  -1.3555812789E-02   3.4643944331E-03
   36      4.3452356493E-04   8.8608451395E-04   1.1418320869E-04  -6.4894439217E-05  -9.7497321520E-05
   37     -8.8938274487E-04  -1.4961605510E-03  -3.7054131450E-04   5.1705556995E-05   1.6016097674E-04
   38      1.1486582563E-04   3.7029298398E-04   5.0700327405E-04   9.8555005129E-05   3.5588981288E-04
   39     -6.4785587735E-05  -5.1304358157E-05   9.7895669124E-05   2.9083071357E-04   1.8033424308E-04
   40      9.7865099422E-05   1.6008411071E-04  -3.5601526227E-04  -1.7974620065E-04   4.6092280888E-04
   41      4.2307486687E-05   1.8179028480E-04   5.7365944410E-04   8.7912636892E-04   1.8273108460E-03
   42      5.9612270499E-05   4.2999868544E-05  -2.9367430972E-05  -9.4140660450E-05  -1.7982128328E-04
   43      9.2692431752E-05   8.1229429282E-06  -1.1542972369E-07  -9.6924999776E-05  -6.9827235078E-05
   44      5.1884739032E-05  -4.8554485584E-05  -6.1864627270E-06  -1.2317349371E-04   1.7160600778E-04
   45      1.9498186052E-04   2.5210898409E-04   6.3665715467E-05   1.7310206328E-04   2.7445123738E-04
   46      8.3680947099E-05   9.7178302729E-05   4.4207312107E-05   8.2477573050E-05   1.4067675758E-05
   47     -4.8881775541E-05  -1.1338421010E-05  -3.9607993681E-05  -4.2083364743E-06   3.5961103990E-05
                   35                 36                 37                 38                 39        
    0     -1.1058417143E-03  -6.0500400234E-03   8.0490675553E-04   1.6938821724E-03   2.0237237650E-03
    1      4.8609844187E-06   2.3114513283E-03   1.0883237096E-03  -5.5476802901E-04   1.0877328250E-03
    2      4.1065135309E-04   3.4238298556E-03  -1.7951991856E-04  -1.3083582996E-04   1.0380383750E-03
    3      1.1872578204E-03   8.0229881311E-05   3.1994073431E-04  -6.3905361352E-06  -1.3199480318E-04
    4      2.2638292438E-03   8.2052365865E-04  -2.7495428702E-04   1.6690199397E-04   5.3120739400E-05
    5     -1.2311882679E-02  -7.8386307215E-05  -2.6710266965E-04   3.1575533016E-05   1.6776612272E-04
    6      1.6239270830E-02  -1.1257578373E-03   4.3025524157E-03  -8.9399801453E-04  -8.7097970932E-04
    7      8.4455639492E-03   3.0802427172E-03  -1.9331983151E-03   1.6231681673E-03  -2.6402401979E-03
    8     -2.7298499225E-01  -1.1396250261E-03   3.9457952216E-03  -6.0732528336E-04  -2.5177430963E-04
    9     -7.8908394446E-03   1.0006027247E-02  -1.0498365016E-02   6.3517873527E-03  -2.7386622727E-04
   10     -1.5812031691E-02   1.7124427863E-02  -3.5852727984E-02   1.3602457274E-02   9.6824757791E-03
   11     -1.3900417311E-02   6.3046437156E-03  -8.5799725822E-03   5.4347938871E-03  -2.0317848209E-02
   12     -1.1724934720E-03  -1.2543148001E-01  -1.0303286498E-01  -5.4161840627E-02  -4.9783643558E-02
   13      3.4516449323E-03  -1.1052786674E-01  -1.8735910334E-01  -7.8068935734E-02  -3.0907208235E-03
   14      7.3884058909E-04  -5.3679354672E-02  -7.0462706798E-02  -8.8878776108E-02   1.5331925890E-02
   15      8.3159265343E-05  -1.6101892213E-02   1.6400136492E-04   7.6261840638E-03  -3.9414241001E-03
   16     -4.6089998586E-04  -2.4380158822E-02   3.6080528297E-03   8.7238530023E-03   3.1144333651E-04
   17      1.4537563447E-04  -1.2576796016E-02   5.6412517163E-04   3.5868657039E-03   3.3234267141E-02
   18      2.4285839603E-05  -1.0520493917E-03   3.0599956462E-04   3.0243246595E-04   2.1879372605E-04
   19      1.0830603983E-04  -2.0158979496E-03   2.3224156727E-04   2.9988808178E-04   2.9745321620E-04
   20      3.8669488004E-04  -4.7178925780E-04  -6.4973906952E-05   4.4839832266E-04  -4.9809767953E-04
   21      5.5568248663E-04   1.8914121209E-04  -1.0060495483E-05   3.0083563114E-04  -2.0798341223E-04
   22     -8.2205504559E-04   3.2806656847E-04  -7.2148645356E-05   3.0182013632E-04  -3.6470270461E-04
   23      6.1897719376E-04  -8.0052491987E-06  -4.4052978947E-05   3.8001803654E-04  -8.8577128222E-04
   24      2.1542598237E-03   5.9372142181E-05  -4.3075839252E-05  -2.9366440677E-05  -9.3672080066E-05
   25      1.9776371055E-04  -9.2783291146E-05   8.3650277384E-06   1.6422509463E-07   9.6956631407E-05
   26      8.3283285051E-04   5.1967290363E-05   4.8463329746E-05  -6.1719484007E-06  -1.2348458649E-04
   27      7.5854267252E-04   1.9434903354E-04  -2.5222801119E-04   6.3587628348E-05   1.7246700128E-04
   28      4.4553989980E-04  -8.3883995644E-05   9.7766008088E-05  -4.4329306128E-05  -8.2779744840E-05
   29      1.3619363458E-04  -4.8880146991E-05   1.1429652928E-05  -3.9610303080E-05  -4.2820173038E-06
   30      1.7725055186E-03   4.3452356493E-04  -8.8938274487E-04   1.1486582563E-04  -6.4785587735E-05
   31      6.7369406915E-04   8.8608451395E-04  -1.4961605510E-03   3.7029298398E-04  -5.1304358157E-05
   32     -1.0360498231E-02   1.1418320869E-04  -3.7054131450E-04   5.0700327405E-04   9.7895669124E-05
   33     -1.3555812789E-02  -6.4894439217E-05   5.1705556995E-05   9.8555005129E-05   2.9083071357E-04
   34      3.4643944331E-03  -9.7497321520E-05   1.6016097674E-04   3.5588981288E-04   1.8033424308E-04
   35      3.0489695758E-01   4.2047951556E-05  -1.8187604661E-04   5.7367545852E-04   8.7569036907E-04
   36      4.2047951556E-05   1.3504239714E-01   1.1025296378E-01   5.6350908083E-02   1.9252380217E-03
   37     -1.8187604661E-04   1.1025296378E-01   2.1973130367E-01   7.5794976884E-02  -5.7815709399E-04
   38      5.7367545852E-04   5.6350908083E-02   7.5794976884E-02   8.8062319039E-02  -1.6750443058E-02
