
$orca_hessian_file

$act_atom
  0

$act_coord
  0

$act_energy
        0.000000

$multiplicity
  1

$hessian
45
                    0                  1                  2                  3                  4        
    0      4.5030155327E-01   7.0646943586E-02  -1.8061886648E-02  -1.6369126235E-01  -5.5022699349E-03
    1      7.0646943586E-02   5.3123545137E-01  -4.1754614539E-02   7.4457425447E-03  -7.7601190834E-02
    2     -1.8061886648E-02  -4.1754614539E-02   5.9527615644E-01  -3.9005845331E-02  -3.2297475089E-03
    3     -1.6369126235E-01   7.4457425447E-03  -3.9005845331E-02   4.6678341217E-01  -9.1673419486E-02
    4     -5.5022699349E-03  -7.7601190834E-02  -3.2297475089E-03  -9.1673419486E-02   5.1012812674E-01
    5     -3.9180051368E-02   4.1261852394E-04  -9.8762447730E-02  -1.4466503998E-02   6.6029838979E-02
    6     -2.2888161699E-02  -4.2064752970E-02   1.6333710138E-02  -1.0562377473E-01  -1.8323215100E-02
    7     -1.5217540301E-02  -1.7611209117E-02   5.3963718498E-03  -4.8029649331E-02  -1.3386997181E-01
    8     -4.2239022883E-04  -3.3086702472E-03   6.0779257127E-03   3.3300755700E-02   1.4972239886E-02
    9     -1.3109992671E-03  -2.0102943817E-03  -2.7488944828E-04   1.4223288467E-02  -8.9795247502E-03
   10     -2.6669132827E-03   7.7797736719E-03  -7.0967381051E-04   9.1219838088E-03  -5.4958629130E-02
   11     -7.9980019142E-04  -7.4177450673E-04   3.0007348037E-06  -7.5281125867E-03   7.4748593004E-03
   12      9.0562854455E-03   1.4000209091E-02  -7.8039777049E-03  -1.3189049850E-03   2.6494790236E-03
   13     -1.3887038728E-02  -4.5553543403E-02   5.1241813852E-03   1.9918530452E-03   7.7882528433E-03
   14     -7.7931493292E-03  -5.1415146532E-03   6.4123848455E-03  -2.7613470801E-04   7.0875356656E-04
   15     -9.6997798424E-02   2.0361596809E-02   1.1813513786E-02  -2.5013667290E-02   4.0406818589E-02
   16      5.9600037400E-02  -1.3960488510E-01  -4.8969950896E-03   1.5944699099E-02  -1.3152222650E-02
   17      4.1615331751E-02  -2.5151897593E-02  -1.0179612319E-01  -1.2218516921E-03   5.0440626650E-03
   18     -1.0350077418E-01  -9.6724643155E-02   4.4900546650E-02  -9.8002315639E-03  -2.6053850145E-02
   19     -9.2157841368E-02  -2.0693264466E-01   7.6268564770E-02  -2.1985925898E-03  -1.5205580661E-03
   20      4.4947205957E-02   8.0742259022E-02  -8.6545820043E-02  -5.4912989503E-03  -8.4338194576E-03
   21     -4.6767505952E-02  -2.2434428091E-03  -1.1886623806E-02  -4.4506078324E-03   4.9601642518E-05
   22     -2.4107869321E-03  -4.8699838026E-02  -4.3595414463E-03  -1.4968554423E-03  -2.6739039553E-04
   23     -1.1403572162E-02  -9.0160221162E-03  -2.9606284446E-01  -9.4242259471E-04   2.0372674143E-03
   24     -4.1571348111E-03  -3.9705082557E-04  -3.4460525540E-02  -4.8913277940E-02   3.9137132791E-03
   25      1.6318479318E-03   9.0974265670E-04  -2.0796289188E-03   5.0118017000E-03  -4.8392462561E-02
   26      1.4455612067E-04  -3.2053371616E-03  -1.3098126928E-02  -1.8246119547E-02  -6.7065233164E-03
   27     -1.1267072297E-02   2.4836400595E-02   1.4340061465E-02  -1.1907216415E-01   1.0700578118E-01
   28      1.0456334307E-03   1.9658054615E-03  -1.6538278953E-04   9.9047086796E-02  -1.9086741360E-01
   29     -6.0330006536E-03   8.1455465175E-03   3.4445837258E-03   5.2483387169E-02  -8.1375109381E-02
   30     -1.2179050269E-04   1.6975930679E-05  -2.2476712889E-04  -9.5334527804E-04  -2.7419309902E-03
   31     -2.8508187527E-04  -6.7640583542E-04   3.9107551260E-04   2.0888813169E-03   4.7212951399E-03
   32      2.4583784503E-04  -7.8792688607E-04   1.4116528442E-04   9.0349237851E-04   3.2324388125E-03
   33     -7.5475867799E-04   2.0406521674E-03   6.4107018657E-04  -1.5133148793E-03   3.0728984591E-03
   34      7.8506197747E-04  -5.6303314930E-04   3.8560064787E-04   4.2734530203E-03  -1.8770824698E-03
   35      4.4356321774E-05  -1.6611471608E-04   8.4468558721E-05   1.0836065460E-03  -1.7394224731E-03
   36     -1.5643229540E-03  -3.2399941484E-03   1.6469465787E-03  -1.1687064431E-03  -2.6002014033E-03
   37     -4.0041805211E-03  -2.9970381883E-03   4.1565210079E-03  -1.0586586294E-03  -3.7560835290E-04
   38      1.0405370183E-03   1.8031974487E-03  -3.8530248132E-04  -8.4127809489E-05  -7.8442066525E-05
   39     -6.2835755415E-05   1.3160022405E-03  -1.6602990724E-04  -1.4123603869E-04  -9.2509554923E-07
   40     -1.4625860492E-04   1.9527657930E-03   2.4002047122E-03   1.0025147635E-04  -7.0799466973E-04
   41     -2.0058380994E-04  -1.1255450419E-03   1.8019832107E-04  -9.1923734073E-06   3.5952321893E-04
   42     -6.2734218438E-03   5.9088296097E-03   2.2241330852E-02   6.5379283988E-04  -1.1146859699E-03
   43      2.6752129369E-03  -3.6037506489E-03  -3.6908140711E-02  -6.7684662652E-04   9.5284981156E-04
   44     -4.1760247615E-03  -7.2299912208E-04  -1.4969218788E-02  -5.1973872093E-04   1.6939581520E-03
                    5                  6                  7                  8                  9        
    0     -3.9180051368E-02  -2.2888161699E-02  -1.5217540301E-02  -4.2239022883E-04  -1.3109992671E-03
    1      4.1261852394E-04  -4.2064752970E-02  -1.7611209117E-02  -3.3086702472E-03  -2.0102943817E-03
    2     -9.8762447730E-02   1.6333710138E-02   5.3963718498E-03   6.0779257127E-03  -2.7488944828E-04
    3     -1.4466503998E-02  -1.0562377473E-01  -4.8029649331E-02   3.3300755700E-02   1.4223288467E-02
    4      6.6029838979E-02  -1.8323215100E-02  -1.3386997181E-01   1.4972239886E-02  -8.9795247502E-03
    5      5.5765823011E-01   2.8854297879E-02   3.4910880624E-02  -8.6947338045E-02  -7.5121853906E-03
    6      2.8854297879E-02   2.3935927794E-01  -1.6298634363E-04  -9.1955152587E-02  -1.0577051175E-01
    7      3.4910880624E-02  -1.6298634363E-04   3.9564289200E-01  -9.5610423451E-05   4.8088451114E-02
    8     -8.6947338045E-02  -9.1955152587E-02  -9.5610423451E-05   1.7098391512E-01   3.3336109344E-02
    9     -7.5121853906E-03  -1.0577051175E-01   4.8088451114E-02   3.3336109344E-02   4.6640546258E-01
   10     -7.4912009943E-03   1.8381883528E-02  -1.3372905830E-01  -1.4904541290E-02   9.1577682492E-02
   11      2.0002307801E-03   2.8927458415E-02  -3.4846805045E-02  -8.6941551603E-02  -1.4333050709E-02
   12     -8.0111608713E-04  -2.3004599525E-02   1.5207639394E-02  -4.2814603512E-04  -1.6367962662E-01
   13      7.3980564439E-04   4.2052460599E-02  -1.7493379459E-02   3.3080613649E-03  -7.6198546893E-03
   14      3.1820046910E-06   1.6344973459E-02  -5.3626839567E-03   6.0777626771E-03  -3.9007289127E-02
   15      1.3487054937E-02   1.1400583758E-02   9.7538120030E-06   2.2036014821E-04  -2.4897680714E-02
   16     -4.1457677556E-03   9.4699350526E-06   2.1233454057E-03   2.8326471326E-07  -1.5968340864E-02
   17      4.5126278080E-03  -4.9025384140E-04  -5.2182197377E-07   6.3393803102E-05  -1.2120774260E-03
   18      1.4907876383E-02  -8.8178105699E-03  -3.5351810963E-03  -2.6605035633E-03  -1.1762363968E-03
   19      1.4826150483E-03  -2.0388563758E-04   2.1711579036E-03  -5.0541263242E-04   1.0568905197E-03
   20      2.6708430299E-03  -2.2028350705E-03  -5.1495163043E-04   1.2673904359E-03  -8.4364306795E-05
   21     -3.5538801164E-02   2.9789919540E-03   1.0580678004E-03   2.0398255927E-03  -1.4103611439E-04
   22      1.4551901865E-04   4.3136865427E-04   7.6942916319E-04  -7.9555778173E-04  -9.9139456715E-05
   23     -1.3147170638E-02   9.4712396462E-04  -9.0438563852E-04   2.1442984486E-03  -8.3960750269E-06
   24     -1.6989966104E-02  -7.5920370340E-04  -1.0399721203E-02   2.0819897333E-02  -9.5477614861E-04
   25     -7.0471429567E-03  -6.5862233846E-03  -1.6219616710E-02   3.3716899826E-02  -2.1008157082E-03
   26     -2.7843836662E-01   7.9493528257E-03   1.5715794470E-02  -1.3043146608E-02   9.0968487694E-04
   27      5.2279370310E-02   1.0211807635E-02  -1.7956345712E-02  -6.7588235910E-03  -1.4980058667E-03
   28     -7.4573182897E-02   9.6442038256E-03  -3.3924663469E-02  -8.4254263886E-03  -4.2726892603E-03
   29     -9.1102528023E-02  -6.1207966517E-03   1.2876458192E-02   5.3232482437E-03   1.0797663539E-03
   30      2.6993594398E-04  -7.9381039050E-04   1.0432242868E-02   2.0890014640E-02  -4.8895002673E-02
   31     -5.5158125035E-03   6.6176089751E-03  -1.6184951231E-02  -3.3673692370E-02  -5.0122935364E-03
   32      3.0108480496E-04   7.9819592392E-03  -1.5700402960E-02  -1.3043444639E-02  -1.8263151336E-02
   33      1.2746745838E-03   1.0194788125E-02   1.8048502859E-02  -6.7765625488E-03  -1.1864293398E-01
   34     -3.7929125740E-03  -9.5524947140E-03  -3.3908172142E-02   8.4111337950E-03  -9.8895316092E-02
   35     -5.5283643273E-04  -6.0943193393E-03  -1.2889607150E-02   5.3234432165E-03   5.2315215882E-02
   36      7.8959107669E-04  -8.8253170696E-03   3.5125410253E-03  -2.6615283680E-03  -9.8587718796E-03
   37     -4.0781994219E-04   1.8088658729E-04   2.1785046851E-03   5.0000238219E-04   2.1809033863E-03
   38     -4.2800828736E-05  -2.2038204229E-03   5.1017715469E-04   1.2676058267E-03  -5.5091522488E-03
   39     -2.4119121321E-04   2.9821926641E-03  -1.0535467027E-03   2.0382905235E-03  -4.4540357132E-03
   40      1.1443656479E-04  -4.2675318248E-04   7.6634421159E-04   7.9960163863E-04   1.4877692469E-03
   41     -1.0127716190E-04   9.4564627129E-04   9.0637719336E-04   2.1444419611E-03  -9.3887276107E-04
   42      2.8871207292E-03  -6.4445263456E-04   1.5204396522E-07  -9.7526830170E-04   6.5086608313E-04
   43     -8.5175257173E-04   4.8999865630E-08  -7.1065114043E-04  -1.0280463969E-06   6.7630283357E-04
   44      1.9485669382E-03   7.7577766580E-04   6.2616411243E-07  -6.9794455408E-04  -5.1568968008E-04
                   10                 11                 12                 13                 14        
    0     -2.6669132827E-03  -7.9980019142E-04   9.0562854455E-03  -1.3887038728E-02  -7.7931493292E-03
    1      7.7797736719E-03  -7.4177450673E-04   1.4000209091E-02  -4.5553543403E-02  -5.1415146532E-03
    2     -7.0967381051E-04   3.0007348037E-06  -7.8039777049E-03   5.1241813852E-03   6.4123848455E-03
    3      9.1219838088E-03  -7.5281125867E-03  -1.3189049850E-03   1.9918530452E-03  -2.7613470801E-04
    4     -5.4958629130E-02   7.4748593004E-03   2.6494790236E-03   7.7882528433E-03   7.0875356656E-04
    5     -7.4912009943E-03   2.0002307801E-03  -8.0111608713E-04   7.3980564439E-04   3.1820046910E-06
    6      1.8381883528E-02   2.8927458415E-02  -2.3004599525E-02   4.2052460599E-02   1.6344973459E-02
    7     -1.3372905830E-01  -3.4846805045E-02   1.5207639394E-02  -1.7493379459E-02  -5.3626839567E-03
    8     -1.4904541290E-02  -8.6941551603E-02  -4.2814603512E-04   3.3080613649E-03   6.0777626771E-03
    9      9.1577682492E-02  -1.4333050709E-02  -1.6367962662E-01  -7.6198546893E-03  -3.9007289127E-02
   10      5.1050626529E-01  -6.6065648084E-02   5.3271894465E-03  -7.7606653304E-02   3.1519823766E-03
   11     -6.6065648084E-02   5.5765215267E-01  -3.9175019002E-02  -4.9085708057E-04  -9.8760868405E-02
   12      5.3271894465E-03  -3.9175019002E-02   4.5058617294E-01  -7.0816069687E-02  -1.8160050160E-02
   13     -7.7606653304E-02  -4.9085708057E-04  -7.0816069687E-02   5.3094533838E-01   4.1713866268E-02
   14      3.1519823766E-03  -9.8760868405E-02  -1.8160050160E-02   4.1713866268E-02   5.9527608086E-01
   15     -4.0432844759E-02   1.3478085252E-02  -9.6831169776E-02  -2.0274481910E-02   1.1807046052E-02
   16     -1.3268220287E-02   4.1734545489E-03  -5.9516081479E-02  -1.3977185503E-01   4.9238462394E-03
   17     -5.0470430286E-03   4.5127305133E-03   4.1565559793E-02   2.5239451559E-02  -1.0179537926E-01
   18      2.5985592141E-03   7.8878629007E-04  -1.5793156228E-03   3.2427506415E-03   1.6556920135E-03
   19     -3.6783357430E-04   4.0942456885E-04   4.0071950520E-03  -2.9819267363E-03  -4.1529762015E-03
   20      7.8370836389E-05  -4.2725361617E-05   1.0444843334E-03  -1.8011162390E-03  -3.8544357506E-04
   21      2.1592428587E-06  -2.4092504157E-04  -6.0359710388E-05  -1.3202642923E-03  -1.6090641912E-04
   22     -7.0820211268E-04  -1.1490288559E-04   1.4193787380E-04   1.9504311573E-03  -2.4004455176E-03
   23     -3.5950855511E-04  -1.0122320048E-04  -2.0271360148E-04   1.1251041174E-03   1.8019502145E-04
   24      2.7297223288E-03   2.5798933495E-04  -1.2237711919E-04  -1.5753840978E-05  -2.2393799883E-04
   25      4.7226179826E-03   5.5162675366E-03   2.8612712648E-04  -6.7584988163E-04  -3.9151988581E-04
   26     -3.2301041758E-03   3.0112716328E-04   2.4412550405E-04   7.8854721368E-04   1.4104817818E-04
   27     -3.0723746849E-03   1.2666242424E-03  -7.4911544462E-04  -2.0411899728E-03   6.4182521104E-04
   28     -1.8926010549E-03   3.7955797548E-03  -7.8557190738E-04  -5.6877909217E-04  -3.8423332346E-04
   29      1.7415761711E-03  -5.5282935568E-04   4.4006268325E-05   1.6633190037E-04   8.4399742168E-05
   30     -3.9143705362E-03  -1.7007584489E-02  -4.1546373680E-03   3.8627839777E-04  -3.4464618271E-02
   31     -4.8410832176E-02   7.0112154785E-03  -1.6427667241E-03   9.0706560641E-04   2.0077820193E-03
   32      6.6680216097E-03  -2.7843780585E-01   1.3836939323E-04   3.2054336179E-03  -1.3097170195E-02
   33     -1.0685469759E-01   5.2125665278E-02  -1.1213194281E-02  -2.4863711072E-02   1.4339388289E-02
   34     -1.9129741986E-01   7.4684758002E-02  -1.0738711235E-03   1.9119724107E-03   1.9479138335E-04
   35      8.1486599546E-02  -9.1104289440E-02  -6.0155843124E-03  -8.1577396042E-03   3.4446151591E-03
   36      2.6035907541E-02   1.4911268417E-02  -1.0389641513E-01   9.6939438429E-02   4.5061283576E-02
   37     -1.4614505778E-03  -1.4518233780E-03   9.2372339395E-02  -2.0653899777E-01  -7.6177662443E-02
   38      8.4226546176E-03   2.6707969230E-03   4.5117235670E-02  -8.0651671917E-02  -8.6548674486E-02
   39     -5.8396236509E-05  -3.5538339119E-02  -4.6777255260E-02   2.2478992632E-03  -1.1896222779E-02
   40     -2.6431298483E-04  -2.1925165974E-04   2.4152235327E-03  -4.8690094163E-02   4.3372305460E-03
   41     -2.0392423785E-03  -1.3146997196E-02  -1.1422331907E-02   8.9950897333E-03  -2.9606403283E-01
   42      1.1147786299E-03   2.8852959619E-03  -6.2554875362E-03  -5.9148232120E-03   2.2164507881E-02
   43      9.5655641998E-04   8.5786358329E-04  -2.6804719853E-03  -3.6219815615E-03   3.6954069613E-02
   44     -1.6946029733E-03   1.9482516258E-03  -4.1772498394E-03   7.1422600483E-04  -1.4968099735E-02
                   15                 16                 17                 18                 19        
    0     -9.6997798424E-02   5.9600037400E-02   4.1615331751E-02  -1.0350077418E-01  -9.2157841368E-02
    1      2.0361596809E-02  -1.3960488510E-01  -2.5151897593E-02  -9.6724643155E-02  -2.0693264466E-01
    2      1.1813513786E-02  -4.8969950896E-03  -1.0179612319E-01   4.4900546650E-02   7.6268564770E-02
    3     -2.5013667290E-02   1.5944699099E-02  -1.2218516921E-03  -9.8002315639E-03  -2.1985925898E-03
    4      4.0406818589E-02  -1.3152222650E-02   5.0440626650E-03  -2.6053850145E-02  -1.5205580661E-03
    5      1.3487054937E-02  -4.1457677556E-03   4.5126278080E-03   1.4907876383E-02   1.4826150483E-03
    6      1.1400583758E-02   9.4699350526E-06  -4.9025384140E-04  -8.8178105699E-03  -2.0388563758E-04
    7      9.7538120030E-06   2.1233454057E-03  -5.2182197377E-07  -3.5351810963E-03   2.1711579036E-03
    8      2.2036014821E-04   2.8326471326E-07   6.3393803102E-05  -2.6605035633E-03  -5.0541263242E-04
    9     -2.4897680714E-02  -1.5968340864E-02  -1.2120774260E-03  -1.1762363968E-03   1.0568905197E-03
   10     -4.0432844759E-02  -1.3268220287E-02  -5.0470430286E-03   2.5985592141E-03  -3.6783357430E-04
   11      1.3478085252E-02   4.1734545489E-03   4.5127305133E-03   7.8878629007E-04   4.0942456885E-04
   12     -9.6831169776E-02  -5.9516081479E-02   4.1565559793E-02  -1.5793156228E-03   4.0071950520E-03
   13     -2.0274481910E-02  -1.3977185503E-01   2.5239451559E-02   3.2427506415E-03  -2.9819267363E-03
   14      1.1807046052E-02   4.9238462394E-03  -1.0179537926E-01   1.6556920135E-03  -4.1529762015E-03
   15      2.4660399607E-01  -1.7817580835E-04  -7.0026306192E-02   9.5163427592E-03  -8.6332716966E-03
   16     -1.7817580835E-04   4.2176189392E-01  -7.6505874053E-05   1.7659158814E-02  -2.7873452909E-02
   17     -7.0026306192E-02  -7.6505874053E-05   6.0060586941E-01  -9.0112793152E-03   1.1023510895E-02
   18      9.5163427592E-03   1.7659158814E-02  -9.0112793152E-03   1.1147153503E-01   9.9953508612E-02
   19     -8.6332716966E-03  -2.7873452909E-02   1.1023510895E-02   9.9953508612E-02   2.3563147604E-01
   20     -4.4885911498E-03  -1.1048394409E-02   4.4020611779E-03  -4.8616386178E-02  -8.3318331753E-02
   21     -2.1733599194E-03   3.7960764317E-03   2.1416573438E-02   6.3969672361E-04   8.8996855689E-04
   22      4.3169505882E-03  -5.7907476549E-03  -3.1043979852E-02   2.0704444160E-03   2.1915920709E-03
   23      4.9434223203E-03  -4.9744000539E-03  -1.1455324389E-02  -1.2123538621E-03  -6.0206062131E-04
   24      2.8161746199E-03  -1.6244494385E-03   3.5655215950E-04   1.2310260219E-03  -1.2888466381E-04
   25     -5.1125415659E-04   3.9611112069E-04   1.1756573688E-03   1.9179079697E-04   1.9221158139E-04
   26      7.5426785459E-04   4.4245180480E-04   2.1829883682E-03  -8.8224938155E-04  -3.7870623029E-04
   27     -8.6283808213E-03   2.1794185258E-03  -2.6201519878E-03   3.1119589524E-04  -8.2352345587E-04
   28     -1.8520661504E-04   1.6486623910E-03   2.8416344180E-05   8.9874864845E-04   5.8939238572E-05
   29     -1.6478266228E-03   1.3211585881E-04   9.6642303936E-04   5.1747524939E-04  -2.3140858326E-04
   30      2.8113436554E-03   1.6293974601E-03   3.5917322618E-04   1.7427715102E-04  -7.1357203214E-05
   31      5.1620598060E-04   4.0058425382E-04  -1.1747648503E-03  -2.7108979143E-04   3.4818488586E-05
   32      7.5483351009E-04  -4.4091860360E-04   2.1826856524E-03  -1.9138805581E-04  -9.0320632193E-05
   33     -8.6242216680E-03  -2.2005161773E-03  -2.6200384600E-03   2.2687994562E-04  -1.9127538626E-04
   34      1.6405800454E-04   1.6445396471E-03  -3.3732828645E-05  -2.5428734161E-04   1.6608634804E-04
   35     -1.6476160286E-03  -1.3563184555E-04   9.6625858651E-04  -4.9768539369E-05   4.7403936308E-05
   36      9.5352024698E-03  -1.7581670296E-02  -8.9884714956E-03   6.1747447345E-04  -1.1313094708E-03
   37      8.7112325355E-03  -2.7891797429E-02  -1.1043027746E-02   1.1353647799E-03  -1.3019005640E-03
   38     -4.5114090557E-03   1.1038633827E-02   4.4020879122E-03  -8.3545258391E-05   3.5630530917E-04
   39     -2.1565197238E-03  -3.7887740759E-03   2.1351846961E-02  -9.2133029753E-05   1.5751151566E-04
   40     -4.3094591461E-03  -5.8081576134E-03   3.1088664442E-02  -1.3385191112E-04   2.9455874977E-04
   41      4.9331439758E-03   4.9845966940E-03  -1.1454633226E-02  -7.4129308478E-06   6.6838597947E-05
   42     -1.7360844997E-02   3.9158364631E-05  -3.0465359381E-02   7.7807336930E-04  -5.8596765694E-04
   43      3.8669880782E-05  -5.4813798071E-02  -2.8381808995E-05  -7.1658760887E-04   2.3747608523E-04
   44      2.0120773675E-02   2.3323523709E-05  -3.9829566621E-01  -6.3042806735E-05  -3.3605693617E-04
                   20                 21                 22                 23                 24        
    0      4.4947205957E-02  -4.6767505952E-02  -2.4107869321E-03  -1.1403572162E-02  -4.1571348111E-03
    1      8.0742259022E-02  -2.2434428091E-03  -4.8699838026E-02  -9.0160221162E-03  -3.9705082557E-04
    2     -8.6545820043E-02  -1.1886623806E-02  -4.3595414463E-03  -2.9606284446E-01  -3.4460525540E-02
    3     -5.4912989503E-03  -4.4506078324E-03  -1.4968554423E-03  -9.4242259471E-04  -4.8913277940E-02
    4     -8.4338194576E-03   4.9601642518E-05  -2.6739039553E-04   2.0372674143E-03   3.9137132791E-03
    5      2.6708430299E-03  -3.5538801164E-02   1.4551901865E-04  -1.3147170638E-02  -1.6989966104E-02
    6     -2.2028350705E-03   2.9789919540E-03   4.3136865427E-04   9.4712396462E-04  -7.5920370340E-04
    7     -5.1495163043E-04   1.0580678004E-03   7.6942916319E-04  -9.0438563852E-04  -1.0399721203E-02
    8      1.2673904359E-03   2.0398255927E-03  -7.9555778173E-04   2.1442984486E-03   2.0819897333E-02
    9     -8.4364306795E-05  -1.4103611439E-04  -9.9139456715E-05  -8.3960750269E-06  -9.5477614861E-04
   10      7.8370836389E-05   2.1592428587E-06  -7.0820211268E-04  -3.5950855511E-04   2.7297223288E-03
   11     -4.2725361617E-05  -2.4092504157E-04  -1.1490288559E-04  -1.0122320048E-04   2.5798933495E-04
   12      1.0444843334E-03  -6.0359710388E-05   1.4193787380E-04  -2.0271360148E-04  -1.2237711919E-04
   13     -1.8011162390E-03  -1.3202642923E-03   1.9504311573E-03   1.1251041174E-03  -1.5753840978E-05
   14     -3.8544357506E-04  -1.6090641912E-04  -2.4004455176E-03   1.8019502145E-04  -2.2393799883E-04
   15     -4.4885911498E-03  -2.1733599194E-03   4.3169505882E-03   4.9434223203E-03   2.8161746199E-03
   16     -1.1048394409E-02   3.7960764317E-03  -5.7907476549E-03  -4.9744000539E-03  -1.6244494385E-03
   17      4.4020611779E-03   2.1416573438E-02  -3.1043979852E-02  -1.1455324389E-02   3.5655215950E-04
   18     -4.8616386178E-02   6.3969672361E-04   2.0704444160E-03  -1.2123538621E-03   1.2310260219E-03
   19     -8.3318331753E-02   8.8996855689E-04   2.1915920709E-03  -6.0206062131E-04  -1.2888466381E-04
   20      8.6469868412E-02   1.4517864971E-02   2.4592640718E-02  -9.5767603494E-03   7.0593413992E-04
   21      1.4517864971E-02   5.5057597579E-02  -5.5076271802E-03   1.0844784327E-02  -6.1283371866E-03
   22      2.4592640718E-02  -5.5076271802E-03   5.4596357654E-02   1.5180862547E-02   4.7416428492E-04
   23     -9.5767603494E-03   1.0844784327E-02   1.5180862547E-02   3.2490385092E-01  -2.1345922249E-03
   24      7.0593413992E-04  -6.1283371866E-03   4.7416428492E-04  -2.1345922249E-03   5.4912304338E-02
   25     -1.4934051948E-04  -7.8926086706E-04   1.1594751513E-03   1.6869389043E-04   4.7777852034E-03
   26      2.4941791108E-04  -2.1575526747E-03  -1.7026466862E-04   8.1064629471E-04   1.5327033364E-02
   27      4.5014889218E-04   1.2774419479E-03  -4.4357075983E-05  -5.4053428870E-04   2.0653895919E-03
   28      2.3004070903E-04   1.4727348129E-04   8.2528862361E-05   2.0671093453E-04   3.9293696486E-04
   29      2.4995839036E-04   4.8308036291E-04   4.1878570482E-04   5.1331073309E-04   1.6163971621E-02
   30      3.0244407846E-05  -8.9790840203E-05   1.3213480289E-04   9.0836453416E-05   3.0606400425E-04
   31      1.8836616915E-05   1.7331931319E-04  -1.1247446545E-04   1.9787643512E-04  -2.2772161383E-04
   32      3.0370233902E-05   9.5694195781E-05   3.1076526978E-04  -1.1658541595E-04  -8.8498418166E-04
   33      1.3538090818E-05   1.2013633003E-04  -1.8046330774E-04  -8.0160856574E-05  -1.1707426427E-05
   34      7.7836267166E-06  -6.4918963275E-05   2.9868693596E-05  -5.5267035637E-05   3.4101673671E-05
   35     -3.6948204057E-05   1.9319541150E-05   3.4657637986E-05   1.4868525093E-05  -1.8424170243E-04
   36     -8.2845679854E-05  -9.2111114983E-05   1.3305476567E-04  -7.2355332267E-06   1.7356647626E-04
   37     -3.5651005249E-04  -1.5829174715E-04   2.9452661461E-04  -6.6878029927E-05   7.1636482438E-05
   38      4.5328837987E-04  -1.4488015726E-04   2.4884787475E-04   4.1949231078E-04   3.0278707314E-05
   39     -1.4433919040E-04   3.5154184574E-04  -7.2441356794E-05  -3.9726339669E-04  -8.9172631481E-05
   40     -2.4913199379E-04   7.3652535435E-05  -2.5578120466E-04  -7.2482431211E-04  -1.3206352856E-04
   41      4.1951706404E-04  -3.9897038336E-04   7.2400618876E-04   3.9490041528E-04   9.1253256695E-05
   42     -5.9120696068E-04  -5.2229770951E-04   2.1081832414E-03   6.6143986315E-05  -3.6853808474E-04
   43      1.6227499176E-04   3.8971189794E-03  -5.2397755080E-03  -2.1288093229E-03   5.3381859349E-04
   44      3.7498249902E-04   1.1484507622E-03  -2.8557524594E-03   1.0783457880E-03   1.1547030539E-03
                   25                 26                 27                 28                 29        
    0      1.6318479318E-03   1.4455612067E-04  -1.1267072297E-02   1.0456334307E-03  -6.0330006536E-03
    1      9.0974265670E-04  -3.2053371616E-03   2.4836400595E-02   1.9658054615E-03   8.1455465175E-03
    2     -2.0796289188E-03  -1.3098126928E-02   1.4340061465E-02  -1.6538278953E-04   3.4445837258E-03
    3      5.0118017000E-03  -1.8246119547E-02  -1.1907216415E-01   9.9047086796E-02   5.2483387169E-02
    4     -4.8392462561E-02  -6.7065233164E-03   1.0700578118E-01  -1.9086741360E-01  -8.1375109381E-02
    5     -7.0471429567E-03  -2.7843836662E-01   5.2279370310E-02  -7.4573182897E-02  -9.1102528023E-02
    6     -6.5862233846E-03   7.9493528257E-03   1.0211807635E-02   9.6442038256E-03  -6.1207966517E-03
    7     -1.6219616710E-02   1.5715794470E-02  -1.7956345712E-02  -3.3924663469E-02   1.2876458192E-02
    8      3.3716899826E-02  -1.3043146608E-02  -6.7588235910E-03  -8.4254263886E-03   5.3232482437E-03
    9     -2.1008157082E-03   9.0968487694E-04  -1.4980058667E-03  -4.2726892603E-03   1.0797663539E-03
   10      4.7226179826E-03  -3.2301041758E-03  -3.0723746849E-03  -1.8926010549E-03   1.7415761711E-03
   11      5.5162675366E-03   3.0112716328E-04   1.2666242424E-03   3.7955797548E-03  -5.5282935568E-04
   12      2.8612712648E-04   2.4412550405E-04  -7.4911544462E-04  -7.8557190738E-04   4.4006268325E-05
   13     -6.7584988163E-04   7.8854721368E-04  -2.0411899728E-03  -5.6877909217E-04   1.6633190037E-04
   14     -3.9151988581E-04   1.4104817818E-04   6.4182521104E-04  -3.8423332346E-04   8.4399742168E-05
   15     -5.1125415659E-04   7.5426785459E-04  -8.6283808213E-03  -1.8520661504E-04  -1.6478266228E-03
   16      3.9611112069E-04   4.4245180480E-04   2.1794185258E-03   1.6486623910E-03   1.3211585881E-04
   17      1.1756573688E-03   2.1829883682E-03  -2.6201519878E-03   2.8416344180E-05   9.6642303936E-04
   18      1.9179079697E-04  -8.8224938155E-04   3.1119589524E-04   8.9874864845E-04   5.1747524939E-04
   19      1.9221158139E-04  -3.7870623029E-04  -8.2352345587E-04   5.8939238572E-05  -2.3140858326E-04
   20     -1.4934051948E-04   2.4941791108E-04   4.5014889218E-04   2.3004070903E-04   2.4995839036E-04
   21     -7.8926086706E-04  -2.1575526747E-03   1.2774419479E-03   1.4727348129E-04   4.8308036291E-04
   22      1.1594751513E-03  -1.7026466862E-04  -4.4357075983E-05   8.2528862361E-05   4.1878570482E-04
   23      1.6869389043E-04   8.1064629471E-04  -5.4053428870E-04   2.0671093453E-04   5.1331073309E-04
   24      4.7777852034E-03   1.5327033364E-02   2.0653895919E-03   3.9293696486E-04   1.6163971621E-02
   25      5.5303232349E-02  -5.8197383096E-03  -2.2804704352E-03   1.9985771517E-03  -2.2826235592E-02
   26     -5.8197383096E-03   3.0938979302E-01  -2.2536498452E-03  -2.6821831514E-04  -1.0114694233E-02
   27     -2.2804704352E-03  -2.2536498452E-03   1.2616592714E-01  -1.0713433357E-01  -5.5928095624E-02
   28      1.9985771517E-03  -2.6821831514E-04  -1.0713433357E-01   2.2249398701E-01   8.0043411793E-02
   29     -2.2826235592E-02  -1.0114694233E-02  -5.5928095624E-02   8.0043411793E-02   8.9929917502E-02
   30      2.2717879080E-04  -8.8901437112E-04  -1.1972354837E-05  -3.4365293789E-05  -1.8510844962E-04
   31      3.6518857092E-04   1.6795613632E-03   1.2410123193E-04   1.3280800462E-04   3.8059505376E-04
   32     -1.6812130702E-03   9.1399841682E-04  -4.7247283231E-05  -2.2323115666E-04   5.0662602886E-04
   33     -1.2438213716E-04  -4.7790396685E-05   5.4985390456E-04   1.0145004529E-03  -9.0409676533E-05
   34      1.3262891408E-04   2.2309760107E-04  -1.0107118810E-03  -1.2448483480E-03   3.4766507848E-04
   35     -3.8094897533E-04   5.0663125947E-04  -8.9699806857E-05  -3.4788497226E-04   4.8097496345E-04
   36      2.7137728922E-04  -1.9156439393E-04   2.2590714059E-04   2.5439696990E-04  -4.9661997971E-05
   37      3.5531041906E-05   8.9933424169E-05   1.9144709116E-04   1.6699231558E-04  -4.7516438439E-05
   38     -1.8773495632E-05   3.0379434979E-05   1.3575327658E-05  -7.7754337862E-06  -3.6942120253E-05
   39     -1.7325835448E-04   9.6341132230E-05   1.1965089617E-04   6.5097247726E-05   1.9386532650E-05
   40     -1.1310630489E-04  -3.1056827585E-04   1.8066435603E-04   3.0363715852E-05  -3.4626395597E-05
   41     -1.9768374603E-04  -1.1655892556E-04  -8.0275224417E-05   5.5109290503E-05   1.4879439785E-05
   42      1.6552250823E-04  -7.8678628722E-04   2.9953678188E-04  -5.1659641202E-06  -7.3583869050E-04
   43      1.8571893733E-04   1.0271293854E-03  -2.4705139987E-04  -8.0358582460E-05   3.2467817408E-04
   44      1.3765203987E-04   2.8486326264E-04  -6.7346298702E-04  -2.6201604001E-05   2.9267192240E-04
                   30                 31                 32                 33                 34        
    0     -1.2179050269E-04  -2.8508187527E-04   2.4583784503E-04  -7.5475867799E-04   7.8506197747E-04
    1      1.6975930679E-05  -6.7640583542E-04  -7.8792688607E-04   2.0406521674E-03  -5.6303314930E-04
    2     -2.2476712889E-04   3.9107551260E-04   1.4116528442E-04   6.4107018657E-04   3.8560064787E-04
    3     -9.5334527804E-04   2.0888813169E-03   9.0349237851E-04  -1.5133148793E-03   4.2734530203E-03
    4     -2.7419309902E-03   4.7212951399E-03   3.2324388125E-03   3.0728984591E-03  -1.8770824698E-03
    5      2.6993594398E-04  -5.5158125035E-03   3.0108480496E-04   1.2746745838E-03  -3.7929125740E-03
    6     -7.9381039050E-04   6.6176089751E-03   7.9819592392E-03   1.0194788125E-02  -9.5524947140E-03
    7      1.0432242868E-02  -1.6184951231E-02  -1.5700402960E-02   1.8048502859E-02  -3.3908172142E-02
    8      2.0890014640E-02  -3.3673692370E-02  -1.3043444639E-02  -6.7765625488E-03   8.4111337950E-03
    9     -4.8895002673E-02  -5.0122935364E-03  -1.8263151336E-02  -1.1864293398E-01  -9.8895316092E-02
   10     -3.9143705362E-03  -4.8410832176E-02   6.6680216097E-03  -1.0685469759E-01  -1.9129741986E-01
   11     -1.7007584489E-02   7.0112154785E-03  -2.7843780585E-01   5.2125665278E-02   7.4684758002E-02
   12     -4.1546373680E-03  -1.6427667241E-03   1.3836939323E-04  -1.1213194281E-02  -1.0738711235E-03
   13      3.8627839777E-04   9.0706560641E-04   3.2054336179E-03  -2.4863711072E-02   1.9119724107E-03
   14     -3.4464618271E-02   2.0077820193E-03  -1.3097170195E-02   1.4339388289E-02   1.9479138335E-04
   15      2.8113436554E-03   5.1620598060E-04   7.5483351009E-04  -8.6242216680E-03   1.6405800454E-04
   16      1.6293974601E-03   4.0058425382E-04  -4.4091860360E-04  -2.2005161773E-03   1.6445396471E-03
   17      3.5917322618E-04  -1.1747648503E-03   2.1826856524E-03  -2.6200384600E-03  -3.3732828645E-05
   18      1.7427715102E-04  -2.7108979143E-04  -1.9138805581E-04   2.2687994562E-04  -2.5428734161E-04
   19     -7.1357203214E-05   3.4818488586E-05  -9.0320632193E-05  -1.9127538626E-04   1.6608634804E-04
   20      3.0244407846E-05   1.8836616915E-05   3.0370233902E-05   1.3538090818E-05   7.7836267166E-06
   21     -8.9790840203E-05   1.7331931319E-04   9.5694195781E-05   1.2013633003E-04  -6.4918963275E-05
   22      1.3213480289E-04  -1.1247446545E-04   3.1076526978E-04  -1.8046330774E-04   2.9868693596E-05
   23      9.0836453416E-05   1.9787643512E-04  -1.1658541595E-04  -8.0160856574E-05  -5.5267035637E-05
   24      3.0606400425E-04  -2.2772161383E-04  -8.8498418166E-04  -1.1707426427E-05   3.4101673671E-05
   25      2.2717879080E-04   3.6518857092E-04  -1.6812130702E-03  -1.2438213716E-04   1.3262891408E-04
   26     -8.8901437112E-04   1.6795613632E-03   9.1399841682E-04  -4.7790396685E-05   2.2309760107E-04
   27     -1.1972354837E-05   1.2410123193E-04  -4.7247283231E-05   5.4985390456E-04  -1.0107118810E-03
   28     -3.4365293789E-05   1.3280800462E-04  -2.2323115666E-04   1.0145004529E-03  -1.2448483480E-03
   29     -1.8510844962E-04   3.8059505376E-04   5.0662602886E-04  -9.0409676533E-05   3.4766507848E-04
   30      5.4931917918E-02  -4.7781738427E-03   1.5317780747E-02   2.0615075175E-03  -3.9282441752E-04
   31     -4.7781738427E-03   5.5283856688E-02   5.8525209695E-03   2.2808248051E-03   2.0025541738E-03
   32      1.5317780747E-02   5.8525209695E-03   3.0938916895E-01  -2.2545365292E-03   2.6332145246E-04
   33      2.0615075175E-03   2.2808248051E-03  -2.2545365292E-03   1.2571888535E-01   1.0693186909E-01
   34     -3.9282441752E-04   2.0025541738E-03   2.6332145246E-04   1.0693186909E-01   2.2294187232E-01
   35      1.6116166749E-02   2.2859781040E-02  -1.0114984711E-02  -5.5762641067E-02  -8.0161919961E-02
   36      1.2310956871E-03  -1.8962252626E-04  -8.8320477970E-04   3.1143877448E-04  -8.9813435616E-04
   37      1.3117410798E-04   1.9211599398E-04   3.7718350815E-04   8.2406400736E-04   5.8534966438E-05
   38      7.0563203896E-04   1.5088555104E-04   2.4959797526E-04   4.5056886293E-04  -2.2922164024E-04
   39     -6.1289613540E-03   7.7414947214E-04  -2.1577689939E-03   1.2777389416E-03  -1.4465102104E-04
   40     -4.8926068968E-04   1.1600663534E-03   1.6578807574E-04   4.6770928813E-05   8.2352375812E-05
   41     -2.1341685952E-03  -1.7301067941E-04   8.1070532305E-04  -5.3982628502E-04  -2.0751622768E-04
   42     -3.6689517219E-04  -1.6650961835E-04  -7.8510409782E-04   2.9890202388E-04   5.8990072876E-06
   43     -5.3493095172E-04   1.8431043400E-04  -1.0288974123E-03   2.4773002846E-04  -7.9853874543E-05
   44      1.1548950472E-03  -1.3541223155E-04   2.8458813741E-04  -6.7335028369E-04   2.4792910775E-05
                   35                 36                 37                 38                 39        
    0      4.4356321774E-05  -1.5643229540E-03  -4.0041805211E-03   1.0405370183E-03  -6.2835755415E-05
    1     -1.6611471608E-04  -3.2399941484E-03  -2.9970381883E-03   1.8031974487E-03   1.3160022405E-03
    2      8.4468558721E-05   1.6469465787E-03   4.1565210079E-03  -3.8530248132E-04  -1.6602990724E-04
    3      1.0836065460E-03  -1.1687064431E-03  -1.0586586294E-03  -8.4127809489E-05  -1.4123603869E-04
    4     -1.7394224731E-03  -2.6002014033E-03  -3.7560835290E-04  -7.8442066525E-05  -9.2509554923E-07
    5     -5.5283643273E-04   7.8959107669E-04  -4.0781994219E-04  -4.2800828736E-05  -2.4119121321E-04
    6     -6.0943193393E-03  -8.8253170696E-03   1.8088658729E-04  -2.2038204229E-03   2.9821926641E-03
    7     -1.2889607150E-02   3.5125410253E-03   2.1785046851E-03   5.1017715469E-04  -1.0535467027E-03
    8      5.3234432165E-03  -2.6615283680E-03   5.0000238219E-04   1.2676058267E-03   2.0382905235E-03
    9      5.2315215882E-02  -9.8587718796E-03   2.1809033863E-03  -5.5091522488E-03  -4.4540357132E-03
   10      8.1486599546E-02   2.6035907541E-02  -1.4614505778E-03   8.4226546176E-03  -5.8396236509E-05
   11     -9.1104289440E-02   1.4911268417E-02  -1.4518233780E-03   2.6707969230E-03  -3.5538339119E-02
   12     -6.0155843124E-03  -1.0389641513E-01   9.2372339395E-02   4.5117235670E-02  -4.6777255260E-02
   13     -8.1577396042E-03   9.6939438429E-02  -2.0653899777E-01  -8.0651671917E-02   2.2478992632E-03
   14      3.4446151591E-03   4.5061283576E-02  -7.6177662443E-02  -8.6548674486E-02  -1.1896222779E-02
   15     -1.6476160286E-03   9.5352024698E-03   8.7112325355E-03  -4.5114090557E-03  -2.1565197238E-03
   16     -1.3563184555E-04  -1.7581670296E-02  -2.7891797429E-02   1.1038633827E-02  -3.7887740759E-03
   17      9.6625858651E-04  -8.9884714956E-03  -1.1043027746E-02   4.4020879122E-03   2.1351846961E-02
   18     -4.9768539369E-05   6.1747447345E-04   1.1353647799E-03  -8.3545258391E-05  -9.2133029753E-05
   19      4.7403936308E-05  -1.1313094708E-03  -1.3019005640E-03   3.5630530917E-04   1.5751151566E-04
   20     -3.6948204057E-05  -8.2845679854E-05  -3.5651005249E-04   4.5328837987E-04  -1.4433919040E-04
   21      1.9319541150E-05  -9.2111114983E-05  -1.5829174715E-04  -1.4488015726E-04   3.5154184574E-04
   22      3.4657637986E-05   1.3305476567E-04   2.9452661461E-04   2.4884787475E-04  -7.2441356794E-05
   23      1.4868525093E-05  -7.2355332267E-06  -6.6878029927E-05   4.1949231078E-04  -3.9726339669E-04
   24     -1.8424170243E-04   1.7356647626E-04   7.1636482438E-05   3.0278707314E-05  -8.9172631481E-05
   25     -3.8094897533E-04   2.7137728922E-04   3.5531041906E-05  -1.8773495632E-05  -1.7325835448E-04
   26      5.0663125947E-04  -1.9156439393E-04   8.9933424169E-05   3.0379434979E-05   9.6341132230E-05
   27     -8.9699806857E-05   2.2590714059E-04   1.9144709116E-04   1.3575327658E-05   1.1965089617E-04
   28     -3.4788497226E-04   2.5439696990E-04   1.6699231558E-04  -7.7754337862E-06   6.5097247726E-05
   29      4.8097496345E-04  -4.9661997971E-05  -4.7516438439E-05  -3.6942120253E-05   1.9386532650E-05
   30      1.6116166749E-02   1.2310956871E-03   1.3117410798E-04   7.0563203896E-04  -6.1289613540E-03
   31      2.2859781040E-02  -1.8962252626E-04   1.9211599398E-04   1.5088555104E-04   7.7414947214E-04
   32     -1.0114984711E-02  -8.8320477970E-04   3.7718350815E-04   2.4959797526E-04  -2.1577689939E-03
   33     -5.5762641067E-02   3.1143877448E-04   8.2406400736E-04   4.5056886293E-04   1.2777389416E-03
   34     -8.0161919961E-02  -8.9813435616E-04   5.8534966438E-05  -2.2922164024E-04  -1.4465102104E-04
   35      8.9931981358E-02   5.1695553569E-04   2.3246127668E-04   2.4997545528E-04   4.8392776417E-04
   36      5.1695553569E-04   1.1188971784E-01  -1.0021075101E-01  -4.8791675187E-02   6.4601364700E-04
   37      2.3246127668E-04  -1.0021075101E-01   2.3521468695E-01   8.3220232250E-02  -8.9344545387E-04
   38      2.4997545528E-04  -4.8791675187E-02   8.3220232250E-02   8.6472711197E-02   1.4569128416E-02
   39      4.8392776417E-04   6.4601364700E-04  -8.9344545387E-04   1.4569128416E-02   5.5034802652E-02
   40     -4.1778847331E-04  -2.0736663419E-03   2.1857328108E-03  -2.4562220227E-02   5.5086893223E-03
   41      5.1323683372E-04  -1.2136305260E-03   5.9963633442E-04  -9.5771333630E-03   1.0876704314E-02
   42     -7.3526673193E-04   7.7522808368E-04   5.8717655682E-04  -5.9083204828E-04  -5.0979113974E-04
   43     -3.2621949504E-04   7.1773597402E-04   2.4016750002E-04  -1.6358027236E-04  -3.8872461302E-03
   44      2.9260487174E-04  -6.3741076024E-05   3.3601886705E-04   3.7491786378E-04   1.1424213837E-03
                   40                 41                 42                 43                 44        
    0     -1.4625860492E-04  -2.0058380994E-04  -6.2734218438E-03   2.6752129369E-03  -4.1760247615E-03
    1      1.9527657930E-03  -1.1255450419E-03   5.9088296097E-03  -3.6037506489E-03  -7.2299912208E-04
    2      2.4002047122E-03   1.8019832107E-04   2.2241330852E-02  -3.6908140711E-02  -1.4969218788E-02
    3      1.0025147635E-04  -9.1923734073E-06   6.5379283988E-04  -6.7684662652E-04  -5.1973872093E-04
    4     -7.0799466973E-04   3.5952321893E-04  -1.1146859699E-03   9.5284981156E-04   1.6939581520E-03
    5      1.1443656479E-04  -1.0127716190E-04   2.8871207292E-03  -8.5175257173E-04   1.9485669382E-03
    6     -4.2675318248E-04   9.4564627129E-04  -6.4445263456E-04   4.8999865630E-08   7.7577766580E-04
    7      7.6634421159E-04   9.0637719336E-04   1.5204396522E-07  -7.1065114043E-04   6.2616411243E-07
    8      7.9960163863E-04   2.1444419611E-03  -9.7526830170E-04  -1.0280463969E-06  -6.9794455408E-04
    9      1.4877692469E-03  -9.3887276107E-04   6.5086608313E-04   6.7630283357E-04  -5.1568968008E-04
   10     -2.6431298483E-04  -2.0392423785E-03   1.1147786299E-03   9.5655641998E-04  -1.6946029733E-03
   11     -2.1925165974E-04  -1.3146997196E-02   2.8852959619E-03   8.5786358329E-04   1.9482516258E-03
   12      2.4152235327E-03  -1.1422331907E-02  -6.2554875362E-03  -2.6804719853E-03  -4.1772498394E-03
   13     -4.8690094163E-02   8.9950897333E-03  -5.9148232120E-03  -3.6219815615E-03   7.1422600483E-04
